# n	x	y	z
1.000000000000000	0.261027627880413	-0.373453850470641	-0.024228830884431
1.000000000000000	0.285316176727888	-0.355460988067939	-0.021752116144977
1.000000000000000	0.308404765797957	-0.335963711746701	-0.019183070881652
1.000000000000000	0.330200425491408	-0.315040530157231	-0.016532039733004
1.000000000000000	0.350615392379298	-0.292775693567082	-0.013809697465803
1.000000000000000	0.369567462595305	-0.269258854614968	-0.011027005991525
1.000000000000000	0.386980322841685	-0.244584707311226	-0.008195170226604
1.000000000000000	0.402783857675985	-0.218852605738464	-0.005325592974187
1.000000000000000	0.416914431841186	-0.192166163987729	-0.002429829009068
1.000000000000000	0.429315146502425	-0.164632838941138	0.000480461449305
1.000000000000000	0.439936068358514	-0.136363497580938	0.003393559688427
1.000000000000000	0.448734430705728	-0.107471970567299	0.006297735689847
1.000000000000000	0.455674805644222	-0.078074593882421	0.009181295361820
1.000000000000000	0.460729246733679	-0.048289740386592	0.012032627627280
1.000000000000000	0.463877401523768	-0.018237343172462	0.014840251177554
1.000000000000000	0.465106593506269	0.011961587363194	0.017592860703539
1.000000000000000	0.464411873158904	0.042185450785634	0.020279372418190
1.000000000000000	0.461796037875316	0.072312546264179	0.022888968687020
1.000000000000000	0.457269620700948	0.102221562618509	0.025411141586894
1.000000000000000	0.450850847920191	0.131792066795964	0.027835735217730
1.000000000000000	0.442565565665567	0.160904988812949	0.030152986596723
1.000000000000000	0.432447135844477	0.189443101207724	0.032353564970428
1.000000000000000	0.420536301802573	0.217291491074025	0.034428609386414
1.000000000000000	0.406881024264689	0.244338022774777	0.036369764373193
1.000000000000000	0.391536288213922	0.270473789472724	0.038169213584751
1.000000000000000	0.374563881486522	0.295593551659831	0.039819711274218
1.000000000000000	0.356032145974074	0.319596160919633	0.041314611469932
1.000000000000000	0.336015702434826	0.342384967216212	0.042647894736419
1.000000000000000	0.314595150022232	0.363868208069780	0.043814192412539
1.000000000000000	0.291856741740606	0.383959378051795	0.044808808229189
1.000000000000000	0.267892037134720	0.402577577111793	0.045627737219519
1.000000000000000	0.242797533611828	0.419647836333336	0.046267681845519
1.000000000000000	0.216674277880668	0.435101419807381	0.046726065276046
1.000000000000000	0.189627459072029	0.448876101407524	0.047001041762808
1.000000000000000	0.161765985179247	0.460916415352649	0.047091504072545
1.000000000000000	0.133202044524156	0.471173879548054	0.046997087945463
1.000000000000000	0.104050654014307	0.479607190805730	0.046718173561983
1.000000000000000	0.074429196010483	0.486182391157729	0.046255884011885
1.000000000000000	0.044456945669357	0.490873004592908	0.045612080772026
1.000000000000000	0.014254590664532	0.493660143666487	0.044789356210826
1.000000000000000	-0.016056254780120	0.494532585553120	0.043791023149718
1.000000000000000	-0.046353539588017	0.493486817237253	0.042621101523584
1.000000000000000	-0.076515267286475	0.490527049658796	0.041284302193894
1.000000000000000	-0.106419987243448	0.485665200757156	0.039786007979735
1.000000000000000	-0.135947283706351	0.478920847481900	0.038132251983094
1.000000000000000	-0.164978260673806	0.470321146963291	0.036329693295687
1.000000000000000	-0.193396020647867	0.459900727160107	0.034385590185145
1.000000000000000	-0.221086135338988	0.447701547425072	0.032307770868535
1.000000000000000	-0.247937106428363	0.433772729549355	0.030104601990893
1.000000000000000	-0.273840814532297	0.418170359966452	0.027784954935694
1.000000000000000	-0.298692954560808	0.400957263911914	0.025358170102924
1.000000000000000	-0.322393455717409	0.382202752448298	0.022834019298586
1.000000000000000	-0.344846884448888	0.361982343373981	0.020222666387087
1.000000000000000	-0.365962828722540	0.340377457139636	0.017534626364938
1.000000000000000	-0.385656262083515	0.317475088996820	0.014780723020584
1.000000000000000	-0.403847886026345	0.293367458698795	0.011972045350819
1.000000000000000	-0.420464449302031	0.268151639164134	0.009119902909313
1.000000000000000	-0.435439042874975	0.241929165598337	0.006235780267033
1.000000000000000	-0.448711369342048	0.214805626647394	0.003331290767926
1.000000000000000	-0.460227985728951	0.186890239229577	0.000418129766083
1.000000000000000	-0.469942518686214	0.158295408757455	-0.002491972467323
1.000000000000000	-0.477815851218301	0.129136276520972	-0.005387297977701
1.000000000000000	-0.483816280193948	0.099530256054111	-0.008256188311108
1.000000000000000	-0.487919644003486	0.069596560352031	-0.011087091458727
1.000000000000000	-0.490109419849109	0.039455721842413	-0.013868608372733
1.000000000000000	-0.490376790276355	0.009229107043914	-0.016589538866233
1.000000000000000	-0.488720678678881	-0.020961572133968	-0.019238926712464
1.000000000000000	-0.485147753633574	-0.050994748481794	-0.021806103761655
1.000000000000000	-0.479672402048552	-0.080749488998436	-0.024280732897898
1.000000000000000	-0.472316671232155	-0.110105981845583	-0.026652849663066
1.000000000000000	-0.463110180116221	-0.138946018787731	-0.028912902380169
1.000000000000000	-0.452089999991102	-0.167153471175025	-0.031051790614588
1.000000000000000	-0.439300505232656	-0.194614757552345	-0.033060901818309
1.000000000000000	-0.424793194622304	-0.221219301011741	-0.034932146009619
1.000000000000000	-0.408626483979609	-0.246859974446609	-0.036657988348603
1.000000000000000	-0.390865470942389	-0.271433531914743	-0.038231479477286
1.000000000000000	-0.371581672841506	-0.294841024373302	-0.039646283502249
1.000000000000000	-0.350852738725816	-0.316988198111685	-0.040896703507029
1.000000000000000	-0.328762136696855	-0.337785874277955	-0.041977704491594
1.000000000000000	-0.305398817812252	-0.357150307970599	-0.042884933646512
1.000000000000000	-0.280856857911219	-0.375003525449694	-0.043614737880177
1.000000000000000	-0.255235078804345	-0.391273638109633	-0.044164178528520
1.000000000000000	-0.228636650353047	-0.405895131949170	-0.044531043187972
1.000000000000000	-0.201168675040947	-0.418809131373178	-0.044713854624031
1.000000000000000	-0.172941756709978	-0.429963636263891	-0.044711876719568
1.000000000000000	-0.144069555197742	-0.439313731367029	-0.044525117438904
1.000000000000000	-0.114668328669466	-0.446821767149669	-0.044154328795748
1.000000000000000	-0.084856465487401	-0.452457511401628	-0.043601003825099
1.000000000000000	-0.054754007502668	-0.456198270969905	-0.042867370571320
1.000000000000000	-0.024482166689097	-0.458028983135995	-0.041956383116593
1.000000000000000	0.005837162934613	-0.457942276268145	-0.040871709685871
1.000000000000000	0.036081896129086	-0.455938499504309	-0.039617717876231
1.000000000000000	0.066130248028438	-0.452025721346293	-0.038199457070101
1.000000000000000	0.095861224524949	-0.446219697170751	-0.036622638103182
1.000000000000000	0.125155109469630	-0.438543805787836	-0.034893610268925
1.000000000000000	0.153893946726903	-0.429028955302990	-0.033019335752169
1.000000000000000	0.181962015142327	-0.417713458660908	-0.031007361594879
1.000000000000000	0.209246294510842	-0.404642879372833	-0.028865789306873
1.000000000000000	0.235636920669248	-0.389869848048379	-0.026603242243900
1.000000000000000	0.261027627880412	-0.373453850470641	-0.024228830884431


2.000000000000000	0.200251292902674	-0.843983104664283	0.025762417180384
2.000000000000000	0.256662836132893	-0.828731584985331	0.024335061987502
2.000000000000000	0.311989761431213	-0.809927573659311	0.022803140541989
2.000000000000000	0.366009286796753	-0.787646787803074	0.021172821350825
2.000000000000000	0.418503894666720	-0.761978944277397	0.019450669133982
2.000000000000000	0.469262207782866	-0.733027398428854	0.017643618390613
2.000000000000000	0.518079840333103	-0.700908727914309	0.015758945476276
2.000000000000000	0.564760220941030	-0.665752263283840	0.013804239303612
2.000000000000000	0.609115384189489	-0.627699567212258	0.011787370784477
2.000000000000000	0.650966727490957	-0.586903864476181	0.009716461136558
2.000000000000000	0.690145730257128	-0.543529424971939	0.007599849182090
2.000000000000000	0.726494632471850	-0.497750902258677	0.005446057770371
2.000000000000000	0.759867069935022	-0.449752630290116	0.003263759459247
2.000000000000000	0.790128663619573	-0.399727881166784	0.001061741593790
2.000000000000000	0.817157560768376	-0.347878086897477	-0.001151129077246
2.000000000000000	0.840844925552295	-0.294412028303655	-0.003365942104687
2.000000000000000	0.861095377313653	-0.239544994332763	-0.005573779218175
2.000000000000000	0.877827374630476	-0.183497915165625	-0.007765750236898
2.000000000000000	0.890973543655024	-0.126496472608579	-0.009933028867205
2.000000000000000	0.900480949404495	-0.068770191352498	-0.012066888242980
2.000000000000000	0.906311308911514	-0.010551514757870	-0.014158736065648
2.000000000000000	0.908441145376135	0.047925131112579	-0.016200149202333
2.000000000000000	0.906861882698629	0.106424281444895	-0.018182907602837
2.000000000000000	0.901579880012407	0.164710380807602	-0.020099027398883
2.000000000000000	0.892616406078035	0.222548731650280	-0.021940793052335
2.000000000000000	0.880007553641446	0.279706439347773	-0.023700788422947
2.000000000000000	0.863804094101186	0.335953349984639	-0.025371926630541
2.000000000000000	0.844071273069913	0.391062977103739	-0.026947478591372
2.000000000000000	0.820888547653344	0.444813413687266	-0.028421100113775
2.000000000000000	0.794349266504533	0.496988225697978	-0.029786857443986
2.000000000000000	0.764560293941793	0.547377323582684	-0.031039251159270
2.000000000000000	0.731641579643801	0.595777808228719	-0.032173238312162
2.000000000000000	0.695725675654580	0.641994787967064	-0.033184252736629
2.000000000000000	0.656957202643201	0.685842163332307	-0.034068223434417
2.000000000000000	0.615492267567389	0.727143376419511	-0.034821590967516
2.000000000000000	0.571497835085903	0.765732121820578	-0.035441321790768
2.000000000000000	0.525151055250788	0.801453016277437	-0.035924920466877
2.000000000000000	0.476638550186630	0.834162224355576	-0.036270439714658
2.000000000000000	0.426155662629137	0.863728037618576	-0.036476488250049
2.000000000000000	0.373905669348882	0.890031404971497	-0.036542236388322
2.000000000000000	0.320098962627496	0.912966412037618	-0.036467419384928
2.000000000000000	0.264952203082204	0.932440707638251	-0.036252338501535
2.000000000000000	0.208687447249989	0.948375875658344	-0.035897859792948
2.000000000000000	0.151531253444293	0.960707750800498	-0.035405410619817
2.000000000000000	0.093713769484649	0.969386676955975	-0.034776973901153
2.000000000000000	0.035467805972641	0.974377707152319	-0.034015080129821
2.000000000000000	-0.022972101154217	0.975660744272482	-0.033122797183131
2.000000000000000	-0.081370635015927	0.973230621978822	-0.032103717969586
2.000000000000000	-0.139492645328026	0.967097125516118	-0.030961945961499
2.000000000000000	-0.197104095268788	0.957284952309847	-0.029702078671766
2.000000000000000	-0.253973003862905	0.943833612518364	-0.028329189141301
2.000000000000000	-0.309870380086995	0.926797269939445	-0.026848805511689
2.000000000000000	-0.364571144935634	0.906244523911782	-0.025266888765316
2.000000000000000	-0.417855037735071	0.882258133089665	-0.023589808722591
2.000000000000000	-0.469507503055220	0.854934682203089	-0.021824318392931
2.000000000000000	-0.519320554648653	0.824384193145132	-0.019977526782775
2.000000000000000	-0.567093612937809	0.790729681952624	-0.018056870270124
2.000000000000000	-0.612634312678161	0.754106663463990	-0.016070082660870
2.000000000000000	-0.655759277545162	0.714662605648815	-0.014025164047491
2.000000000000000	-0.696294858525978	0.672556335806388	-0.011930348595502
2.000000000000000	-0.734077833142782	0.627957401024217	-0.009794071387377
2.000000000000000	-0.768956062692056	0.581045385471756	-0.007624934457446
2.000000000000000	-0.800789104853460	0.532009187278330	-0.005431672154544
2.000000000000000	-0.829448779201483	0.481046257907044	-0.003223115971865
2.000000000000000	-0.854819683342780	0.428361807087426	-0.001008158985661
2.000000000000000	-0.876799657600876	0.374167976508280	0.001204279954040
2.000000000000000	-0.895300196377128	0.318682985597972	0.003405292136494
2.000000000000000	-0.910246804531535	0.262130252831817	0.005586014862475
2.000000000000000	-0.921579297348370	0.204737496104729	0.007737667131239
2.000000000000000	-0.929252042878794	0.146735815791633	0.009851584998512
2.000000000000000	-0.933234145684603	0.088358764187817	0.011919256463137
2.000000000000000	-0.933509571243256	0.029841405076274	0.013932355741896
2.000000000000000	-0.930077210513238	-0.028580632791192	0.015882776794506
2.000000000000000	-0.922950884399780	-0.086672104487781	0.017762665963777
2.000000000000000	-0.912159288102946	-0.144199096159997	0.019564453599518
2.000000000000000	-0.897745875572199	-0.200929966916167	0.021280884538851
2.000000000000000	-0.879768684532674	-0.256636281562563	0.022905047320187
2.000000000000000	-0.858300102787752	-0.311093730431302	0.024430402013242
2.000000000000000	-0.833426576738916	-0.364083032596207	0.025850806553034
2.000000000000000	-0.805248263296609	-0.415390818839701	0.027160541471802
2.000000000000000	-0.773878626583703	-0.464810490815348	0.028354332929292
2.000000000000000	-0.739443981055523	-0.512143052946467	0.029427373948646
2.000000000000000	-0.702082982876117	-0.557197913711088	0.030375343772402
2.000000000000000	-0.661946071598824	-0.599793653086743	0.031194425260659
2.000000000000000	-0.619194864399283	-0.639758753064869	0.031881320261355
2.000000000000000	-0.574001505300114	-0.676932288293288	0.032433262890756
2.000000000000000	-0.526547972007696	-0.711164574065800	0.032848030670700
2.000000000000000	-0.477025343152169	-0.742317769049672	0.033123953477724
2.000000000000000	-0.425633028881230	-0.770266430324031	0.033259920268072
2.000000000000000	-0.372577967905850	-0.794898018494230	0.033255383551467
2.000000000000000	-0.318073794231127	-0.816113350848274	0.033110361595666
2.000000000000000	-0.262339976927538	-0.833827000730592	0.032825438352899
2.000000000000000	-0.205600936406461	-0.847967641525030	0.032401761108504
2.000000000000000	-0.148085140758384	-0.858478333861961	0.031841035861210
2.000000000000000	-0.090024185792541	-0.865316754893026	0.031145520453682
2.000000000000000	-0.031651862482327	-0.868455368710312	0.030318015480990
2.000000000000000	0.026796784428437	-0.867881537223731	0.029361853013595
2.000000000000000	0.085086402867726	-0.863597571050149	0.028280883180283
2.000000000000000	0.142982281115042	-0.855620720209347	0.027079458665050
2.000000000000000	0.200251292902674	-0.843983104664283	0.025762417180384


3.000000000000000	nan	nan	nan
3.000000000000000	nan	nan	nan
3.000000000000000	nan	nan	nan
3.000000000000000	nan	nan	nan
3.000000000000000	nan	nan	nan
3.000000000000000	nan	nan	nan
3.000000000000000	nan	nan	nan
3.000000000000000	nan	nan	nan
3.000000000000000	nan	nan	nan
3.000000000000000	nan	nan	nan
3.000000000000000	nan	nan	nan
3.000000000000000	nan	nan	nan
3.000000000000000	nan	nan	nan
3.000000000000000	nan	nan	nan
3.000000000000000	nan	nan	nan
3.000000000000000	nan	nan	nan
3.000000000000000	nan	nan	nan
3.000000000000000	nan	nan	nan
3.000000000000000	nan	nan	nan
3.000000000000000	nan	nan	nan
3.000000000000000	nan	nan	nan
3.000000000000000	nan	nan	nan
3.000000000000000	nan	nan	nan
3.000000000000000	nan	nan	nan
3.000000000000000	nan	nan	nan
3.000000000000000	nan	nan	nan
3.000000000000000	nan	nan	nan
3.000000000000000	nan	nan	nan
3.000000000000000	nan	nan	nan
3.000000000000000	nan	nan	nan
3.000000000000000	nan	nan	nan
3.000000000000000	nan	nan	nan
3.000000000000000	nan	nan	nan
3.000000000000000	nan	nan	nan
3.000000000000000	nan	nan	nan
3.000000000000000	nan	nan	nan
3.000000000000000	nan	nan	nan
3.000000000000000	nan	nan	nan
3.000000000000000	nan	nan	nan
3.000000000000000	nan	nan	nan
3.000000000000000	nan	nan	nan
3.000000000000000	nan	nan	nan
3.000000000000000	nan	nan	nan
3.000000000000000	nan	nan	nan
3.000000000000000	nan	nan	nan
3.000000000000000	nan	nan	nan
3.000000000000000	nan	nan	nan
3.000000000000000	nan	nan	nan
3.000000000000000	nan	nan	nan
3.000000000000000	nan	nan	nan
3.000000000000000	nan	nan	nan
3.000000000000000	nan	nan	nan
3.000000000000000	nan	nan	nan
3.000000000000000	nan	nan	nan
3.000000000000000	nan	nan	nan
3.000000000000000	nan	nan	nan
3.000000000000000	nan	nan	nan
3.000000000000000	nan	nan	nan
3.000000000000000	nan	nan	nan
3.000000000000000	nan	nan	nan
3.000000000000000	nan	nan	nan
3.000000000000000	nan	nan	nan
3.000000000000000	nan	nan	nan
3.000000000000000	nan	nan	nan
3.000000000000000	nan	nan	nan
3.000000000000000	nan	nan	nan
3.000000000000000	nan	nan	nan
3.000000000000000	nan	nan	nan
3.000000000000000	nan	nan	nan
3.000000000000000	nan	nan	nan
3.000000000000000	nan	nan	nan
3.000000000000000	nan	nan	nan
3.000000000000000	nan	nan	nan
3.000000000000000	nan	nan	nan
3.000000000000000	nan	nan	nan
3.000000000000000	nan	nan	nan
3.000000000000000	nan	nan	nan
3.000000000000000	nan	nan	nan
3.000000000000000	nan	nan	nan
3.000000000000000	nan	nan	nan
3.000000000000000	nan	nan	nan
3.000000000000000	nan	nan	nan
3.000000000000000	nan	nan	nan
3.000000000000000	nan	nan	nan
3.000000000000000	nan	nan	nan
3.000000000000000	nan	nan	nan
3.000000000000000	nan	nan	nan
3.000000000000000	nan	nan	nan
3.000000000000000	nan	nan	nan
3.000000000000000	nan	nan	nan
3.000000000000000	nan	nan	nan
3.000000000000000	nan	nan	nan
3.000000000000000	nan	nan	nan
3.000000000000000	nan	nan	nan
3.000000000000000	nan	nan	nan
3.000000000000000	nan	nan	nan
3.000000000000000	nan	nan	nan
3.000000000000000	nan	nan	nan
3.000000000000000	nan	nan	nan
3.000000000000000	nan	nan	nan


4.000000000000000	nan	nan	nan
4.000000000000000	nan	nan	nan
4.000000000000000	nan	nan	nan
4.000000000000000	nan	nan	nan
4.000000000000000	nan	nan	nan
4.000000000000000	nan	nan	nan
4.000000000000000	nan	nan	nan
4.000000000000000	nan	nan	nan
4.000000000000000	nan	nan	nan
4.000000000000000	nan	nan	nan
4.000000000000000	nan	nan	nan
4.000000000000000	nan	nan	nan
4.000000000000000	nan	nan	nan
4.000000000000000	nan	nan	nan
4.000000000000000	nan	nan	nan
4.000000000000000	nan	nan	nan
4.000000000000000	nan	nan	nan
4.000000000000000	nan	nan	nan
4.000000000000000	nan	nan	nan
4.000000000000000	nan	nan	nan
4.000000000000000	nan	nan	nan
4.000000000000000	nan	nan	nan
4.000000000000000	nan	nan	nan
4.000000000000000	nan	nan	nan
4.000000000000000	nan	nan	nan
4.000000000000000	nan	nan	nan
4.000000000000000	nan	nan	nan
4.000000000000000	nan	nan	nan
4.000000000000000	nan	nan	nan
4.000000000000000	nan	nan	nan
4.000000000000000	nan	nan	nan
4.000000000000000	nan	nan	nan
4.000000000000000	nan	nan	nan
4.000000000000000	nan	nan	nan
4.000000000000000	nan	nan	nan
4.000000000000000	nan	nan	nan
4.000000000000000	nan	nan	nan
4.000000000000000	nan	nan	nan
4.000000000000000	nan	nan	nan
4.000000000000000	nan	nan	nan
4.000000000000000	nan	nan	nan
4.000000000000000	nan	nan	nan
4.000000000000000	nan	nan	nan
4.000000000000000	nan	nan	nan
4.000000000000000	nan	nan	nan
4.000000000000000	nan	nan	nan
4.000000000000000	nan	nan	nan
4.000000000000000	nan	nan	nan
4.000000000000000	nan	nan	nan
4.000000000000000	nan	nan	nan
4.000000000000000	nan	nan	nan
4.000000000000000	nan	nan	nan
4.000000000000000	nan	nan	nan
4.000000000000000	nan	nan	nan
4.000000000000000	nan	nan	nan
4.000000000000000	nan	nan	nan
4.000000000000000	nan	nan	nan
4.000000000000000	nan	nan	nan
4.000000000000000	nan	nan	nan
4.000000000000000	nan	nan	nan
4.000000000000000	nan	nan	nan
4.000000000000000	nan	nan	nan
4.000000000000000	nan	nan	nan
4.000000000000000	nan	nan	nan
4.000000000000000	nan	nan	nan
4.000000000000000	nan	nan	nan
4.000000000000000	nan	nan	nan
4.000000000000000	nan	nan	nan
4.000000000000000	nan	nan	nan
4.000000000000000	nan	nan	nan
4.000000000000000	nan	nan	nan
4.000000000000000	nan	nan	nan
4.000000000000000	nan	nan	nan
4.000000000000000	nan	nan	nan
4.000000000000000	nan	nan	nan
4.000000000000000	nan	nan	nan
4.000000000000000	nan	nan	nan
4.000000000000000	nan	nan	nan
4.000000000000000	nan	nan	nan
4.000000000000000	nan	nan	nan
4.000000000000000	nan	nan	nan
4.000000000000000	nan	nan	nan
4.000000000000000	nan	nan	nan
4.000000000000000	nan	nan	nan
4.000000000000000	nan	nan	nan
4.000000000000000	nan	nan	nan
4.000000000000000	nan	nan	nan
4.000000000000000	nan	nan	nan
4.000000000000000	nan	nan	nan
4.000000000000000	nan	nan	nan
4.000000000000000	nan	nan	nan
4.000000000000000	nan	nan	nan
4.000000000000000	nan	nan	nan
4.000000000000000	nan	nan	nan
4.000000000000000	nan	nan	nan
4.000000000000000	nan	nan	nan
4.000000000000000	nan	nan	nan
4.000000000000000	nan	nan	nan
4.000000000000000	nan	nan	nan
4.000000000000000	nan	nan	nan


5.000000000000000	nan	nan	nan
5.000000000000000	nan	nan	nan
5.000000000000000	nan	nan	nan
5.000000000000000	nan	nan	nan
5.000000000000000	nan	nan	nan
5.000000000000000	nan	nan	nan
5.000000000000000	nan	nan	nan
5.000000000000000	nan	nan	nan
5.000000000000000	nan	nan	nan
5.000000000000000	nan	nan	nan
5.000000000000000	nan	nan	nan
5.000000000000000	nan	nan	nan
5.000000000000000	nan	nan	nan
5.000000000000000	nan	nan	nan
5.000000000000000	nan	nan	nan
5.000000000000000	nan	nan	nan
5.000000000000000	nan	nan	nan
5.000000000000000	nan	nan	nan
5.000000000000000	nan	nan	nan
5.000000000000000	nan	nan	nan
5.000000000000000	nan	nan	nan
5.000000000000000	nan	nan	nan
5.000000000000000	nan	nan	nan
5.000000000000000	nan	nan	nan
5.000000000000000	nan	nan	nan
5.000000000000000	nan	nan	nan
5.000000000000000	nan	nan	nan
5.000000000000000	nan	nan	nan
5.000000000000000	nan	nan	nan
5.000000000000000	nan	nan	nan
5.000000000000000	nan	nan	nan
5.000000000000000	nan	nan	nan
5.000000000000000	nan	nan	nan
5.000000000000000	nan	nan	nan
5.000000000000000	nan	nan	nan
5.000000000000000	nan	nan	nan
5.000000000000000	nan	nan	nan
5.000000000000000	nan	nan	nan
5.000000000000000	nan	nan	nan
5.000000000000000	nan	nan	nan
5.000000000000000	nan	nan	nan
5.000000000000000	nan	nan	nan
5.000000000000000	nan	nan	nan
5.000000000000000	nan	nan	nan
5.000000000000000	nan	nan	nan
5.000000000000000	nan	nan	nan
5.000000000000000	nan	nan	nan
5.000000000000000	nan	nan	nan
5.000000000000000	nan	nan	nan
5.000000000000000	nan	nan	nan
5.000000000000000	nan	nan	nan
5.000000000000000	nan	nan	nan
5.000000000000000	nan	nan	nan
5.000000000000000	nan	nan	nan
5.000000000000000	nan	nan	nan
5.000000000000000	nan	nan	nan
5.000000000000000	nan	nan	nan
5.000000000000000	nan	nan	nan
5.000000000000000	nan	nan	nan
5.000000000000000	nan	nan	nan
5.000000000000000	nan	nan	nan
5.000000000000000	nan	nan	nan
5.000000000000000	nan	nan	nan
5.000000000000000	nan	nan	nan
5.000000000000000	nan	nan	nan
5.000000000000000	nan	nan	nan
5.000000000000000	nan	nan	nan
5.000000000000000	nan	nan	nan
5.000000000000000	nan	nan	nan
5.000000000000000	nan	nan	nan
5.000000000000000	nan	nan	nan
5.000000000000000	nan	nan	nan
5.000000000000000	nan	nan	nan
5.000000000000000	nan	nan	nan
5.000000000000000	nan	nan	nan
5.000000000000000	nan	nan	nan
5.000000000000000	nan	nan	nan
5.000000000000000	nan	nan	nan
5.000000000000000	nan	nan	nan
5.000000000000000	nan	nan	nan
5.000000000000000	nan	nan	nan
5.000000000000000	nan	nan	nan
5.000000000000000	nan	nan	nan
5.000000000000000	nan	nan	nan
5.000000000000000	nan	nan	nan
5.000000000000000	nan	nan	nan
5.000000000000000	nan	nan	nan
5.000000000000000	nan	nan	nan
5.000000000000000	nan	nan	nan
5.000000000000000	nan	nan	nan
5.000000000000000	nan	nan	nan
5.000000000000000	nan	nan	nan
5.000000000000000	nan	nan	nan
5.000000000000000	nan	nan	nan
5.000000000000000	nan	nan	nan
5.000000000000000	nan	nan	nan
5.000000000000000	nan	nan	nan
5.000000000000000	nan	nan	nan
5.000000000000000	nan	nan	nan
5.000000000000000	nan	nan	nan


6.000000000000000	nan	nan	nan
6.000000000000000	nan	nan	nan
6.000000000000000	nan	nan	nan
6.000000000000000	nan	nan	nan
6.000000000000000	nan	nan	nan
6.000000000000000	nan	nan	nan
6.000000000000000	nan	nan	nan
6.000000000000000	nan	nan	nan
6.000000000000000	nan	nan	nan
6.000000000000000	nan	nan	nan
6.000000000000000	nan	nan	nan
6.000000000000000	nan	nan	nan
6.000000000000000	nan	nan	nan
6.000000000000000	nan	nan	nan
6.000000000000000	nan	nan	nan
6.000000000000000	nan	nan	nan
6.000000000000000	nan	nan	nan
6.000000000000000	nan	nan	nan
6.000000000000000	nan	nan	nan
6.000000000000000	nan	nan	nan
6.000000000000000	nan	nan	nan
6.000000000000000	nan	nan	nan
6.000000000000000	nan	nan	nan
6.000000000000000	nan	nan	nan
6.000000000000000	nan	nan	nan
6.000000000000000	nan	nan	nan
6.000000000000000	nan	nan	nan
6.000000000000000	nan	nan	nan
6.000000000000000	nan	nan	nan
6.000000000000000	nan	nan	nan
6.000000000000000	nan	nan	nan
6.000000000000000	nan	nan	nan
6.000000000000000	nan	nan	nan
6.000000000000000	nan	nan	nan
6.000000000000000	nan	nan	nan
6.000000000000000	nan	nan	nan
6.000000000000000	nan	nan	nan
6.000000000000000	nan	nan	nan
6.000000000000000	nan	nan	nan
6.000000000000000	nan	nan	nan
6.000000000000000	nan	nan	nan
6.000000000000000	nan	nan	nan
6.000000000000000	nan	nan	nan
6.000000000000000	nan	nan	nan
6.000000000000000	nan	nan	nan
6.000000000000000	nan	nan	nan
6.000000000000000	nan	nan	nan
6.000000000000000	nan	nan	nan
6.000000000000000	nan	nan	nan
6.000000000000000	nan	nan	nan
6.000000000000000	nan	nan	nan
6.000000000000000	nan	nan	nan
6.000000000000000	nan	nan	nan
6.000000000000000	nan	nan	nan
6.000000000000000	nan	nan	nan
6.000000000000000	nan	nan	nan
6.000000000000000	nan	nan	nan
6.000000000000000	nan	nan	nan
6.000000000000000	nan	nan	nan
6.000000000000000	nan	nan	nan
6.000000000000000	nan	nan	nan
6.000000000000000	nan	nan	nan
6.000000000000000	nan	nan	nan
6.000000000000000	nan	nan	nan
6.000000000000000	nan	nan	nan
6.000000000000000	nan	nan	nan
6.000000000000000	nan	nan	nan
6.000000000000000	nan	nan	nan
6.000000000000000	nan	nan	nan
6.000000000000000	nan	nan	nan
6.000000000000000	nan	nan	nan
6.000000000000000	nan	nan	nan
6.000000000000000	nan	nan	nan
6.000000000000000	nan	nan	nan
6.000000000000000	nan	nan	nan
6.000000000000000	nan	nan	nan
6.000000000000000	nan	nan	nan
6.000000000000000	nan	nan	nan
6.000000000000000	nan	nan	nan
6.000000000000000	nan	nan	nan
6.000000000000000	nan	nan	nan
6.000000000000000	nan	nan	nan
6.000000000000000	nan	nan	nan
6.000000000000000	nan	nan	nan
6.000000000000000	nan	nan	nan
6.000000000000000	nan	nan	nan
6.000000000000000	nan	nan	nan
6.000000000000000	nan	nan	nan
6.000000000000000	nan	nan	nan
6.000000000000000	nan	nan	nan
6.000000000000000	nan	nan	nan
6.000000000000000	nan	nan	nan
6.000000000000000	nan	nan	nan
6.000000000000000	nan	nan	nan
6.000000000000000	nan	nan	nan
6.000000000000000	nan	nan	nan
6.000000000000000	nan	nan	nan
6.000000000000000	nan	nan	nan
6.000000000000000	nan	nan	nan
6.000000000000000	nan	nan	nan


7.000000000000000	nan	nan	nan
7.000000000000000	nan	nan	nan
7.000000000000000	nan	nan	nan
7.000000000000000	nan	nan	nan
7.000000000000000	nan	nan	nan
7.000000000000000	nan	nan	nan
7.000000000000000	nan	nan	nan
7.000000000000000	nan	nan	nan
7.000000000000000	nan	nan	nan
7.000000000000000	nan	nan	nan
7.000000000000000	nan	nan	nan
7.000000000000000	nan	nan	nan
7.000000000000000	nan	nan	nan
7.000000000000000	nan	nan	nan
7.000000000000000	nan	nan	nan
7.000000000000000	nan	nan	nan
7.000000000000000	nan	nan	nan
7.000000000000000	nan	nan	nan
7.000000000000000	nan	nan	nan
7.000000000000000	nan	nan	nan
7.000000000000000	nan	nan	nan
7.000000000000000	nan	nan	nan
7.000000000000000	nan	nan	nan
7.000000000000000	nan	nan	nan
7.000000000000000	nan	nan	nan
7.000000000000000	nan	nan	nan
7.000000000000000	nan	nan	nan
7.000000000000000	nan	nan	nan
7.000000000000000	nan	nan	nan
7.000000000000000	nan	nan	nan
7.000000000000000	nan	nan	nan
7.000000000000000	nan	nan	nan
7.000000000000000	nan	nan	nan
7.000000000000000	nan	nan	nan
7.000000000000000	nan	nan	nan
7.000000000000000	nan	nan	nan
7.000000000000000	nan	nan	nan
7.000000000000000	nan	nan	nan
7.000000000000000	nan	nan	nan
7.000000000000000	nan	nan	nan
7.000000000000000	nan	nan	nan
7.000000000000000	nan	nan	nan
7.000000000000000	nan	nan	nan
7.000000000000000	nan	nan	nan
7.000000000000000	nan	nan	nan
7.000000000000000	nan	nan	nan
7.000000000000000	nan	nan	nan
7.000000000000000	nan	nan	nan
7.000000000000000	nan	nan	nan
7.000000000000000	nan	nan	nan
7.000000000000000	nan	nan	nan
7.000000000000000	nan	nan	nan
7.000000000000000	nan	nan	nan
7.000000000000000	nan	nan	nan
7.000000000000000	nan	nan	nan
7.000000000000000	nan	nan	nan
7.000000000000000	nan	nan	nan
7.000000000000000	nan	nan	nan
7.000000000000000	nan	nan	nan
7.000000000000000	nan	nan	nan
7.000000000000000	nan	nan	nan
7.000000000000000	nan	nan	nan
7.000000000000000	nan	nan	nan
7.000000000000000	nan	nan	nan
7.000000000000000	nan	nan	nan
7.000000000000000	nan	nan	nan
7.000000000000000	nan	nan	nan
7.000000000000000	nan	nan	nan
7.000000000000000	nan	nan	nan
7.000000000000000	nan	nan	nan
7.000000000000000	nan	nan	nan
7.000000000000000	nan	nan	nan
7.000000000000000	nan	nan	nan
7.000000000000000	nan	nan	nan
7.000000000000000	nan	nan	nan
7.000000000000000	nan	nan	nan
7.000000000000000	nan	nan	nan
7.000000000000000	nan	nan	nan
7.000000000000000	nan	nan	nan
7.000000000000000	nan	nan	nan
7.000000000000000	nan	nan	nan
7.000000000000000	nan	nan	nan
7.000000000000000	nan	nan	nan
7.000000000000000	nan	nan	nan
7.000000000000000	nan	nan	nan
7.000000000000000	nan	nan	nan
7.000000000000000	nan	nan	nan
7.000000000000000	nan	nan	nan
7.000000000000000	nan	nan	nan
7.000000000000000	nan	nan	nan
7.000000000000000	nan	nan	nan
7.000000000000000	nan	nan	nan
7.000000000000000	nan	nan	nan
7.000000000000000	nan	nan	nan
7.000000000000000	nan	nan	nan
7.000000000000000	nan	nan	nan
7.000000000000000	nan	nan	nan
7.000000000000000	nan	nan	nan
7.000000000000000	nan	nan	nan
7.000000000000000	nan	nan	nan


8.000000000000000	nan	nan	nan
8.000000000000000	nan	nan	nan
8.000000000000000	nan	nan	nan
8.000000000000000	nan	nan	nan
8.000000000000000	nan	nan	nan
8.000000000000000	nan	nan	nan
8.000000000000000	nan	nan	nan
8.000000000000000	nan	nan	nan
8.000000000000000	nan	nan	nan
8.000000000000000	nan	nan	nan
8.000000000000000	nan	nan	nan
8.000000000000000	nan	nan	nan
8.000000000000000	nan	nan	nan
8.000000000000000	nan	nan	nan
8.000000000000000	nan	nan	nan
8.000000000000000	nan	nan	nan
8.000000000000000	nan	nan	nan
8.000000000000000	nan	nan	nan
8.000000000000000	nan	nan	nan
8.000000000000000	nan	nan	nan
8.000000000000000	nan	nan	nan
8.000000000000000	nan	nan	nan
8.000000000000000	nan	nan	nan
8.000000000000000	nan	nan	nan
8.000000000000000	nan	nan	nan
8.000000000000000	nan	nan	nan
8.000000000000000	nan	nan	nan
8.000000000000000	nan	nan	nan
8.000000000000000	nan	nan	nan
8.000000000000000	nan	nan	nan
8.000000000000000	nan	nan	nan
8.000000000000000	nan	nan	nan
8.000000000000000	nan	nan	nan
8.000000000000000	nan	nan	nan
8.000000000000000	nan	nan	nan
8.000000000000000	nan	nan	nan
8.000000000000000	nan	nan	nan
8.000000000000000	nan	nan	nan
8.000000000000000	nan	nan	nan
8.000000000000000	nan	nan	nan
8.000000000000000	nan	nan	nan
8.000000000000000	nan	nan	nan
8.000000000000000	nan	nan	nan
8.000000000000000	nan	nan	nan
8.000000000000000	nan	nan	nan
8.000000000000000	nan	nan	nan
8.000000000000000	nan	nan	nan
8.000000000000000	nan	nan	nan
8.000000000000000	nan	nan	nan
8.000000000000000	nan	nan	nan
8.000000000000000	nan	nan	nan
8.000000000000000	nan	nan	nan
8.000000000000000	nan	nan	nan
8.000000000000000	nan	nan	nan
8.000000000000000	nan	nan	nan
8.000000000000000	nan	nan	nan
8.000000000000000	nan	nan	nan
8.000000000000000	nan	nan	nan
8.000000000000000	nan	nan	nan
8.000000000000000	nan	nan	nan
8.000000000000000	nan	nan	nan
8.000000000000000	nan	nan	nan
8.000000000000000	nan	nan	nan
8.000000000000000	nan	nan	nan
8.000000000000000	nan	nan	nan
8.000000000000000	nan	nan	nan
8.000000000000000	nan	nan	nan
8.000000000000000	nan	nan	nan
8.000000000000000	nan	nan	nan
8.000000000000000	nan	nan	nan
8.000000000000000	nan	nan	nan
8.000000000000000	nan	nan	nan
8.000000000000000	nan	nan	nan
8.000000000000000	nan	nan	nan
8.000000000000000	nan	nan	nan
8.000000000000000	nan	nan	nan
8.000000000000000	nan	nan	nan
8.000000000000000	nan	nan	nan
8.000000000000000	nan	nan	nan
8.000000000000000	nan	nan	nan
8.000000000000000	nan	nan	nan
8.000000000000000	nan	nan	nan
8.000000000000000	nan	nan	nan
8.000000000000000	nan	nan	nan
8.000000000000000	nan	nan	nan
8.000000000000000	nan	nan	nan
8.000000000000000	nan	nan	nan
8.000000000000000	nan	nan	nan
8.000000000000000	nan	nan	nan
8.000000000000000	nan	nan	nan
8.000000000000000	nan	nan	nan
8.000000000000000	nan	nan	nan
8.000000000000000	nan	nan	nan
8.000000000000000	nan	nan	nan
8.000000000000000	nan	nan	nan
8.000000000000000	nan	nan	nan
8.000000000000000	nan	nan	nan
8.000000000000000	nan	nan	nan
8.000000000000000	nan	nan	nan
8.000000000000000	nan	nan	nan


9.000000000000000	nan	nan	nan
9.000000000000000	nan	nan	nan
9.000000000000000	nan	nan	nan
9.000000000000000	nan	nan	nan
9.000000000000000	nan	nan	nan
9.000000000000000	nan	nan	nan
9.000000000000000	nan	nan	nan
9.000000000000000	nan	nan	nan
9.000000000000000	nan	nan	nan
9.000000000000000	nan	nan	nan
9.000000000000000	nan	nan	nan
9.000000000000000	nan	nan	nan
9.000000000000000	nan	nan	nan
9.000000000000000	nan	nan	nan
9.000000000000000	nan	nan	nan
9.000000000000000	nan	nan	nan
9.000000000000000	nan	nan	nan
9.000000000000000	nan	nan	nan
9.000000000000000	nan	nan	nan
9.000000000000000	nan	nan	nan
9.000000000000000	nan	nan	nan
9.000000000000000	nan	nan	nan
9.000000000000000	nan	nan	nan
9.000000000000000	nan	nan	nan
9.000000000000000	nan	nan	nan
9.000000000000000	nan	nan	nan
9.000000000000000	nan	nan	nan
9.000000000000000	nan	nan	nan
9.000000000000000	nan	nan	nan
9.000000000000000	nan	nan	nan
9.000000000000000	nan	nan	nan
9.000000000000000	nan	nan	nan
9.000000000000000	nan	nan	nan
9.000000000000000	nan	nan	nan
9.000000000000000	nan	nan	nan
9.000000000000000	nan	nan	nan
9.000000000000000	nan	nan	nan
9.000000000000000	nan	nan	nan
9.000000000000000	nan	nan	nan
9.000000000000000	nan	nan	nan
9.000000000000000	nan	nan	nan
9.000000000000000	nan	nan	nan
9.000000000000000	nan	nan	nan
9.000000000000000	nan	nan	nan
9.000000000000000	nan	nan	nan
9.000000000000000	nan	nan	nan
9.000000000000000	nan	nan	nan
9.000000000000000	nan	nan	nan
9.000000000000000	nan	nan	nan
9.000000000000000	nan	nan	nan
9.000000000000000	nan	nan	nan
9.000000000000000	nan	nan	nan
9.000000000000000	nan	nan	nan
9.000000000000000	nan	nan	nan
9.000000000000000	nan	nan	nan
9.000000000000000	nan	nan	nan
9.000000000000000	nan	nan	nan
9.000000000000000	nan	nan	nan
9.000000000000000	nan	nan	nan
9.000000000000000	nan	nan	nan
9.000000000000000	nan	nan	nan
9.000000000000000	nan	nan	nan
9.000000000000000	nan	nan	nan
9.000000000000000	nan	nan	nan
9.000000000000000	nan	nan	nan
9.000000000000000	nan	nan	nan
9.000000000000000	nan	nan	nan
9.000000000000000	nan	nan	nan
9.000000000000000	nan	nan	nan
9.000000000000000	nan	nan	nan
9.000000000000000	nan	nan	nan
9.000000000000000	nan	nan	nan
9.000000000000000	nan	nan	nan
9.000000000000000	nan	nan	nan
9.000000000000000	nan	nan	nan
9.000000000000000	nan	nan	nan
9.000000000000000	nan	nan	nan
9.000000000000000	nan	nan	nan
9.000000000000000	nan	nan	nan
9.000000000000000	nan	nan	nan
9.000000000000000	nan	nan	nan
9.000000000000000	nan	nan	nan
9.000000000000000	nan	nan	nan
9.000000000000000	nan	nan	nan
9.000000000000000	nan	nan	nan
9.000000000000000	nan	nan	nan
9.000000000000000	nan	nan	nan
9.000000000000000	nan	nan	nan
9.000000000000000	nan	nan	nan
9.000000000000000	nan	nan	nan
9.000000000000000	nan	nan	nan
9.000000000000000	nan	nan	nan
9.000000000000000	nan	nan	nan
9.000000000000000	nan	nan	nan
9.000000000000000	nan	nan	nan
9.000000000000000	nan	nan	nan
9.000000000000000	nan	nan	nan
9.000000000000000	nan	nan	nan
9.000000000000000	nan	nan	nan
9.000000000000000	nan	nan	nan


10.000000000000000	nan	nan	nan
10.000000000000000	nan	nan	nan
10.000000000000000	nan	nan	nan
10.000000000000000	nan	nan	nan
10.000000000000000	nan	nan	nan
10.000000000000000	nan	nan	nan
10.000000000000000	nan	nan	nan
10.000000000000000	nan	nan	nan
10.000000000000000	nan	nan	nan
10.000000000000000	nan	nan	nan
10.000000000000000	nan	nan	nan
10.000000000000000	nan	nan	nan
10.000000000000000	nan	nan	nan
10.000000000000000	nan	nan	nan
10.000000000000000	nan	nan	nan
10.000000000000000	nan	nan	nan
10.000000000000000	nan	nan	nan
10.000000000000000	nan	nan	nan
10.000000000000000	nan	nan	nan
10.000000000000000	nan	nan	nan
10.000000000000000	nan	nan	nan
10.000000000000000	nan	nan	nan
10.000000000000000	nan	nan	nan
10.000000000000000	nan	nan	nan
10.000000000000000	nan	nan	nan
10.000000000000000	nan	nan	nan
10.000000000000000	nan	nan	nan
10.000000000000000	nan	nan	nan
10.000000000000000	nan	nan	nan
10.000000000000000	nan	nan	nan
10.000000000000000	nan	nan	nan
10.000000000000000	nan	nan	nan
10.000000000000000	nan	nan	nan
10.000000000000000	nan	nan	nan
10.000000000000000	nan	nan	nan
10.000000000000000	nan	nan	nan
10.000000000000000	nan	nan	nan
10.000000000000000	nan	nan	nan
10.000000000000000	nan	nan	nan
10.000000000000000	nan	nan	nan
10.000000000000000	nan	nan	nan
10.000000000000000	nan	nan	nan
10.000000000000000	nan	nan	nan
10.000000000000000	nan	nan	nan
10.000000000000000	nan	nan	nan
10.000000000000000	nan	nan	nan
10.000000000000000	nan	nan	nan
10.000000000000000	nan	nan	nan
10.000000000000000	nan	nan	nan
10.000000000000000	nan	nan	nan
10.000000000000000	nan	nan	nan
10.000000000000000	nan	nan	nan
10.000000000000000	nan	nan	nan
10.000000000000000	nan	nan	nan
10.000000000000000	nan	nan	nan
10.000000000000000	nan	nan	nan
10.000000000000000	nan	nan	nan
10.000000000000000	nan	nan	nan
10.000000000000000	nan	nan	nan
10.000000000000000	nan	nan	nan
10.000000000000000	nan	nan	nan
10.000000000000000	nan	nan	nan
10.000000000000000	nan	nan	nan
10.000000000000000	nan	nan	nan
10.000000000000000	nan	nan	nan
10.000000000000000	nan	nan	nan
10.000000000000000	nan	nan	nan
10.000000000000000	nan	nan	nan
10.000000000000000	nan	nan	nan
10.000000000000000	nan	nan	nan
10.000000000000000	nan	nan	nan
10.000000000000000	nan	nan	nan
10.000000000000000	nan	nan	nan
10.000000000000000	nan	nan	nan
10.000000000000000	nan	nan	nan
10.000000000000000	nan	nan	nan
10.000000000000000	nan	nan	nan
10.000000000000000	nan	nan	nan
10.000000000000000	nan	nan	nan
10.000000000000000	nan	nan	nan
10.000000000000000	nan	nan	nan
10.000000000000000	nan	nan	nan
10.000000000000000	nan	nan	nan
10.000000000000000	nan	nan	nan
10.000000000000000	nan	nan	nan
10.000000000000000	nan	nan	nan
10.000000000000000	nan	nan	nan
10.000000000000000	nan	nan	nan
10.000000000000000	nan	nan	nan
10.000000000000000	nan	nan	nan
10.000000000000000	nan	nan	nan
10.000000000000000	nan	nan	nan
10.000000000000000	nan	nan	nan
10.000000000000000	nan	nan	nan
10.000000000000000	nan	nan	nan
10.000000000000000	nan	nan	nan
10.000000000000000	nan	nan	nan
10.000000000000000	nan	nan	nan
10.000000000000000	nan	nan	nan
10.000000000000000	nan	nan	nan


11.000000000000000	nan	nan	nan
11.000000000000000	nan	nan	nan
11.000000000000000	nan	nan	nan
11.000000000000000	nan	nan	nan
11.000000000000000	nan	nan	nan
11.000000000000000	nan	nan	nan
11.000000000000000	nan	nan	nan
11.000000000000000	nan	nan	nan
11.000000000000000	nan	nan	nan
11.000000000000000	nan	nan	nan
11.000000000000000	nan	nan	nan
11.000000000000000	nan	nan	nan
11.000000000000000	nan	nan	nan
11.000000000000000	nan	nan	nan
11.000000000000000	nan	nan	nan
11.000000000000000	nan	nan	nan
11.000000000000000	nan	nan	nan
11.000000000000000	nan	nan	nan
11.000000000000000	nan	nan	nan
11.000000000000000	nan	nan	nan
11.000000000000000	nan	nan	nan
11.000000000000000	nan	nan	nan
11.000000000000000	nan	nan	nan
11.000000000000000	nan	nan	nan
11.000000000000000	nan	nan	nan
11.000000000000000	nan	nan	nan
11.000000000000000	nan	nan	nan
11.000000000000000	nan	nan	nan
11.000000000000000	nan	nan	nan
11.000000000000000	nan	nan	nan
11.000000000000000	nan	nan	nan
11.000000000000000	nan	nan	nan
11.000000000000000	nan	nan	nan
11.000000000000000	nan	nan	nan
11.000000000000000	nan	nan	nan
11.000000000000000	nan	nan	nan
11.000000000000000	nan	nan	nan
11.000000000000000	nan	nan	nan
11.000000000000000	nan	nan	nan
11.000000000000000	nan	nan	nan
11.000000000000000	nan	nan	nan
11.000000000000000	nan	nan	nan
11.000000000000000	nan	nan	nan
11.000000000000000	nan	nan	nan
11.000000000000000	nan	nan	nan
11.000000000000000	nan	nan	nan
11.000000000000000	nan	nan	nan
11.000000000000000	nan	nan	nan
11.000000000000000	nan	nan	nan
11.000000000000000	nan	nan	nan
11.000000000000000	nan	nan	nan
11.000000000000000	nan	nan	nan
11.000000000000000	nan	nan	nan
11.000000000000000	nan	nan	nan
11.000000000000000	nan	nan	nan
11.000000000000000	nan	nan	nan
11.000000000000000	nan	nan	nan
11.000000000000000	nan	nan	nan
11.000000000000000	nan	nan	nan
11.000000000000000	nan	nan	nan
11.000000000000000	nan	nan	nan
11.000000000000000	nan	nan	nan
11.000000000000000	nan	nan	nan
11.000000000000000	nan	nan	nan
11.000000000000000	nan	nan	nan
11.000000000000000	nan	nan	nan
11.000000000000000	nan	nan	nan
11.000000000000000	nan	nan	nan
11.000000000000000	nan	nan	nan
11.000000000000000	nan	nan	nan
11.000000000000000	nan	nan	nan
11.000000000000000	nan	nan	nan
11.000000000000000	nan	nan	nan
11.000000000000000	nan	nan	nan
11.000000000000000	nan	nan	nan
11.000000000000000	nan	nan	nan
11.000000000000000	nan	nan	nan
11.000000000000000	nan	nan	nan
11.000000000000000	nan	nan	nan
11.000000000000000	nan	nan	nan
11.000000000000000	nan	nan	nan
11.000000000000000	nan	nan	nan
11.000000000000000	nan	nan	nan
11.000000000000000	nan	nan	nan
11.000000000000000	nan	nan	nan
11.000000000000000	nan	nan	nan
11.000000000000000	nan	nan	nan
11.000000000000000	nan	nan	nan
11.000000000000000	nan	nan	nan
11.000000000000000	nan	nan	nan
11.000000000000000	nan	nan	nan
11.000000000000000	nan	nan	nan
11.000000000000000	nan	nan	nan
11.000000000000000	nan	nan	nan
11.000000000000000	nan	nan	nan
11.000000000000000	nan	nan	nan
11.000000000000000	nan	nan	nan
11.000000000000000	nan	nan	nan
11.000000000000000	nan	nan	nan
11.000000000000000	nan	nan	nan


12.000000000000000	nan	nan	nan
12.000000000000000	nan	nan	nan
12.000000000000000	nan	nan	nan
12.000000000000000	nan	nan	nan
12.000000000000000	nan	nan	nan
12.000000000000000	nan	nan	nan
12.000000000000000	nan	nan	nan
12.000000000000000	nan	nan	nan
12.000000000000000	nan	nan	nan
12.000000000000000	nan	nan	nan
12.000000000000000	nan	nan	nan
12.000000000000000	nan	nan	nan
12.000000000000000	nan	nan	nan
12.000000000000000	nan	nan	nan
12.000000000000000	nan	nan	nan
12.000000000000000	nan	nan	nan
12.000000000000000	nan	nan	nan
12.000000000000000	nan	nan	nan
12.000000000000000	nan	nan	nan
12.000000000000000	nan	nan	nan
12.000000000000000	nan	nan	nan
12.000000000000000	nan	nan	nan
12.000000000000000	nan	nan	nan
12.000000000000000	nan	nan	nan
12.000000000000000	nan	nan	nan
12.000000000000000	nan	nan	nan
12.000000000000000	nan	nan	nan
12.000000000000000	nan	nan	nan
12.000000000000000	nan	nan	nan
12.000000000000000	nan	nan	nan
12.000000000000000	nan	nan	nan
12.000000000000000	nan	nan	nan
12.000000000000000	nan	nan	nan
12.000000000000000	nan	nan	nan
12.000000000000000	nan	nan	nan
12.000000000000000	nan	nan	nan
12.000000000000000	nan	nan	nan
12.000000000000000	nan	nan	nan
12.000000000000000	nan	nan	nan
12.000000000000000	nan	nan	nan
12.000000000000000	nan	nan	nan
12.000000000000000	nan	nan	nan
12.000000000000000	nan	nan	nan
12.000000000000000	nan	nan	nan
12.000000000000000	nan	nan	nan
12.000000000000000	nan	nan	nan
12.000000000000000	nan	nan	nan
12.000000000000000	nan	nan	nan
12.000000000000000	nan	nan	nan
12.000000000000000	nan	nan	nan
12.000000000000000	nan	nan	nan
12.000000000000000	nan	nan	nan
12.000000000000000	nan	nan	nan
12.000000000000000	nan	nan	nan
12.000000000000000	nan	nan	nan
12.000000000000000	nan	nan	nan
12.000000000000000	nan	nan	nan
12.000000000000000	nan	nan	nan
12.000000000000000	nan	nan	nan
12.000000000000000	nan	nan	nan
12.000000000000000	nan	nan	nan
12.000000000000000	nan	nan	nan
12.000000000000000	nan	nan	nan
12.000000000000000	nan	nan	nan
12.000000000000000	nan	nan	nan
12.000000000000000	nan	nan	nan
12.000000000000000	nan	nan	nan
12.000000000000000	nan	nan	nan
12.000000000000000	nan	nan	nan
12.000000000000000	nan	nan	nan
12.000000000000000	nan	nan	nan
12.000000000000000	nan	nan	nan
12.000000000000000	nan	nan	nan
12.000000000000000	nan	nan	nan
12.000000000000000	nan	nan	nan
12.000000000000000	nan	nan	nan
12.000000000000000	nan	nan	nan
12.000000000000000	nan	nan	nan
12.000000000000000	nan	nan	nan
12.000000000000000	nan	nan	nan
12.000000000000000	nan	nan	nan
12.000000000000000	nan	nan	nan
12.000000000000000	nan	nan	nan
12.000000000000000	nan	nan	nan
12.000000000000000	nan	nan	nan
12.000000000000000	nan	nan	nan
12.000000000000000	nan	nan	nan
12.000000000000000	nan	nan	nan
12.000000000000000	nan	nan	nan
12.000000000000000	nan	nan	nan
12.000000000000000	nan	nan	nan
12.000000000000000	nan	nan	nan
12.000000000000000	nan	nan	nan
12.000000000000000	nan	nan	nan
12.000000000000000	nan	nan	nan
12.000000000000000	nan	nan	nan
12.000000000000000	nan	nan	nan
12.000000000000000	nan	nan	nan
12.000000000000000	nan	nan	nan
12.000000000000000	nan	nan	nan


13.000000000000000	nan	nan	nan
13.000000000000000	nan	nan	nan
13.000000000000000	nan	nan	nan
13.000000000000000	nan	nan	nan
13.000000000000000	nan	nan	nan
13.000000000000000	nan	nan	nan
13.000000000000000	nan	nan	nan
13.000000000000000	nan	nan	nan
13.000000000000000	nan	nan	nan
13.000000000000000	nan	nan	nan
13.000000000000000	nan	nan	nan
13.000000000000000	nan	nan	nan
13.000000000000000	nan	nan	nan
13.000000000000000	nan	nan	nan
13.000000000000000	nan	nan	nan
13.000000000000000	nan	nan	nan
13.000000000000000	nan	nan	nan
13.000000000000000	nan	nan	nan
13.000000000000000	nan	nan	nan
13.000000000000000	nan	nan	nan
13.000000000000000	nan	nan	nan
13.000000000000000	nan	nan	nan
13.000000000000000	nan	nan	nan
13.000000000000000	nan	nan	nan
13.000000000000000	nan	nan	nan
13.000000000000000	nan	nan	nan
13.000000000000000	nan	nan	nan
13.000000000000000	nan	nan	nan
13.000000000000000	nan	nan	nan
13.000000000000000	nan	nan	nan
13.000000000000000	nan	nan	nan
13.000000000000000	nan	nan	nan
13.000000000000000	nan	nan	nan
13.000000000000000	nan	nan	nan
13.000000000000000	nan	nan	nan
13.000000000000000	nan	nan	nan
13.000000000000000	nan	nan	nan
13.000000000000000	nan	nan	nan
13.000000000000000	nan	nan	nan
13.000000000000000	nan	nan	nan
13.000000000000000	nan	nan	nan
13.000000000000000	nan	nan	nan
13.000000000000000	nan	nan	nan
13.000000000000000	nan	nan	nan
13.000000000000000	nan	nan	nan
13.000000000000000	nan	nan	nan
13.000000000000000	nan	nan	nan
13.000000000000000	nan	nan	nan
13.000000000000000	nan	nan	nan
13.000000000000000	nan	nan	nan
13.000000000000000	nan	nan	nan
13.000000000000000	nan	nan	nan
13.000000000000000	nan	nan	nan
13.000000000000000	nan	nan	nan
13.000000000000000	nan	nan	nan
13.000000000000000	nan	nan	nan
13.000000000000000	nan	nan	nan
13.000000000000000	nan	nan	nan
13.000000000000000	nan	nan	nan
13.000000000000000	nan	nan	nan
13.000000000000000	nan	nan	nan
13.000000000000000	nan	nan	nan
13.000000000000000	nan	nan	nan
13.000000000000000	nan	nan	nan
13.000000000000000	nan	nan	nan
13.000000000000000	nan	nan	nan
13.000000000000000	nan	nan	nan
13.000000000000000	nan	nan	nan
13.000000000000000	nan	nan	nan
13.000000000000000	nan	nan	nan
13.000000000000000	nan	nan	nan
13.000000000000000	nan	nan	nan
13.000000000000000	nan	nan	nan
13.000000000000000	nan	nan	nan
13.000000000000000	nan	nan	nan
13.000000000000000	nan	nan	nan
13.000000000000000	nan	nan	nan
13.000000000000000	nan	nan	nan
13.000000000000000	nan	nan	nan
13.000000000000000	nan	nan	nan
13.000000000000000	nan	nan	nan
13.000000000000000	nan	nan	nan
13.000000000000000	nan	nan	nan
13.000000000000000	nan	nan	nan
13.000000000000000	nan	nan	nan
13.000000000000000	nan	nan	nan
13.000000000000000	nan	nan	nan
13.000000000000000	nan	nan	nan
13.000000000000000	nan	nan	nan
13.000000000000000	nan	nan	nan
13.000000000000000	nan	nan	nan
13.000000000000000	nan	nan	nan
13.000000000000000	nan	nan	nan
13.000000000000000	nan	nan	nan
13.000000000000000	nan	nan	nan
13.000000000000000	nan	nan	nan
13.000000000000000	nan	nan	nan
13.000000000000000	nan	nan	nan
13.000000000000000	nan	nan	nan
13.000000000000000	nan	nan	nan


14.000000000000000	nan	nan	nan
14.000000000000000	nan	nan	nan
14.000000000000000	nan	nan	nan
14.000000000000000	nan	nan	nan
14.000000000000000	nan	nan	nan
14.000000000000000	nan	nan	nan
14.000000000000000	nan	nan	nan
14.000000000000000	nan	nan	nan
14.000000000000000	nan	nan	nan
14.000000000000000	nan	nan	nan
14.000000000000000	nan	nan	nan
14.000000000000000	nan	nan	nan
14.000000000000000	nan	nan	nan
14.000000000000000	nan	nan	nan
14.000000000000000	nan	nan	nan
14.000000000000000	nan	nan	nan
14.000000000000000	nan	nan	nan
14.000000000000000	nan	nan	nan
14.000000000000000	nan	nan	nan
14.000000000000000	nan	nan	nan
14.000000000000000	nan	nan	nan
14.000000000000000	nan	nan	nan
14.000000000000000	nan	nan	nan
14.000000000000000	nan	nan	nan
14.000000000000000	nan	nan	nan
14.000000000000000	nan	nan	nan
14.000000000000000	nan	nan	nan
14.000000000000000	nan	nan	nan
14.000000000000000	nan	nan	nan
14.000000000000000	nan	nan	nan
14.000000000000000	nan	nan	nan
14.000000000000000	nan	nan	nan
14.000000000000000	nan	nan	nan
14.000000000000000	nan	nan	nan
14.000000000000000	nan	nan	nan
14.000000000000000	nan	nan	nan
14.000000000000000	nan	nan	nan
14.000000000000000	nan	nan	nan
14.000000000000000	nan	nan	nan
14.000000000000000	nan	nan	nan
14.000000000000000	nan	nan	nan
14.000000000000000	nan	nan	nan
14.000000000000000	nan	nan	nan
14.000000000000000	nan	nan	nan
14.000000000000000	nan	nan	nan
14.000000000000000	nan	nan	nan
14.000000000000000	nan	nan	nan
14.000000000000000	nan	nan	nan
14.000000000000000	nan	nan	nan
14.000000000000000	nan	nan	nan
14.000000000000000	nan	nan	nan
14.000000000000000	nan	nan	nan
14.000000000000000	nan	nan	nan
14.000000000000000	nan	nan	nan
14.000000000000000	nan	nan	nan
14.000000000000000	nan	nan	nan
14.000000000000000	nan	nan	nan
14.000000000000000	nan	nan	nan
14.000000000000000	nan	nan	nan
14.000000000000000	nan	nan	nan
14.000000000000000	nan	nan	nan
14.000000000000000	nan	nan	nan
14.000000000000000	nan	nan	nan
14.000000000000000	nan	nan	nan
14.000000000000000	nan	nan	nan
14.000000000000000	nan	nan	nan
14.000000000000000	nan	nan	nan
14.000000000000000	nan	nan	nan
14.000000000000000	nan	nan	nan
14.000000000000000	nan	nan	nan
14.000000000000000	nan	nan	nan
14.000000000000000	nan	nan	nan
14.000000000000000	nan	nan	nan
14.000000000000000	nan	nan	nan
14.000000000000000	nan	nan	nan
14.000000000000000	nan	nan	nan
14.000000000000000	nan	nan	nan
14.000000000000000	nan	nan	nan
14.000000000000000	nan	nan	nan
14.000000000000000	nan	nan	nan
14.000000000000000	nan	nan	nan
14.000000000000000	nan	nan	nan
14.000000000000000	nan	nan	nan
14.000000000000000	nan	nan	nan
14.000000000000000	nan	nan	nan
14.000000000000000	nan	nan	nan
14.000000000000000	nan	nan	nan
14.000000000000000	nan	nan	nan
14.000000000000000	nan	nan	nan
14.000000000000000	nan	nan	nan
14.000000000000000	nan	nan	nan
14.000000000000000	nan	nan	nan
14.000000000000000	nan	nan	nan
14.000000000000000	nan	nan	nan
14.000000000000000	nan	nan	nan
14.000000000000000	nan	nan	nan
14.000000000000000	nan	nan	nan
14.000000000000000	nan	nan	nan
14.000000000000000	nan	nan	nan
14.000000000000000	nan	nan	nan


15.000000000000000	nan	nan	nan
15.000000000000000	nan	nan	nan
15.000000000000000	nan	nan	nan
15.000000000000000	nan	nan	nan
15.000000000000000	nan	nan	nan
15.000000000000000	nan	nan	nan
15.000000000000000	nan	nan	nan
15.000000000000000	nan	nan	nan
15.000000000000000	nan	nan	nan
15.000000000000000	nan	nan	nan
15.000000000000000	nan	nan	nan
15.000000000000000	nan	nan	nan
15.000000000000000	nan	nan	nan
15.000000000000000	nan	nan	nan
15.000000000000000	nan	nan	nan
15.000000000000000	nan	nan	nan
15.000000000000000	nan	nan	nan
15.000000000000000	nan	nan	nan
15.000000000000000	nan	nan	nan
15.000000000000000	nan	nan	nan
15.000000000000000	nan	nan	nan
15.000000000000000	nan	nan	nan
15.000000000000000	nan	nan	nan
15.000000000000000	nan	nan	nan
15.000000000000000	nan	nan	nan
15.000000000000000	nan	nan	nan
15.000000000000000	nan	nan	nan
15.000000000000000	nan	nan	nan
15.000000000000000	nan	nan	nan
15.000000000000000	nan	nan	nan
15.000000000000000	nan	nan	nan
15.000000000000000	nan	nan	nan
15.000000000000000	nan	nan	nan
15.000000000000000	nan	nan	nan
15.000000000000000	nan	nan	nan
15.000000000000000	nan	nan	nan
15.000000000000000	nan	nan	nan
15.000000000000000	nan	nan	nan
15.000000000000000	nan	nan	nan
15.000000000000000	nan	nan	nan
15.000000000000000	nan	nan	nan
15.000000000000000	nan	nan	nan
15.000000000000000	nan	nan	nan
15.000000000000000	nan	nan	nan
15.000000000000000	nan	nan	nan
15.000000000000000	nan	nan	nan
15.000000000000000	nan	nan	nan
15.000000000000000	nan	nan	nan
15.000000000000000	nan	nan	nan
15.000000000000000	nan	nan	nan
15.000000000000000	nan	nan	nan
15.000000000000000	nan	nan	nan
15.000000000000000	nan	nan	nan
15.000000000000000	nan	nan	nan
15.000000000000000	nan	nan	nan
15.000000000000000	nan	nan	nan
15.000000000000000	nan	nan	nan
15.000000000000000	nan	nan	nan
15.000000000000000	nan	nan	nan
15.000000000000000	nan	nan	nan
15.000000000000000	nan	nan	nan
15.000000000000000	nan	nan	nan
15.000000000000000	nan	nan	nan
15.000000000000000	nan	nan	nan
15.000000000000000	nan	nan	nan
15.000000000000000	nan	nan	nan
15.000000000000000	nan	nan	nan
15.000000000000000	nan	nan	nan
15.000000000000000	nan	nan	nan
15.000000000000000	nan	nan	nan
15.000000000000000	nan	nan	nan
15.000000000000000	nan	nan	nan
15.000000000000000	nan	nan	nan
15.000000000000000	nan	nan	nan
15.000000000000000	nan	nan	nan
15.000000000000000	nan	nan	nan
15.000000000000000	nan	nan	nan
15.000000000000000	nan	nan	nan
15.000000000000000	nan	nan	nan
15.000000000000000	nan	nan	nan
15.000000000000000	nan	nan	nan
15.000000000000000	nan	nan	nan
15.000000000000000	nan	nan	nan
15.000000000000000	nan	nan	nan
15.000000000000000	nan	nan	nan
15.000000000000000	nan	nan	nan
15.000000000000000	nan	nan	nan
15.000000000000000	nan	nan	nan
15.000000000000000	nan	nan	nan
15.000000000000000	nan	nan	nan
15.000000000000000	nan	nan	nan
15.000000000000000	nan	nan	nan
15.000000000000000	nan	nan	nan
15.000000000000000	nan	nan	nan
15.000000000000000	nan	nan	nan
15.000000000000000	nan	nan	nan
15.000000000000000	nan	nan	nan
15.000000000000000	nan	nan	nan
15.000000000000000	nan	nan	nan
15.000000000000000	nan	nan	nan


16.000000000000000	nan	nan	nan
16.000000000000000	nan	nan	nan
16.000000000000000	nan	nan	nan
16.000000000000000	nan	nan	nan
16.000000000000000	nan	nan	nan
16.000000000000000	nan	nan	nan
16.000000000000000	nan	nan	nan
16.000000000000000	nan	nan	nan
16.000000000000000	nan	nan	nan
16.000000000000000	nan	nan	nan
16.000000000000000	nan	nan	nan
16.000000000000000	nan	nan	nan
16.000000000000000	nan	nan	nan
16.000000000000000	nan	nan	nan
16.000000000000000	nan	nan	nan
16.000000000000000	nan	nan	nan
16.000000000000000	nan	nan	nan
16.000000000000000	nan	nan	nan
16.000000000000000	nan	nan	nan
16.000000000000000	nan	nan	nan
16.000000000000000	nan	nan	nan
16.000000000000000	nan	nan	nan
16.000000000000000	nan	nan	nan
16.000000000000000	nan	nan	nan
16.000000000000000	nan	nan	nan
16.000000000000000	nan	nan	nan
16.000000000000000	nan	nan	nan
16.000000000000000	nan	nan	nan
16.000000000000000	nan	nan	nan
16.000000000000000	nan	nan	nan
16.000000000000000	nan	nan	nan
16.000000000000000	nan	nan	nan
16.000000000000000	nan	nan	nan
16.000000000000000	nan	nan	nan
16.000000000000000	nan	nan	nan
16.000000000000000	nan	nan	nan
16.000000000000000	nan	nan	nan
16.000000000000000	nan	nan	nan
16.000000000000000	nan	nan	nan
16.000000000000000	nan	nan	nan
16.000000000000000	nan	nan	nan
16.000000000000000	nan	nan	nan
16.000000000000000	nan	nan	nan
16.000000000000000	nan	nan	nan
16.000000000000000	nan	nan	nan
16.000000000000000	nan	nan	nan
16.000000000000000	nan	nan	nan
16.000000000000000	nan	nan	nan
16.000000000000000	nan	nan	nan
16.000000000000000	nan	nan	nan
16.000000000000000	nan	nan	nan
16.000000000000000	nan	nan	nan
16.000000000000000	nan	nan	nan
16.000000000000000	nan	nan	nan
16.000000000000000	nan	nan	nan
16.000000000000000	nan	nan	nan
16.000000000000000	nan	nan	nan
16.000000000000000	nan	nan	nan
16.000000000000000	nan	nan	nan
16.000000000000000	nan	nan	nan
16.000000000000000	nan	nan	nan
16.000000000000000	nan	nan	nan
16.000000000000000	nan	nan	nan
16.000000000000000	nan	nan	nan
16.000000000000000	nan	nan	nan
16.000000000000000	nan	nan	nan
16.000000000000000	nan	nan	nan
16.000000000000000	nan	nan	nan
16.000000000000000	nan	nan	nan
16.000000000000000	nan	nan	nan
16.000000000000000	nan	nan	nan
16.000000000000000	nan	nan	nan
16.000000000000000	nan	nan	nan
16.000000000000000	nan	nan	nan
16.000000000000000	nan	nan	nan
16.000000000000000	nan	nan	nan
16.000000000000000	nan	nan	nan
16.000000000000000	nan	nan	nan
16.000000000000000	nan	nan	nan
16.000000000000000	nan	nan	nan
16.000000000000000	nan	nan	nan
16.000000000000000	nan	nan	nan
16.000000000000000	nan	nan	nan
16.000000000000000	nan	nan	nan
16.000000000000000	nan	nan	nan
16.000000000000000	nan	nan	nan
16.000000000000000	nan	nan	nan
16.000000000000000	nan	nan	nan
16.000000000000000	nan	nan	nan
16.000000000000000	nan	nan	nan
16.000000000000000	nan	nan	nan
16.000000000000000	nan	nan	nan
16.000000000000000	nan	nan	nan
16.000000000000000	nan	nan	nan
16.000000000000000	nan	nan	nan
16.000000000000000	nan	nan	nan
16.000000000000000	nan	nan	nan
16.000000000000000	nan	nan	nan
16.000000000000000	nan	nan	nan
16.000000000000000	nan	nan	nan


17.000000000000000	nan	nan	nan
17.000000000000000	nan	nan	nan
17.000000000000000	nan	nan	nan
17.000000000000000	nan	nan	nan
17.000000000000000	nan	nan	nan
17.000000000000000	nan	nan	nan
17.000000000000000	nan	nan	nan
17.000000000000000	nan	nan	nan
17.000000000000000	nan	nan	nan
17.000000000000000	nan	nan	nan
17.000000000000000	nan	nan	nan
17.000000000000000	nan	nan	nan
17.000000000000000	nan	nan	nan
17.000000000000000	nan	nan	nan
17.000000000000000	nan	nan	nan
17.000000000000000	nan	nan	nan
17.000000000000000	nan	nan	nan
17.000000000000000	nan	nan	nan
17.000000000000000	nan	nan	nan
17.000000000000000	nan	nan	nan
17.000000000000000	nan	nan	nan
17.000000000000000	nan	nan	nan
17.000000000000000	nan	nan	nan
17.000000000000000	nan	nan	nan
17.000000000000000	nan	nan	nan
17.000000000000000	nan	nan	nan
17.000000000000000	nan	nan	nan
17.000000000000000	nan	nan	nan
17.000000000000000	nan	nan	nan
17.000000000000000	nan	nan	nan
17.000000000000000	nan	nan	nan
17.000000000000000	nan	nan	nan
17.000000000000000	nan	nan	nan
17.000000000000000	nan	nan	nan
17.000000000000000	nan	nan	nan
17.000000000000000	nan	nan	nan
17.000000000000000	nan	nan	nan
17.000000000000000	nan	nan	nan
17.000000000000000	nan	nan	nan
17.000000000000000	nan	nan	nan
17.000000000000000	nan	nan	nan
17.000000000000000	nan	nan	nan
17.000000000000000	nan	nan	nan
17.000000000000000	nan	nan	nan
17.000000000000000	nan	nan	nan
17.000000000000000	nan	nan	nan
17.000000000000000	nan	nan	nan
17.000000000000000	nan	nan	nan
17.000000000000000	nan	nan	nan
17.000000000000000	nan	nan	nan
17.000000000000000	nan	nan	nan
17.000000000000000	nan	nan	nan
17.000000000000000	nan	nan	nan
17.000000000000000	nan	nan	nan
17.000000000000000	nan	nan	nan
17.000000000000000	nan	nan	nan
17.000000000000000	nan	nan	nan
17.000000000000000	nan	nan	nan
17.000000000000000	nan	nan	nan
17.000000000000000	nan	nan	nan
17.000000000000000	nan	nan	nan
17.000000000000000	nan	nan	nan
17.000000000000000	nan	nan	nan
17.000000000000000	nan	nan	nan
17.000000000000000	nan	nan	nan
17.000000000000000	nan	nan	nan
17.000000000000000	nan	nan	nan
17.000000000000000	nan	nan	nan
17.000000000000000	nan	nan	nan
17.000000000000000	nan	nan	nan
17.000000000000000	nan	nan	nan
17.000000000000000	nan	nan	nan
17.000000000000000	nan	nan	nan
17.000000000000000	nan	nan	nan
17.000000000000000	nan	nan	nan
17.000000000000000	nan	nan	nan
17.000000000000000	nan	nan	nan
17.000000000000000	nan	nan	nan
17.000000000000000	nan	nan	nan
17.000000000000000	nan	nan	nan
17.000000000000000	nan	nan	nan
17.000000000000000	nan	nan	nan
17.000000000000000	nan	nan	nan
17.000000000000000	nan	nan	nan
17.000000000000000	nan	nan	nan
17.000000000000000	nan	nan	nan
17.000000000000000	nan	nan	nan
17.000000000000000	nan	nan	nan
17.000000000000000	nan	nan	nan
17.000000000000000	nan	nan	nan
17.000000000000000	nan	nan	nan
17.000000000000000	nan	nan	nan
17.000000000000000	nan	nan	nan
17.000000000000000	nan	nan	nan
17.000000000000000	nan	nan	nan
17.000000000000000	nan	nan	nan
17.000000000000000	nan	nan	nan
17.000000000000000	nan	nan	nan
17.000000000000000	nan	nan	nan
17.000000000000000	nan	nan	nan


18.000000000000000	nan	nan	nan
18.000000000000000	nan	nan	nan
18.000000000000000	nan	nan	nan
18.000000000000000	nan	nan	nan
18.000000000000000	nan	nan	nan
18.000000000000000	nan	nan	nan
18.000000000000000	nan	nan	nan
18.000000000000000	nan	nan	nan
18.000000000000000	nan	nan	nan
18.000000000000000	nan	nan	nan
18.000000000000000	nan	nan	nan
18.000000000000000	nan	nan	nan
18.000000000000000	nan	nan	nan
18.000000000000000	nan	nan	nan
18.000000000000000	nan	nan	nan
18.000000000000000	nan	nan	nan
18.000000000000000	nan	nan	nan
18.000000000000000	nan	nan	nan
18.000000000000000	nan	nan	nan
18.000000000000000	nan	nan	nan
18.000000000000000	nan	nan	nan
18.000000000000000	nan	nan	nan
18.000000000000000	nan	nan	nan
18.000000000000000	nan	nan	nan
18.000000000000000	nan	nan	nan
18.000000000000000	nan	nan	nan
18.000000000000000	nan	nan	nan
18.000000000000000	nan	nan	nan
18.000000000000000	nan	nan	nan
18.000000000000000	nan	nan	nan
18.000000000000000	nan	nan	nan
18.000000000000000	nan	nan	nan
18.000000000000000	nan	nan	nan
18.000000000000000	nan	nan	nan
18.000000000000000	nan	nan	nan
18.000000000000000	nan	nan	nan
18.000000000000000	nan	nan	nan
18.000000000000000	nan	nan	nan
18.000000000000000	nan	nan	nan
18.000000000000000	nan	nan	nan
18.000000000000000	nan	nan	nan
18.000000000000000	nan	nan	nan
18.000000000000000	nan	nan	nan
18.000000000000000	nan	nan	nan
18.000000000000000	nan	nan	nan
18.000000000000000	nan	nan	nan
18.000000000000000	nan	nan	nan
18.000000000000000	nan	nan	nan
18.000000000000000	nan	nan	nan
18.000000000000000	nan	nan	nan
18.000000000000000	nan	nan	nan
18.000000000000000	nan	nan	nan
18.000000000000000	nan	nan	nan
18.000000000000000	nan	nan	nan
18.000000000000000	nan	nan	nan
18.000000000000000	nan	nan	nan
18.000000000000000	nan	nan	nan
18.000000000000000	nan	nan	nan
18.000000000000000	nan	nan	nan
18.000000000000000	nan	nan	nan
18.000000000000000	nan	nan	nan
18.000000000000000	nan	nan	nan
18.000000000000000	nan	nan	nan
18.000000000000000	nan	nan	nan
18.000000000000000	nan	nan	nan
18.000000000000000	nan	nan	nan
18.000000000000000	nan	nan	nan
18.000000000000000	nan	nan	nan
18.000000000000000	nan	nan	nan
18.000000000000000	nan	nan	nan
18.000000000000000	nan	nan	nan
18.000000000000000	nan	nan	nan
18.000000000000000	nan	nan	nan
18.000000000000000	nan	nan	nan
18.000000000000000	nan	nan	nan
18.000000000000000	nan	nan	nan
18.000000000000000	nan	nan	nan
18.000000000000000	nan	nan	nan
18.000000000000000	nan	nan	nan
18.000000000000000	nan	nan	nan
18.000000000000000	nan	nan	nan
18.000000000000000	nan	nan	nan
18.000000000000000	nan	nan	nan
18.000000000000000	nan	nan	nan
18.000000000000000	nan	nan	nan
18.000000000000000	nan	nan	nan
18.000000000000000	nan	nan	nan
18.000000000000000	nan	nan	nan
18.000000000000000	nan	nan	nan
18.000000000000000	nan	nan	nan
18.000000000000000	nan	nan	nan
18.000000000000000	nan	nan	nan
18.000000000000000	nan	nan	nan
18.000000000000000	nan	nan	nan
18.000000000000000	nan	nan	nan
18.000000000000000	nan	nan	nan
18.000000000000000	nan	nan	nan
18.000000000000000	nan	nan	nan
18.000000000000000	nan	nan	nan
18.000000000000000	nan	nan	nan


19.000000000000000	nan	nan	nan
19.000000000000000	nan	nan	nan
19.000000000000000	nan	nan	nan
19.000000000000000	nan	nan	nan
19.000000000000000	nan	nan	nan
19.000000000000000	nan	nan	nan
19.000000000000000	nan	nan	nan
19.000000000000000	nan	nan	nan
19.000000000000000	nan	nan	nan
19.000000000000000	nan	nan	nan
19.000000000000000	nan	nan	nan
19.000000000000000	nan	nan	nan
19.000000000000000	nan	nan	nan
19.000000000000000	nan	nan	nan
19.000000000000000	nan	nan	nan
19.000000000000000	nan	nan	nan
19.000000000000000	nan	nan	nan
19.000000000000000	nan	nan	nan
19.000000000000000	nan	nan	nan
19.000000000000000	nan	nan	nan
19.000000000000000	nan	nan	nan
19.000000000000000	nan	nan	nan
19.000000000000000	nan	nan	nan
19.000000000000000	nan	nan	nan
19.000000000000000	nan	nan	nan
19.000000000000000	nan	nan	nan
19.000000000000000	nan	nan	nan
19.000000000000000	nan	nan	nan
19.000000000000000	nan	nan	nan
19.000000000000000	nan	nan	nan
19.000000000000000	nan	nan	nan
19.000000000000000	nan	nan	nan
19.000000000000000	nan	nan	nan
19.000000000000000	nan	nan	nan
19.000000000000000	nan	nan	nan
19.000000000000000	nan	nan	nan
19.000000000000000	nan	nan	nan
19.000000000000000	nan	nan	nan
19.000000000000000	nan	nan	nan
19.000000000000000	nan	nan	nan
19.000000000000000	nan	nan	nan
19.000000000000000	nan	nan	nan
19.000000000000000	nan	nan	nan
19.000000000000000	nan	nan	nan
19.000000000000000	nan	nan	nan
19.000000000000000	nan	nan	nan
19.000000000000000	nan	nan	nan
19.000000000000000	nan	nan	nan
19.000000000000000	nan	nan	nan
19.000000000000000	nan	nan	nan
19.000000000000000	nan	nan	nan
19.000000000000000	nan	nan	nan
19.000000000000000	nan	nan	nan
19.000000000000000	nan	nan	nan
19.000000000000000	nan	nan	nan
19.000000000000000	nan	nan	nan
19.000000000000000	nan	nan	nan
19.000000000000000	nan	nan	nan
19.000000000000000	nan	nan	nan
19.000000000000000	nan	nan	nan
19.000000000000000	nan	nan	nan
19.000000000000000	nan	nan	nan
19.000000000000000	nan	nan	nan
19.000000000000000	nan	nan	nan
19.000000000000000	nan	nan	nan
19.000000000000000	nan	nan	nan
19.000000000000000	nan	nan	nan
19.000000000000000	nan	nan	nan
19.000000000000000	nan	nan	nan
19.000000000000000	nan	nan	nan
19.000000000000000	nan	nan	nan
19.000000000000000	nan	nan	nan
19.000000000000000	nan	nan	nan
19.000000000000000	nan	nan	nan
19.000000000000000	nan	nan	nan
19.000000000000000	nan	nan	nan
19.000000000000000	nan	nan	nan
19.000000000000000	nan	nan	nan
19.000000000000000	nan	nan	nan
19.000000000000000	nan	nan	nan
19.000000000000000	nan	nan	nan
19.000000000000000	nan	nan	nan
19.000000000000000	nan	nan	nan
19.000000000000000	nan	nan	nan
19.000000000000000	nan	nan	nan
19.000000000000000	nan	nan	nan
19.000000000000000	nan	nan	nan
19.000000000000000	nan	nan	nan
19.000000000000000	nan	nan	nan
19.000000000000000	nan	nan	nan
19.000000000000000	nan	nan	nan
19.000000000000000	nan	nan	nan
19.000000000000000	nan	nan	nan
19.000000000000000	nan	nan	nan
19.000000000000000	nan	nan	nan
19.000000000000000	nan	nan	nan
19.000000000000000	nan	nan	nan
19.000000000000000	nan	nan	nan
19.000000000000000	nan	nan	nan
19.000000000000000	nan	nan	nan


20.000000000000000	nan	nan	nan
20.000000000000000	nan	nan	nan
20.000000000000000	nan	nan	nan
20.000000000000000	nan	nan	nan
20.000000000000000	nan	nan	nan
20.000000000000000	nan	nan	nan
20.000000000000000	nan	nan	nan
20.000000000000000	nan	nan	nan
20.000000000000000	nan	nan	nan
20.000000000000000	nan	nan	nan
20.000000000000000	nan	nan	nan
20.000000000000000	nan	nan	nan
20.000000000000000	nan	nan	nan
20.000000000000000	nan	nan	nan
20.000000000000000	nan	nan	nan
20.000000000000000	nan	nan	nan
20.000000000000000	nan	nan	nan
20.000000000000000	nan	nan	nan
20.000000000000000	nan	nan	nan
20.000000000000000	nan	nan	nan
20.000000000000000	nan	nan	nan
20.000000000000000	nan	nan	nan
20.000000000000000	nan	nan	nan
20.000000000000000	nan	nan	nan
20.000000000000000	nan	nan	nan
20.000000000000000	nan	nan	nan
20.000000000000000	nan	nan	nan
20.000000000000000	nan	nan	nan
20.000000000000000	nan	nan	nan
20.000000000000000	nan	nan	nan
20.000000000000000	nan	nan	nan
20.000000000000000	nan	nan	nan
20.000000000000000	nan	nan	nan
20.000000000000000	nan	nan	nan
20.000000000000000	nan	nan	nan
20.000000000000000	nan	nan	nan
20.000000000000000	nan	nan	nan
20.000000000000000	nan	nan	nan
20.000000000000000	nan	nan	nan
20.000000000000000	nan	nan	nan
20.000000000000000	nan	nan	nan
20.000000000000000	nan	nan	nan
20.000000000000000	nan	nan	nan
20.000000000000000	nan	nan	nan
20.000000000000000	nan	nan	nan
20.000000000000000	nan	nan	nan
20.000000000000000	nan	nan	nan
20.000000000000000	nan	nan	nan
20.000000000000000	nan	nan	nan
20.000000000000000	nan	nan	nan
20.000000000000000	nan	nan	nan
20.000000000000000	nan	nan	nan
20.000000000000000	nan	nan	nan
20.000000000000000	nan	nan	nan
20.000000000000000	nan	nan	nan
20.000000000000000	nan	nan	nan
20.000000000000000	nan	nan	nan
20.000000000000000	nan	nan	nan
20.000000000000000	nan	nan	nan
20.000000000000000	nan	nan	nan
20.000000000000000	nan	nan	nan
20.000000000000000	nan	nan	nan
20.000000000000000	nan	nan	nan
20.000000000000000	nan	nan	nan
20.000000000000000	nan	nan	nan
20.000000000000000	nan	nan	nan
20.000000000000000	nan	nan	nan
20.000000000000000	nan	nan	nan
20.000000000000000	nan	nan	nan
20.000000000000000	nan	nan	nan
20.000000000000000	nan	nan	nan
20.000000000000000	nan	nan	nan
20.000000000000000	nan	nan	nan
20.000000000000000	nan	nan	nan
20.000000000000000	nan	nan	nan
20.000000000000000	nan	nan	nan
20.000000000000000	nan	nan	nan
20.000000000000000	nan	nan	nan
20.000000000000000	nan	nan	nan
20.000000000000000	nan	nan	nan
20.000000000000000	nan	nan	nan
20.000000000000000	nan	nan	nan
20.000000000000000	nan	nan	nan
20.000000000000000	nan	nan	nan
20.000000000000000	nan	nan	nan
20.000000000000000	nan	nan	nan
20.000000000000000	nan	nan	nan
20.000000000000000	nan	nan	nan
20.000000000000000	nan	nan	nan
20.000000000000000	nan	nan	nan
20.000000000000000	nan	nan	nan
20.000000000000000	nan	nan	nan
20.000000000000000	nan	nan	nan
20.000000000000000	nan	nan	nan
20.000000000000000	nan	nan	nan
20.000000000000000	nan	nan	nan
20.000000000000000	nan	nan	nan
20.000000000000000	nan	nan	nan
20.000000000000000	nan	nan	nan
20.000000000000000	nan	nan	nan


21.000000000000000	1.130198647844528	-0.333105509382164	0.163025793886089
21.000000000000000	1.154390123435713	-0.228256059245719	0.182480376766054
21.000000000000000	1.171433802825010	-0.121750827808584	0.200839638217846
21.000000000000000	1.181261057130981	-0.014018674047396	0.218029651975384
21.000000000000000	1.183832315469002	0.094506602678040	0.233981199920375
21.000000000000000	1.179137224289258	0.203388009381670	0.248630050799244
21.000000000000000	1.167194689066825	0.312187119067714	0.261917218859723
21.000000000000000	1.148052798176000	0.420465836121434	0.273789201365655
21.000000000000000	1.121788629255390	0.527788160365551	0.284198194033631
21.000000000000000	1.088507938843464	0.633721942679082	0.293102283523967
21.000000000000000	1.048344736534297	0.737840625109318	0.300465616210927
21.000000000000000	1.001460745368237	0.839724958470153	0.306258542552623
21.000000000000000	0.948044750630298	0.938964690510582	0.310457736479256
21.000000000000000	0.888311839678445	1.035160217855725	0.313046289318961
21.000000000000000	0.822502535862725	1.127924195068574	0.314013777883066
21.000000000000000	0.750881830022618	1.216883094353361	0.313356306436594
21.000000000000000	0.673738113462461	1.301678709620156	0.311076522385008
21.000000000000000	0.591382016701448	1.381969598854362	0.307183605614049
21.000000000000000	0.504145158674165	1.457432458983203	0.301693231525573
21.000000000000000	0.412378811418181	1.527763427703086	0.294627507918241
21.000000000000000	0.316452485625536	1.592679307025854	0.286014885967215
21.000000000000000	0.216752442753598	1.651918703617128	0.275890045661323
21.000000000000000	0.113680139686504	1.705243081335013	0.264293756158975
21.000000000000000	0.007650612209978	1.752437721730943	0.251272711625161
21.000000000000000	-0.100909196191295	1.793312588645100	0.236879343210521
21.000000000000000	-0.211562153484388	1.827703093414950	0.221171607929612
21.000000000000000	-0.323862699264556	1.855470757615698	0.204212755288462
21.000000000000000	-0.437358638869718	1.876503770664032	0.186071072601135
21.000000000000000	-0.551592964208770	1.890717440039879	0.166819610020821
21.000000000000000	-0.666105693971865	1.898054532313286	0.146535886392645
21.000000000000000	-0.780435725812801	1.898485503603251	0.125301577112646
21.000000000000000	-0.894122693045427	1.892008618540497	0.103202185249775
21.000000000000000	-1.006708818377804	1.878649957255195	0.080326697255223
21.000000000000000	-1.117740757219790	1.858463310361486	0.056767224645382
21.000000000000000	-1.226771423141698	1.831529962361658	0.032618633101284
21.000000000000000	-1.333361788133557	1.797958364342150	0.007978160477981
21.000000000000000	-1.437082650415948	1.757883697279301	-0.017054974737974
21.000000000000000	-1.537516362684092	1.711467327713268	-0.042379972946355
21.000000000000000	-1.634258513826139	1.658896157981925	-0.067894859317677
21.000000000000000	-1.726919557343979	1.600381873631114	-0.093496894409844
21.000000000000000	-1.815126379919504	1.536160091031663	-0.119082987863618
21.000000000000000	-1.898523803810250	1.466489408635422	-0.144550113511112
21.000000000000000	-1.976776017024810	1.391650365690568	-0.169795724225808
21.000000000000000	-2.049567925519201	1.311944312609066	-0.194718164843639
21.000000000000000	-2.116606421969364	1.227692197534920	-0.219217081492456
21.000000000000000	-2.177621566010917	1.139233273999274	-0.243193825681655
21.000000000000000	-2.232367671193719	1.046923734866182	-0.266551851524828
21.000000000000000	-2.280624294274495	0.951135278069654	-0.289197104495975
21.000000000000000	-2.322197122863972	0.852253609917273	-0.311038400153882
21.000000000000000	-2.356918757854293	0.750676891987018	-0.331987791309683
21.000000000000000	-2.384649387476134	0.646814137871126	-0.351960922159151
21.000000000000000	-2.405277350271364	0.541083566222710	-0.370877367953748
21.000000000000000	-2.418719584714315	0.433910916736850	-0.388660958842700
21.000000000000000	-2.424921963671240	0.325727735847108	-0.405240086582106
21.000000000000000	-2.423859512351169	0.216969639040347	-0.420547992876057
21.000000000000000	-2.415536508870583	0.108074556786917	-0.434523038188739
21.000000000000000	-2.399986467026947	-0.000519028850792	-0.447108949945083
21.000000000000000	-2.377272001350472	-0.108373849830843	-0.458255049120565
21.000000000000000	-2.347484574977512	-0.215055612855838	-0.467916454307751
21.000000000000000	-2.310744131360781	-0.320134748118737	-0.476054262437886
21.000000000000000	-2.267198611299414	-0.423188139028865	-0.482635705429818
21.000000000000000	-2.217023357233580	-0.523800825953077	-0.487634282135499
21.000000000000000	-2.160420407202356	-0.621567677111751	-0.491029865050750
21.000000000000000	-2.097617681307862	-0.716095019901472	-0.492808781361621
21.000000000000000	-2.028868063961442	-0.807002226075662	-0.492963867999987
21.000000000000000	-1.954448385607402	-0.893923244400189	-0.491494500486692
21.000000000000000	-1.874658308024511	-0.976508074612494	-0.488406595446107
21.000000000000000	-1.789819117693787	-1.054424176749110	-0.483712586781974
21.000000000000000	-1.700272432091226	-1.127357810166738	-0.477431375610462
21.000000000000000	-1.606378824114806	-1.195015296865076	-0.469588254152045
21.000000000000000	-1.508516370184682	-1.257124204024480	-0.460214803888655
21.000000000000000	-1.407079127862891	-1.313434440996767	-0.449348768396202
21.000000000000000	-1.302475549122618	-1.363719266331999	-0.437033901364514
21.000000000000000	-1.195126835656269	-1.407776200786267	-0.423319790416673
21.000000000000000	-1.085465242844913	-1.445427842634145	-0.408261657437155
21.000000000000000	-0.973932339218426	-1.476522582002822	-0.391920136212794
21.000000000000000	-0.860977228414870	-1.500935211351555	-0.374361028281924
21.000000000000000	-0.747054740798646	-1.518567429638243	-0.355655037974803
21.000000000000000	-0.632623602019152	-1.529348238143028	-0.335877487712236
21.000000000000000	-0.518144585884498	-1.533234226355078	-0.315108014708768
21.000000000000000	-0.404078658988003	-1.530209746771400	-0.293430250301727
21.000000000000000	-0.290885124558417	-1.520286977903806	-0.270931483197348
21.000000000000000	-0.179019773007941	-1.503505875240345	-0.247702307989961
21.000000000000000	-0.068933046625086	-1.479934010358660	-0.223836260369534
21.000000000000000	0.038931774197426	-1.449666298839085	-0.199429440486461
21.000000000000000	0.144140355896363	-1.412824618073108	-0.174580125990176
21.000000000000000	0.246269060645932	-1.369557316506134	-0.149388376299745
21.000000000000000	0.344906652197798	-1.320038616290648	-0.123955629699901
21.000000000000000	0.439655951784306	-1.264467911755101	-0.098384294884872
21.000000000000000	0.530135437417197	-1.203068966513323	-0.072777338594714
21.000000000000000	0.615980780141994	-1.136089012447428	-0.047237871004592
21.000000000000000	0.696846311062126	-1.063797754192283	-0.021868730536496
21.000000000000000	0.772406413225563	-0.986486283130132	0.003227930234789
21.000000000000000	0.842356832769360	-0.904465905268338	0.027951055914047
21.000000000000000	0.906415904042577	-0.818066887719973	0.052201095200042
21.000000000000000	0.964325683774448	-0.727637128834707	0.075880401743468
21.000000000000000	1.015852989720890	-0.633540757334950	0.098893627334340
21.000000000000000	1.060790339607096	-0.536156666098006	0.121148105835576
21.000000000000000	1.098956786585433	-0.435876986488177	0.142554226316833
21.000000000000000	1.130198647844528	-0.333105509382164	0.163025793886089


22.000000000000000	nan	nan	nan
22.000000000000000	nan	nan	nan
22.000000000000000	nan	nan	nan
22.000000000000000	nan	nan	nan
22.000000000000000	nan	nan	nan
22.000000000000000	nan	nan	nan
22.000000000000000	nan	nan	nan
22.000000000000000	nan	nan	nan
22.000000000000000	nan	nan	nan
22.000000000000000	nan	nan	nan
22.000000000000000	nan	nan	nan
22.000000000000000	nan	nan	nan
22.000000000000000	nan	nan	nan
22.000000000000000	nan	nan	nan
22.000000000000000	nan	nan	nan
22.000000000000000	nan	nan	nan
22.000000000000000	nan	nan	nan
22.000000000000000	nan	nan	nan
22.000000000000000	nan	nan	nan
22.000000000000000	nan	nan	nan
22.000000000000000	nan	nan	nan
22.000000000000000	nan	nan	nan
22.000000000000000	nan	nan	nan
22.000000000000000	nan	nan	nan
22.000000000000000	nan	nan	nan
22.000000000000000	nan	nan	nan
22.000000000000000	nan	nan	nan
22.000000000000000	nan	nan	nan
22.000000000000000	nan	nan	nan
22.000000000000000	nan	nan	nan
22.000000000000000	nan	nan	nan
22.000000000000000	nan	nan	nan
22.000000000000000	nan	nan	nan
22.000000000000000	nan	nan	nan
22.000000000000000	nan	nan	nan
22.000000000000000	nan	nan	nan
22.000000000000000	nan	nan	nan
22.000000000000000	nan	nan	nan
22.000000000000000	nan	nan	nan
22.000000000000000	nan	nan	nan
22.000000000000000	nan	nan	nan
22.000000000000000	nan	nan	nan
22.000000000000000	nan	nan	nan
22.000000000000000	nan	nan	nan
22.000000000000000	nan	nan	nan
22.000000000000000	nan	nan	nan
22.000000000000000	nan	nan	nan
22.000000000000000	nan	nan	nan
22.000000000000000	nan	nan	nan
22.000000000000000	nan	nan	nan
22.000000000000000	nan	nan	nan
22.000000000000000	nan	nan	nan
22.000000000000000	nan	nan	nan
22.000000000000000	nan	nan	nan
22.000000000000000	nan	nan	nan
22.000000000000000	nan	nan	nan
22.000000000000000	nan	nan	nan
22.000000000000000	nan	nan	nan
22.000000000000000	nan	nan	nan
22.000000000000000	nan	nan	nan
22.000000000000000	nan	nan	nan
22.000000000000000	nan	nan	nan
22.000000000000000	nan	nan	nan
22.000000000000000	nan	nan	nan
22.000000000000000	nan	nan	nan
22.000000000000000	nan	nan	nan
22.000000000000000	nan	nan	nan
22.000000000000000	nan	nan	nan
22.000000000000000	nan	nan	nan
22.000000000000000	nan	nan	nan
22.000000000000000	nan	nan	nan
22.000000000000000	nan	nan	nan
22.000000000000000	nan	nan	nan
22.000000000000000	nan	nan	nan
22.000000000000000	nan	nan	nan
22.000000000000000	nan	nan	nan
22.000000000000000	nan	nan	nan
22.000000000000000	nan	nan	nan
22.000000000000000	nan	nan	nan
22.000000000000000	nan	nan	nan
22.000000000000000	nan	nan	nan
22.000000000000000	nan	nan	nan
22.000000000000000	nan	nan	nan
22.000000000000000	nan	nan	nan
22.000000000000000	nan	nan	nan
22.000000000000000	nan	nan	nan
22.000000000000000	nan	nan	nan
22.000000000000000	nan	nan	nan
22.000000000000000	nan	nan	nan
22.000000000000000	nan	nan	nan
22.000000000000000	nan	nan	nan
22.000000000000000	nan	nan	nan
22.000000000000000	nan	nan	nan
22.000000000000000	nan	nan	nan
22.000000000000000	nan	nan	nan
22.000000000000000	nan	nan	nan
22.000000000000000	nan	nan	nan
22.000000000000000	nan	nan	nan
22.000000000000000	nan	nan	nan
22.000000000000000	nan	nan	nan


23.000000000000000	0.181963684155670	-1.511245140526174	0.232104049743928
23.000000000000000	0.321129944717548	-1.489513695574421	0.232846734864311
23.000000000000000	0.458608219523278	-1.458504707278321	0.232148101841916
23.000000000000000	0.593844932082317	-1.418343037889314	0.230010963825344
23.000000000000000	0.726295531884146	-1.369190404275217	0.226443926315098
23.000000000000000	0.855426687110977	-1.311244726743481	0.221461352512270
23.000000000000000	0.980718432176747	-1.244739332085957	0.215083305482994
23.000000000000000	1.101666261445017	-1.169942014054269	0.207335467371566
23.000000000000000	1.217783160695108	-1.087153955048883	0.198249035987508
23.000000000000000	1.328601568156474	-0.996708513363883	0.187860599183006
23.000000000000000	1.433675257214934	-0.898969880870779	0.176211987526537
23.000000000000000	1.532581133209756	-0.794331616546381	0.163350105865936
23.000000000000000	1.624920937086520	-0.683215061749699	0.149326744459131
23.000000000000000	1.710322849045772	-0.566067643629004	0.134198370433047
23.000000000000000	1.788442985730126	-0.443361073490617	0.118025900410423
23.000000000000000	1.858966784921169	-0.315589447383965	0.100874455220068
23.000000000000000	1.921610272170494	-0.183267256551181	0.082813097678267
23.000000000000000	1.976121204264577	-0.046927315752456	0.063914554497197
23.000000000000000	2.022280084919168	0.092881382190946	0.044254923440126
23.000000000000000	2.059901048613361	0.235595876997017	0.023913366902575
23.000000000000000	2.088832609004444	0.380641507765363	0.002971793153298
23.000000000000000	2.108958268909936	0.527434226933832	-0.018485473481418
23.000000000000000	2.120196989400625	0.675382952031908	-0.040372032162041
23.000000000000000	2.122503516115729	0.823891945761202	-0.062599753441490
23.000000000000000	2.115868561486242	0.972363214819290	-0.085079134131308
23.000000000000000	2.100318842132691	1.120198917807685	-0.107719657699415
23.000000000000000	2.075916971286736	1.266803772528141	-0.130430158748232
23.000000000000000	2.042761206669786	1.411587452973970	-0.153119190105568
23.000000000000000	2.000985054843832	1.553966966364514	-0.175695391050097
23.000000000000000	1.950756733627645	1.693369000651312	-0.198067855188746
23.000000000000000	1.892278494742989	1.829232233043371	-0.220146496504650
23.000000000000000	1.825785809418324	1.961009590255927	-0.241842412101749
23.000000000000000	1.751546420229273	2.088170451381484	-0.263068240185372
23.000000000000000	1.669859262993769	2.210202784512924	-0.283738511837349
23.000000000000000	1.581053263063028	2.326615208515276	-0.303769995169182
23.000000000000000	1.485486010855245	2.436938971644123	-0.323082030467481
23.000000000000000	1.383542321965197	2.540729839043429	-0.341596854982161
23.000000000000000	1.275632687647652	2.637569881522519	-0.359239916049595
23.000000000000000	1.162191621913976	2.727069158409417	-0.375940171289872
23.000000000000000	1.043675911897559	2.808867287704314	-0.391630374669390
23.000000000000000	0.920562778533258	2.882634897210677	-0.406247347276900
23.000000000000000	0.793347954957116	2.948074950800844	-0.419732231722681
23.000000000000000	0.662543690363996	3.004923944475665	-0.432030729136475
23.000000000000000	0.528676687360863	3.052952967402111	-0.443093317809876
23.000000000000000	0.392285981121288	3.091968623656400	-0.452875452602766
23.000000000000000	0.253920768881045	3.121813810961130	-0.461337744310879
23.000000000000000	0.114138198514690	3.142368353280697	-0.468446118272220
23.000000000000000	-0.026498874902303	3.153549484727779	-0.474171951573702
23.000000000000000	-0.167424155512260	3.155312182832346	-0.478492188305517
23.000000000000000	-0.308070186948864	3.147649349831269	-0.481389432399146
23.000000000000000	-0.447870637283662	3.130591841248490	-0.482852017675190
23.000000000000000	-0.586262579444853	3.104208341650733	-0.482874054818952
23.000000000000000	-0.722688757925927	3.068605088078986	-0.481455455094632
23.000000000000000	-0.856599832656910	3.023925442269435	-0.478601930702633
23.000000000000000	-0.987456591002941	2.970349313386353	-0.474324971778549
23.000000000000000	-1.114732118983237	2.908092433591391	-0.468641800126442
23.000000000000000	-1.237913922967727	2.837405489366306	-0.461575299872712
23.000000000000000	-1.356505993308013	2.758573112086975	-0.453153925319807
23.000000000000000	-1.470030801593170	2.671912731913307	-0.443411586370777
23.000000000000000	-1.578031223488106	2.577773299610020	-0.432387511986074
23.000000000000000	-1.680072379411926	2.476533881445071	-0.420126092222367
23.000000000000000	-1.775743385644514	2.368602132823592	-0.406676699489450
23.000000000000000	-1.864659008810259	2.254412656803441	-0.392093489744982
23.000000000000000	-1.946461217076886	2.134425254102089	-0.376435184427550
23.000000000000000	-2.020820621823286	2.009123071641405	-0.359764834006166
23.000000000000000	-2.087437803971233	1.879010657085538	-0.342149564098280
23.000000000000000	-2.146044519640337	1.744611927205534	-0.323660305178612
23.000000000000000	-2.196404780271474	1.606468058251429	-0.304371506967163
23.000000000000000	-2.238315802869421	1.465135306826483	-0.284360838646469
23.000000000000000	-2.271608826538412	1.321182770038170	-0.263708876115216
23.000000000000000	-2.296149792022697	1.175190093944982	-0.242498777537537
23.000000000000000	-2.311839881515851	1.027745139526347	-0.220815948494432
23.000000000000000	-2.318615916565204	0.879441615573928	-0.198747698085638
23.000000000000000	-2.316450612469173	0.730876688035877	-0.176382887366699
23.000000000000000	-2.305352688143122	0.582648575440322	-0.153811571536861
23.000000000000000	-2.285366831011367	0.435354140080501	-0.131124637318565
23.000000000000000	-2.256573517066696	0.289586484660953	-0.108413436988695
23.000000000000000	-2.219088686821942	0.145932564082266	-0.085769420535204
23.000000000000000	-2.173063278458463	0.004970821980853	-0.063283767420285
23.000000000000000	-2.118682620051360	-0.132731138459409	-0.041047019432861
23.000000000000000	-2.056165683318722	-0.266618840044877	-0.019148716108755
23.000000000000000	-1.985764201899808	-0.396153164256099	0.002322965813415
23.000000000000000	-1.907761657712528	-0.520812522087804	0.023281567448846
23.000000000000000	-1.822472139471813	-0.640094954303750	0.043642695905960
23.000000000000000	-1.730239077965214	-0.753520152649395	0.063324364106793
23.000000000000000	-1.631433863178332	-0.860631393883719	0.082247320920023
23.000000000000000	-1.526454348838432	-0.960997378842513	0.100335370277302
23.000000000000000	-1.415723250397894	-1.054213969127900	0.117515677987934
23.000000000000000	-1.299686442908286	-1.139905814431014	0.133719065016449
23.000000000000000	-1.178811165638900	-1.217727863935224	0.148880286042169
23.000000000000000	-1.053584140669127	-1.287366755713981	0.162938292179081
23.000000000000000	-0.924509613030420	-1.348542078528707	0.175836476798158
23.000000000000000	-0.792107320289530	-1.401007500945876	0.187522903462273
23.000000000000000	-0.656910399748758	-1.444551763226757	0.197950515055901
23.000000000000000	-0.519463241690216	-1.478999527995822	0.207077323267514
23.000000000000000	-0.380319297308284	-1.504212086262469	0.214866577661695
23.000000000000000	-0.240038850157000	-1.520087915953175	0.221286913660167
23.000000000000000	-0.099186760085936	-1.526563090705048	0.226312478835881
23.000000000000000	0.041669811251063	-1.523611537274738	0.229923037011618
23.000000000000000	0.181963684155670	-1.511245140526174	0.232104049743928


24.000000000000000	nan	nan	nan
24.000000000000000	nan	nan	nan
24.000000000000000	nan	nan	nan
24.000000000000000	nan	nan	nan
24.000000000000000	nan	nan	nan
24.000000000000000	nan	nan	nan
24.000000000000000	nan	nan	nan
24.000000000000000	nan	nan	nan
24.000000000000000	nan	nan	nan
24.000000000000000	nan	nan	nan
24.000000000000000	nan	nan	nan
24.000000000000000	nan	nan	nan
24.000000000000000	nan	nan	nan
24.000000000000000	nan	nan	nan
24.000000000000000	nan	nan	nan
24.000000000000000	nan	nan	nan
24.000000000000000	nan	nan	nan
24.000000000000000	nan	nan	nan
24.000000000000000	nan	nan	nan
24.000000000000000	nan	nan	nan
24.000000000000000	nan	nan	nan
24.000000000000000	nan	nan	nan
24.000000000000000	nan	nan	nan
24.000000000000000	nan	nan	nan
24.000000000000000	nan	nan	nan
24.000000000000000	nan	nan	nan
24.000000000000000	nan	nan	nan
24.000000000000000	nan	nan	nan
24.000000000000000	nan	nan	nan
24.000000000000000	nan	nan	nan
24.000000000000000	nan	nan	nan
24.000000000000000	nan	nan	nan
24.000000000000000	nan	nan	nan
24.000000000000000	nan	nan	nan
24.000000000000000	nan	nan	nan
24.000000000000000	nan	nan	nan
24.000000000000000	nan	nan	nan
24.000000000000000	nan	nan	nan
24.000000000000000	nan	nan	nan
24.000000000000000	nan	nan	nan
24.000000000000000	nan	nan	nan
24.000000000000000	nan	nan	nan
24.000000000000000	nan	nan	nan
24.000000000000000	nan	nan	nan
24.000000000000000	nan	nan	nan
24.000000000000000	nan	nan	nan
24.000000000000000	nan	nan	nan
24.000000000000000	nan	nan	nan
24.000000000000000	nan	nan	nan
24.000000000000000	nan	nan	nan
24.000000000000000	nan	nan	nan
24.000000000000000	nan	nan	nan
24.000000000000000	nan	nan	nan
24.000000000000000	nan	nan	nan
24.000000000000000	nan	nan	nan
24.000000000000000	nan	nan	nan
24.000000000000000	nan	nan	nan
24.000000000000000	nan	nan	nan
24.000000000000000	nan	nan	nan
24.000000000000000	nan	nan	nan
24.000000000000000	nan	nan	nan
24.000000000000000	nan	nan	nan
24.000000000000000	nan	nan	nan
24.000000000000000	nan	nan	nan
24.000000000000000	nan	nan	nan
24.000000000000000	nan	nan	nan
24.000000000000000	nan	nan	nan
24.000000000000000	nan	nan	nan
24.000000000000000	nan	nan	nan
24.000000000000000	nan	nan	nan
24.000000000000000	nan	nan	nan
24.000000000000000	nan	nan	nan
24.000000000000000	nan	nan	nan
24.000000000000000	nan	nan	nan
24.000000000000000	nan	nan	nan
24.000000000000000	nan	nan	nan
24.000000000000000	nan	nan	nan
24.000000000000000	nan	nan	nan
24.000000000000000	nan	nan	nan
24.000000000000000	nan	nan	nan
24.000000000000000	nan	nan	nan
24.000000000000000	nan	nan	nan
24.000000000000000	nan	nan	nan
24.000000000000000	nan	nan	nan
24.000000000000000	nan	nan	nan
24.000000000000000	nan	nan	nan
24.000000000000000	nan	nan	nan
24.000000000000000	nan	nan	nan
24.000000000000000	nan	nan	nan
24.000000000000000	nan	nan	nan
24.000000000000000	nan	nan	nan
24.000000000000000	nan	nan	nan
24.000000000000000	nan	nan	nan
24.000000000000000	nan	nan	nan
24.000000000000000	nan	nan	nan
24.000000000000000	nan	nan	nan
24.000000000000000	nan	nan	nan
24.000000000000000	nan	nan	nan
24.000000000000000	nan	nan	nan
24.000000000000000	nan	nan	nan


25.000000000000000	1.340095348914790	0.246457563818675	-0.260855721345831
25.000000000000000	1.320377568255445	0.340834613174337	-0.256630808030358
25.000000000000000	1.294798693226870	0.433739120993546	-0.251266563079470
25.000000000000000	1.263461720930901	0.524796993613382	-0.244784586414306
25.000000000000000	1.226492834294784	0.613641573119114	-0.237210978667124
25.000000000000000	1.184040893977065	0.699915113746211	-0.228576236083264
25.000000000000000	1.136276838958256	0.783270222396278	-0.218915127723533
25.000000000000000	1.083392998229891	0.863371257466447	-0.208266555461468
25.000000000000000	1.025602316353562	0.939895680359652	-0.196673397339220
25.000000000000000	0.963137496008323	1.012535354233720	-0.184182334912815
25.000000000000000	0.896250060979137	1.080997784759679	-0.170843665282002
25.000000000000000	0.825209343359361	1.145007297893192	-0.156711098561583
25.000000000000000	0.750301399045472	1.204306149916627	-0.141841541609740
25.000000000000000	0.671827855890930	1.258655565282047	-0.126294868884202
25.000000000000000	0.590104699157271	1.307836698076062	-0.110133681348931
25.000000000000000	0.505460999152981	1.351651513235086	-0.093423054402143
25.000000000000000	0.418237586183512	1.389923583962638	-0.076230275840640
25.000000000000000	0.328785678147931	1.422498802137789	-0.058624574915605
25.000000000000000	0.237465466308405	1.449245998854166	-0.040676843570842
25.000000000000000	0.144644664927111	1.470057472590851	-0.022459350985935
25.000000000000000	0.050697030610688	1.484849422888384	-0.004045452573774
25.000000000000000	-0.043999142675704	1.493562287783644	0.014490705395806
25.000000000000000	-0.139062546864664	1.496160983644850	0.033074484356884
25.000000000000000	-0.234110395179560	1.492635046440963	0.051631053990612
25.000000000000000	-0.328759963481773	1.482998673876643	0.070085693540500
25.000000000000000	-0.422630131365726	1.467290668223111	0.088364092686532
25.000000000000000	-0.515342916796242	1.445574280075090	0.106392650766593
25.000000000000000	-0.606524998108790	1.417936953662989	0.124098773140362
25.000000000000000	-0.695809217244073	1.384489974745847	0.141411163502306
25.000000000000000	-0.782836058163943	1.345368022502860	0.158260110966737
25.000000000000000	-0.867255094495595	1.300728627227863	0.174577770768947
25.000000000000000	-0.948726400574895	1.250751536010430	0.190298437452129
25.000000000000000	-1.026921920207053	1.195637988957791	0.205358809440061
25.000000000000000	-1.101526787633129	1.135609908871945	0.219698243930212
25.000000000000000	-1.172240595383323	1.070909007644860	0.233259001080904
25.000000000000000	-1.238778603911823	1.001795812969998	0.245986476509277
25.000000000000000	-1.300872888142459	0.928548619289244	0.257829421163863
25.000000000000000	-1.358273416308426	0.851462367199408	0.268740147686432
25.000000000000000	-1.410749056741958	0.770847455830544	0.278674722432150
25.000000000000000	-1.458088508559980	0.687028492978205	0.287593142374862
25.000000000000000	-1.500101152498183	0.600342988022416	0.295459496185161
25.000000000000000	-1.536617818467532	0.511139992896524	0.302242108832632
25.000000000000000	-1.567491466742496	0.419778696578262	0.307913669130025
25.000000000000000	-1.592597780038135	0.326626978762501	0.312451339705765
25.000000000000000	-1.611835664091923	0.232059928539568	0.315836848961985
25.000000000000000	-1.625127654734667	0.136458334043860	0.318056564647805
25.000000000000000	-1.632420229811374	0.040207149154423	0.319101548751593
25.000000000000000	-1.633684024696080	-0.056306056578449	0.318967593491183
25.000000000000000	-1.628913950532831	-0.152692658539003	0.317655238257131
25.000000000000000	-1.618129214726716	-0.248564541900195	0.315169767440777
25.000000000000000	-1.601373243602420	-0.343535664425114	0.311521189155866
25.000000000000000	-1.578713507541746	-0.437223610922818	0.306724194939410
25.000000000000000	-1.550241249304196	-0.529251133099337	0.300798100594047
25.000000000000000	-1.516071116624588	-0.619247668603407	0.293766768410130
25.000000000000000	-1.476340700567087	-0.706850833150270	0.285658511080698
25.000000000000000	-1.431209981494553	-0.791707879715285	0.276505977696257
25.000000000000000	-1.380860684884086	-0.873477118921703	0.266346022278417
25.000000000000000	-1.325495549582666	-0.951829294903182	0.255219555381753
25.000000000000000	-1.265337511449371	-1.026448911100957	0.243171379361441
25.000000000000000	-1.200628805671360	-1.097035500657127	0.230250007969985
25.000000000000000	-1.131629991368266	-1.163304836288649	0.216507471009462
25.000000000000000	-1.058618902412588	-1.224990074770281	0.201999104825869
25.000000000000000	-0.981889528690739	-1.281842831418080	0.186783329489189
25.000000000000000	-0.901750832309544	-1.333634180246850	0.170921413556390
25.000000000000000	-0.818525503514875	-1.380155575774292	0.154477227364570
25.000000000000000	-0.732548661331929	-1.421219692760055	0.137516985847650
25.000000000000000	-0.644166504159184	-1.456661180498360	0.120108981912206
25.000000000000000	-0.553734915749646	-1.486337328626937	0.102323311446041
25.000000000000000	-0.461618032192572	-1.510128641771284	0.084231591066780
25.000000000000000	-0.368186775665967	-1.527939320710366	0.065906669747030
25.000000000000000	-0.273817360863882	-1.539697648126261	0.047422335477279
25.000000000000000	-0.178889780112632	-1.545356277384495	0.028853018147702
25.000000000000000	-0.083786273275801	-1.544892423182223	0.010273489845258
25.000000000000000	0.011110211390767	-1.538307953296603	-0.008241436227106
25.000000000000000	0.105417559236446	-1.525629381063916	-0.026617206996825
25.000000000000000	0.198756027856649	-1.506907758619721	-0.044779829720623
25.000000000000000	0.290749776181474	-1.482218471329920	-0.062656169927176
25.000000000000000	0.381028377855037	-1.451660934240500	-0.080174245903814
25.000000000000000	0.469228312811671	-1.415358191768226	-0.097263518541477
25.000000000000000	0.554994431042920	-1.373456422244209	-0.113855175370804
25.000000000000000	0.637981382661284	-1.326124349305353	-0.129882407645665
25.000000000000000	0.717855008502326	-1.273552562503822	-0.145280679358402
25.000000000000000	0.794293685665680	-1.215952749870183	-0.159987987103550
25.000000000000000	0.866989622576964	-1.153556845520415	-0.173945109743674
25.000000000000000	0.935650098355816	-1.086616095739089	-0.187095846871980
25.000000000000000	0.999998641499561	-1.015400047299253	-0.199387245111525
25.000000000000000	1.059776143136376	-0.940195462092716	-0.210769811339769
25.000000000000000	1.114741900365266	-0.861305162441115	-0.221197711979917
25.000000000000000	1.164674585481692	-0.779046811737305	-0.230628957556554
25.000000000000000	1.209373137186122	-0.693751635326999	-0.239025571772442
25.000000000000000	1.248657570186914	-0.605763086781200	-0.246353744425666
25.000000000000000	1.282369699937572	-0.515435464929894	-0.252583967551386
25.000000000000000	1.310373779590077	-0.423132487225703	-0.257691154239991
25.000000000000000	1.332557046599532	-0.329225825182080	-0.261654739653237
25.000000000000000	1.348830176779137	-0.234093607783306	-0.264458763831587
25.000000000000000	1.359127643977157	-0.138118898892521	-0.266091935959338
25.000000000000000	1.363407983927614	-0.041688154788752	-0.266547679828750
25.000000000000000	1.361653961212246	0.054810331956124	-0.265824160320112
25.000000000000000	1.353872638661457	0.150987995994524	-0.263924290791123
25.000000000000000	1.340095348914790	0.246457563818675	-0.260855721345831


