# n	x	y	z
1.000000000000000	0.075327462887739	0.465429824721732	-0.011777212227943
1.000000000000000	0.045401615425459	0.469209527672128	-0.015231982747710
1.000000000000000	0.015288532529222	0.471072584603002	-0.018624728528316
1.000000000000000	-0.014890531044374	0.471011493641649	-0.021941788179951
1.000000000000000	-0.045014054857832	0.469026500779809	-0.025169805074133
1.000000000000000	-0.074960742112663	0.465125598883144	-0.028295781126139
1.000000000000000	-0.104610008068790	0.459324495506794	-0.031307129133701
1.000000000000000	-0.133842465596731	0.451646549646592	-0.034191723461228
1.000000000000000	-0.162540405907435	0.442122677680634	-0.036937948865464
1.000000000000000	-0.190588272524029	0.430791228879936	-0.039534747265968
1.000000000000000	-0.217873126586968	0.417697830989453	-0.041971662272106
1.000000000000000	-0.244285101618961	0.402895206501258	-0.044238881287241
1.000000000000000	-0.269717845918495	0.386442960359671	-0.046327275020602
1.000000000000000	-0.294068950800605	0.368407339953185	-0.048228434247708
1.000000000000000	-0.317240362960501	0.348860968359619	-0.049934703671355
1.000000000000000	-0.339138779299621	0.327882551918608	-0.051439212746791
1.000000000000000	-0.359676022624276	0.305556563308960	-0.052735903346976
1.000000000000000	-0.378769396704091	0.281972901406988	-0.053819554156522
1.000000000000000	-0.396342019260534	0.257226529295463	-0.054685801696087
1.000000000000000	-0.412323131544716	0.231417091880802	-0.055331157892566
1.000000000000000	-0.426648383257905	0.204648514658193	-0.055753024124330
1.000000000000000	-0.439260091667459	0.177028585240308	-0.055949701684958
1.000000000000000	-0.450107473874837	0.148668519334633	-0.055920398623331
1.000000000000000	-0.459146851300405	0.119682512917059	-0.055665232932535
1.000000000000000	-0.466341825561663	0.090187282405001	-0.055185232074747
1.000000000000000	-0.471663425036682	0.060301594681573	-0.054482328844009
1.000000000000000	-0.475090221522602	0.030145788863270	-0.053559353583546
1.000000000000000	-0.476608416519440	-0.000158708263181	-0.052420022788973
1.000000000000000	-0.476211896791781	-0.030489871183637	-0.051068924143279
1.000000000000000	-0.473902258984620	-0.060725567010211	-0.049511498043851
1.000000000000000	-0.469688803194234	-0.090744047267310	-0.047754015695905
1.000000000000000	-0.463588495519977	-0.120424438129774	-0.045803553860566
1.000000000000000	-0.455625899747789	-0.149647227139108	-0.043667966359239
1.000000000000000	-0.445833078440495	-0.178294744437975	-0.041355852449052
1.000000000000000	-0.434249463833184	-0.206251636585174	-0.038876522196673
1.000000000000000	-0.420921699053516	-0.233405331043239	-0.036239958989966
1.000000000000000	-0.405903450306307	-0.259646489468314	-0.033456779338405
1.000000000000000	-0.389255190778664	-0.284869447977076	-0.030538190124140
1.000000000000000	-0.371043957135806	-0.308972642617895	-0.027495943475841
1.000000000000000	-0.351343079588071	-0.331859018333025	-0.024342289447017
1.000000000000000	-0.330231886616042	-0.353436419765065	-0.021089926689381
1.000000000000000	-0.307795385542754	-0.373617962334059	-0.017751951319855
1.000000000000000	-0.284123920239204	-0.392322382091029	-0.014341804187136
1.000000000000000	-0.259312807341475	-0.409474362939223	-0.010873216750137
1.000000000000000	-0.233461952444278	-0.425004839905451	-0.007360155786250
1.000000000000000	-0.206675447816385	-0.438851277240354	-0.003816767152063
1.000000000000000	-0.179061153257804	-0.450957920227798	-0.000257318822991
1.000000000000000	-0.150730261786429	-0.461276019689438	0.003303856558832
1.000000000000000	-0.121796851903002	-0.469764028280449	0.006852419397037
1.000000000000000	-0.092377428237259	-0.476387767786027	0.010374080881518
1.000000000000000	-0.062590452424898	-0.481120566744989	0.013854660524425
1.000000000000000	-0.032555866104388	-0.483943367846339	0.017280143259986
1.000000000000000	-0.002394607954323	-0.484844804666333	0.020636735878227
1.000000000000000	0.027771873283955	-0.483821247437053	0.023910922565362
1.000000000000000	0.057822107837573	-0.480876817662203	0.027089519327207
1.000000000000000	0.087635094018025	-0.476023371521268	0.030159727076467
1.000000000000000	0.117090785452270	-0.469280452128864	0.033109183170148
1.000000000000000	0.146070574467105	-0.460675210841514	0.035926011189551
1.000000000000000	0.174457769680404	-0.450242297928714	0.038598868762424
1.000000000000000	0.202138065876127	-0.438023723048534	0.041116993234691
1.000000000000000	0.229000004271080	-0.424068686089545	0.043470245007857
1.000000000000000	0.254935421320102	-0.408433379060239	0.045649148367597
1.000000000000000	0.279839884252480	-0.391180759823638	0.047644929639113
1.000000000000000	0.303613111585860	-0.372380298588203	0.049449552515623
1.000000000000000	0.326159376924383	-0.352107698175824	0.051055750417732
1.000000000000000	0.347387894415095	-0.330444589193274	0.052457055753387
1.000000000000000	0.367213184310534	-0.307478201334565	0.053647825960584
1.000000000000000	0.385555417165503	-0.283301012137762	0.054623266227972
1.000000000000000	0.402340735282072	-0.258010374610572	0.055379448801870
1.000000000000000	0.417501550108459	-0.231708125224144	0.055913328801944
1.000000000000000	0.430976814394274	-0.204500173853542	0.056222756481862
1.000000000000000	0.442712268006247	-0.176496077316058	0.056306485885569
1.000000000000000	0.452660656414639	-0.147808598224578	0.056164179864307
1.000000000000000	0.460781920970551	-0.118553250932335	0.055796411434198
1.000000000000000	0.467043360207967	-0.088847836397384	0.055204661468907
1.000000000000000	0.471419761521011	-0.058811967839716	0.054391312736693
1.000000000000000	0.473893502686222	-0.028566589101039	0.053359640305831
1.000000000000000	0.474454622821017	0.001766512353384	0.052113798357079
1.000000000000000	0.473100862492659	0.032065195829874	0.050658803456253
1.000000000000000	0.469837672816187	0.062207459223804	0.049000514354287
1.000000000000000	0.464678193504708	0.092071930279010	0.047145608396111
1.000000000000000	0.457643199960401	0.121538355311033	0.045101554633342
1.000000000000000	0.448761019619313	0.150488083426258	0.042876583749046
1.000000000000000	0.438067417886767	0.178804544287192	0.040479654915685
1.000000000000000	0.425605454122701	0.206373717500067	0.037920419719690
1.000000000000000	0.411425308256818	0.233084591734723	0.035209183297928
1.000000000000000	0.395584078731728	0.258829611728052	0.032356862842556
1.000000000000000	0.378145552587664	0.283505111371086	0.029374943641340
1.000000000000000	0.359179948614590	0.307011731135827	0.026275432830452
1.000000000000000	0.338763634605913	0.329254818160997	0.023070811045975
1.000000000000000	0.316978819852336	0.350144807385704	0.019773982168785
1.000000000000000	0.293913224114056	0.369597582196332	0.016398221365173
1.000000000000000	0.269659724404254	0.387534813134455	0.012957121632444
1.000000000000000	0.244315981006138	0.403884273301918	0.009464539064704
1.000000000000000	0.217984044229458	0.418580129193067	0.005934537059270
1.000000000000000	0.190769943489919	0.431563205783040	0.002381329688326
1.000000000000000	0.162783260366152	0.442781224804704	-0.001180775536129
1.000000000000000	0.134136687353372	0.452189015254789	-0.004737435273578
1.000000000000000	0.104945574090472	0.459748695281573	-0.008274328110559
1.000000000000000	0.075327462887739	0.465429824721732	-0.011777212227943


2.000000000000000	0.152490045670866	0.798823849006741	0.007093854281455
2.000000000000000	0.094892940035272	0.807886056681739	0.010625828907102
2.000000000000000	0.036827433434155	0.813243104030001	0.014111002356889
2.000000000000000	-0.021472664831260	0.814873420112591	0.017535341067405
2.000000000000000	-0.079772600841915	0.812770440222056	0.020885056435261
2.000000000000000	-0.137837621332093	0.806942632316180	0.024146660338932
2.000000000000000	-0.195433918957969	0.797413462920513	0.027307019450661
2.000000000000000	-0.252329573757257	0.784221302636948	0.030353408119733
2.000000000000000	-0.308295487009048	0.767419271638858	0.033273559614183
2.000000000000000	-0.363106303733496	0.747075025774901	0.036055715514591
2.000000000000000	-0.416541320116788	0.723270484142794	0.038688673061091
2.000000000000000	-0.468385372207506	0.696101499230026	0.041161830262929
2.000000000000000	-0.518429702305915	0.665677470949717	0.043465228588939
2.000000000000000	-0.566472799557542	0.632120906125780	0.045589593067033
2.000000000000000	-0.612321211366268	0.595566925201181	0.047526369631237
2.000000000000000	-0.655790322359651	0.556162718155603	0.049267759565902
2.000000000000000	-0.696705097769871	0.514066951823351	0.050806750908373
2.000000000000000	-0.734900788236966	0.469449130998004	0.052137146683691
2.000000000000000	-0.770223593196358	0.422488915896446	0.053253589857625
2.000000000000000	-0.802531280179437	0.373375398730574	0.054151584907553
2.000000000000000	-0.831693757533520	0.322306342299706	0.054827515924352
2.000000000000000	-0.857593598255017	0.269487383669584	0.055278661172384
2.000000000000000	-0.880126512826530	0.215131206144488	0.055503204048962
2.000000000000000	-0.899201769153931	0.159456682866639	0.055500240399175
2.000000000000000	-0.914742557912483	0.102687995491300	0.055269782156593
2.000000000000000	-0.926686301830878	0.045053731486377	0.054812757295221
2.000000000000000	-0.934984907667829	-0.013214036308636	0.054131006092872
2.000000000000000	-0.939604959866570	-0.071880684158075	0.053227273721017
2.000000000000000	-0.940527855107516	-0.130709982177077	0.052105199190951
2.000000000000000	-0.937749877217263	-0.189465045545954	0.050769300700778
2.000000000000000	-0.931282212132303	-0.247909288361753	0.049224957442221
2.000000000000000	-0.921150902857212	-0.305807376286187	0.047478387940515
2.000000000000000	-0.907396744598658	-0.362926174153953	0.045536625014603
2.000000000000000	-0.890075120497505	-0.419035684725761	0.043407487458454
2.000000000000000	-0.869255778620447	-0.473909974806041	0.041099548557542
2.000000000000000	-0.845022551109168	-0.527328084996178	0.038622101567247
2.000000000000000	-0.817473016617888	-0.579074919420025	0.035985122292200
2.000000000000000	-0.786718107398567	-0.628942111839082	0.033199228917236
2.000000000000000	-0.752881662615878	-0.676728864669790	0.030275639251713
2.000000000000000	-0.716099929690598	-0.722242757524537	0.027226125559351
2.000000000000000	-0.676521015679334	-0.765300522020642	0.024062967155481
2.000000000000000	-0.634304290899678	-0.805728779737449	0.020798900962581
2.000000000000000	-0.589619747202189	-0.843364740350034	0.017447070223175
2.000000000000000	-0.542647313473204	-0.878056857128389	0.014020971576645
2.000000000000000	-0.493576131124722	-0.909665437162611	0.010534400713019
2.000000000000000	-0.442603792488693	-0.938063203856957	0.007001396822602
2.000000000000000	-0.389935545182435	-0.963135809427761	0.003436186065110
2.000000000000000	-0.335783465648919	-0.984782295341611	-0.000146875714058
2.000000000000000	-0.280365605199790	-1.002915498839723	-0.003733360789734
2.000000000000000	-0.223905111999686	-1.017462403911612	-0.007308827652347
2.000000000000000	-0.166629332527346	-1.028364435304794	-0.010858879158780
2.000000000000000	-0.108768896131575	-1.035577694386651	-0.014369220504586
2.000000000000000	-0.050556786368258	-1.039073135908735	-0.017825716784117
2.000000000000000	0.007772597142189	-1.038836684961733	-0.021214449906805
2.000000000000000	0.065984382559363	-1.034869293650152	-0.024521774640397
2.000000000000000	0.123844171568874	-1.027186937258540	-0.027734373555490
2.000000000000000	0.181118983221635	-1.015820549924645	-0.030839310650120
2.000000000000000	0.237578192065906	-1.000815900078565	-0.033824083438476
2.000000000000000	0.292994456794598	-0.982233406149434	-0.036676673293995
2.000000000000000	0.347144635668474	-0.960147893281727	-0.039385593844134
2.000000000000000	0.399810685029178	-0.934648292040819	-0.041939937221932
2.000000000000000	0.450780537284086	-0.905837280320982	-0.044329417988149
2.000000000000000	0.499848954827662	-0.873830869897744	-0.046544414547089
2.000000000000000	0.546818356460848	-0.838757939289418	-0.048576007889381
2.000000000000000	0.591499612980826	-0.800759714808789	-0.050416017505672
2.000000000000000	0.633712808737561	-0.759989201894606	-0.052057034326658
2.000000000000000	0.673287966090625	-0.716610569012675	-0.053492450556786
2.000000000000000	0.710065729849162	-0.670798486607393	-0.054716486281521
2.000000000000000	0.743898008938999	-0.622737423765518	-0.055724212741014
2.000000000000000	0.774648572713134	-0.572620905424261	-0.056511572176482
2.000000000000000	0.802193599504468	-0.520650733114669	-0.057075394169375
2.000000000000000	0.826422175211958	-0.467036172378086	-0.057413408407523
2.000000000000000	0.847236739912554	-0.411993110127671	-0.057524253826889
2.000000000000000	0.864553480700578	-0.355743185348002	-0.057407484092092
2.000000000000000	0.878302669172713	-0.298512896633104	-0.057063569393640
2.000000000000000	0.888428942199671	-0.240532690156561	-0.056493894554643
2.000000000000000	0.894891524853979	-0.182036031746101	-0.055700753454613
2.000000000000000	0.897664394596215	-0.123258466799110	-0.054687339792826
2.000000000000000	0.896736386058594	-0.064436671824455	-0.053457734228419
2.000000000000000	0.892111236003963	-0.005807501429714	-0.052016887949020
2.000000000000000	0.883807568279175	0.052392965408735	-0.050370602734057
2.000000000000000	0.871858818823427	0.109930375952425	-0.048525507593046
2.000000000000000	0.856313101033544	0.166573047356567	-0.046489032072903
2.000000000000000	0.837233012028299	0.222092899575094	-0.044269376341788
2.000000000000000	0.814695380591919	0.276266373758510	-0.041875478169916
2.000000000000000	0.788790957811681	0.328875332446466	-0.039316976940313
2.000000000000000	0.759624051655317	0.379707937930332	-0.036604174834425
2.000000000000000	0.727312106959641	0.428559505248873	-0.033747995348865
2.000000000000000	0.691985232521643	0.475233326382356	-0.030759939310350
2.000000000000000	0.653785677196283	0.519541462326311	-0.027652038565932
2.000000000000000	0.612867257110563	0.561305499855570	-0.024436807534994
2.000000000000000	0.569394736300267	0.600357269931361	-0.021127192818103
2.000000000000000	0.523543163263341	0.636539524858667	-0.017736521065616
2.000000000000000	0.475497166101379	0.669706571467198	-0.014278445315962
2.000000000000000	0.425450209087416	0.699724857766363	-0.010766890019680
2.000000000000000	0.373603813653587	0.726473510712003	-0.007215994970566
2.000000000000000	0.320166746935441	0.749844822919476	-0.003640058369717
2.000000000000000	0.265354181140372	0.769744686363281	-0.000053479251720
2.000000000000000	0.209386827125084	0.786092971316864	0.003529300495178
2.000000000000000	0.152490045670866	0.798823849006741	0.007093854281455


3.000000000000000	nan	nan	nan
3.000000000000000	nan	nan	nan
3.000000000000000	nan	nan	nan
3.000000000000000	nan	nan	nan
3.000000000000000	nan	nan	nan
3.000000000000000	nan	nan	nan
3.000000000000000	nan	nan	nan
3.000000000000000	nan	nan	nan
3.000000000000000	nan	nan	nan
3.000000000000000	nan	nan	nan
3.000000000000000	nan	nan	nan
3.000000000000000	nan	nan	nan
3.000000000000000	nan	nan	nan
3.000000000000000	nan	nan	nan
3.000000000000000	nan	nan	nan
3.000000000000000	nan	nan	nan
3.000000000000000	nan	nan	nan
3.000000000000000	nan	nan	nan
3.000000000000000	nan	nan	nan
3.000000000000000	nan	nan	nan
3.000000000000000	nan	nan	nan
3.000000000000000	nan	nan	nan
3.000000000000000	nan	nan	nan
3.000000000000000	nan	nan	nan
3.000000000000000	nan	nan	nan
3.000000000000000	nan	nan	nan
3.000000000000000	nan	nan	nan
3.000000000000000	nan	nan	nan
3.000000000000000	nan	nan	nan
3.000000000000000	nan	nan	nan
3.000000000000000	nan	nan	nan
3.000000000000000	nan	nan	nan
3.000000000000000	nan	nan	nan
3.000000000000000	nan	nan	nan
3.000000000000000	nan	nan	nan
3.000000000000000	nan	nan	nan
3.000000000000000	nan	nan	nan
3.000000000000000	nan	nan	nan
3.000000000000000	nan	nan	nan
3.000000000000000	nan	nan	nan
3.000000000000000	nan	nan	nan
3.000000000000000	nan	nan	nan
3.000000000000000	nan	nan	nan
3.000000000000000	nan	nan	nan
3.000000000000000	nan	nan	nan
3.000000000000000	nan	nan	nan
3.000000000000000	nan	nan	nan
3.000000000000000	nan	nan	nan
3.000000000000000	nan	nan	nan
3.000000000000000	nan	nan	nan
3.000000000000000	nan	nan	nan
3.000000000000000	nan	nan	nan
3.000000000000000	nan	nan	nan
3.000000000000000	nan	nan	nan
3.000000000000000	nan	nan	nan
3.000000000000000	nan	nan	nan
3.000000000000000	nan	nan	nan
3.000000000000000	nan	nan	nan
3.000000000000000	nan	nan	nan
3.000000000000000	nan	nan	nan
3.000000000000000	nan	nan	nan
3.000000000000000	nan	nan	nan
3.000000000000000	nan	nan	nan
3.000000000000000	nan	nan	nan
3.000000000000000	nan	nan	nan
3.000000000000000	nan	nan	nan
3.000000000000000	nan	nan	nan
3.000000000000000	nan	nan	nan
3.000000000000000	nan	nan	nan
3.000000000000000	nan	nan	nan
3.000000000000000	nan	nan	nan
3.000000000000000	nan	nan	nan
3.000000000000000	nan	nan	nan
3.000000000000000	nan	nan	nan
3.000000000000000	nan	nan	nan
3.000000000000000	nan	nan	nan
3.000000000000000	nan	nan	nan
3.000000000000000	nan	nan	nan
3.000000000000000	nan	nan	nan
3.000000000000000	nan	nan	nan
3.000000000000000	nan	nan	nan
3.000000000000000	nan	nan	nan
3.000000000000000	nan	nan	nan
3.000000000000000	nan	nan	nan
3.000000000000000	nan	nan	nan
3.000000000000000	nan	nan	nan
3.000000000000000	nan	nan	nan
3.000000000000000	nan	nan	nan
3.000000000000000	nan	nan	nan
3.000000000000000	nan	nan	nan
3.000000000000000	nan	nan	nan
3.000000000000000	nan	nan	nan
3.000000000000000	nan	nan	nan
3.000000000000000	nan	nan	nan
3.000000000000000	nan	nan	nan
3.000000000000000	nan	nan	nan
3.000000000000000	nan	nan	nan
3.000000000000000	nan	nan	nan
3.000000000000000	nan	nan	nan
3.000000000000000	nan	nan	nan


4.000000000000000	nan	nan	nan
4.000000000000000	nan	nan	nan
4.000000000000000	nan	nan	nan
4.000000000000000	nan	nan	nan
4.000000000000000	nan	nan	nan
4.000000000000000	nan	nan	nan
4.000000000000000	nan	nan	nan
4.000000000000000	nan	nan	nan
4.000000000000000	nan	nan	nan
4.000000000000000	nan	nan	nan
4.000000000000000	nan	nan	nan
4.000000000000000	nan	nan	nan
4.000000000000000	nan	nan	nan
4.000000000000000	nan	nan	nan
4.000000000000000	nan	nan	nan
4.000000000000000	nan	nan	nan
4.000000000000000	nan	nan	nan
4.000000000000000	nan	nan	nan
4.000000000000000	nan	nan	nan
4.000000000000000	nan	nan	nan
4.000000000000000	nan	nan	nan
4.000000000000000	nan	nan	nan
4.000000000000000	nan	nan	nan
4.000000000000000	nan	nan	nan
4.000000000000000	nan	nan	nan
4.000000000000000	nan	nan	nan
4.000000000000000	nan	nan	nan
4.000000000000000	nan	nan	nan
4.000000000000000	nan	nan	nan
4.000000000000000	nan	nan	nan
4.000000000000000	nan	nan	nan
4.000000000000000	nan	nan	nan
4.000000000000000	nan	nan	nan
4.000000000000000	nan	nan	nan
4.000000000000000	nan	nan	nan
4.000000000000000	nan	nan	nan
4.000000000000000	nan	nan	nan
4.000000000000000	nan	nan	nan
4.000000000000000	nan	nan	nan
4.000000000000000	nan	nan	nan
4.000000000000000	nan	nan	nan
4.000000000000000	nan	nan	nan
4.000000000000000	nan	nan	nan
4.000000000000000	nan	nan	nan
4.000000000000000	nan	nan	nan
4.000000000000000	nan	nan	nan
4.000000000000000	nan	nan	nan
4.000000000000000	nan	nan	nan
4.000000000000000	nan	nan	nan
4.000000000000000	nan	nan	nan
4.000000000000000	nan	nan	nan
4.000000000000000	nan	nan	nan
4.000000000000000	nan	nan	nan
4.000000000000000	nan	nan	nan
4.000000000000000	nan	nan	nan
4.000000000000000	nan	nan	nan
4.000000000000000	nan	nan	nan
4.000000000000000	nan	nan	nan
4.000000000000000	nan	nan	nan
4.000000000000000	nan	nan	nan
4.000000000000000	nan	nan	nan
4.000000000000000	nan	nan	nan
4.000000000000000	nan	nan	nan
4.000000000000000	nan	nan	nan
4.000000000000000	nan	nan	nan
4.000000000000000	nan	nan	nan
4.000000000000000	nan	nan	nan
4.000000000000000	nan	nan	nan
4.000000000000000	nan	nan	nan
4.000000000000000	nan	nan	nan
4.000000000000000	nan	nan	nan
4.000000000000000	nan	nan	nan
4.000000000000000	nan	nan	nan
4.000000000000000	nan	nan	nan
4.000000000000000	nan	nan	nan
4.000000000000000	nan	nan	nan
4.000000000000000	nan	nan	nan
4.000000000000000	nan	nan	nan
4.000000000000000	nan	nan	nan
4.000000000000000	nan	nan	nan
4.000000000000000	nan	nan	nan
4.000000000000000	nan	nan	nan
4.000000000000000	nan	nan	nan
4.000000000000000	nan	nan	nan
4.000000000000000	nan	nan	nan
4.000000000000000	nan	nan	nan
4.000000000000000	nan	nan	nan
4.000000000000000	nan	nan	nan
4.000000000000000	nan	nan	nan
4.000000000000000	nan	nan	nan
4.000000000000000	nan	nan	nan
4.000000000000000	nan	nan	nan
4.000000000000000	nan	nan	nan
4.000000000000000	nan	nan	nan
4.000000000000000	nan	nan	nan
4.000000000000000	nan	nan	nan
4.000000000000000	nan	nan	nan
4.000000000000000	nan	nan	nan
4.000000000000000	nan	nan	nan
4.000000000000000	nan	nan	nan


5.000000000000000	nan	nan	nan
5.000000000000000	nan	nan	nan
5.000000000000000	nan	nan	nan
5.000000000000000	nan	nan	nan
5.000000000000000	nan	nan	nan
5.000000000000000	nan	nan	nan
5.000000000000000	nan	nan	nan
5.000000000000000	nan	nan	nan
5.000000000000000	nan	nan	nan
5.000000000000000	nan	nan	nan
5.000000000000000	nan	nan	nan
5.000000000000000	nan	nan	nan
5.000000000000000	nan	nan	nan
5.000000000000000	nan	nan	nan
5.000000000000000	nan	nan	nan
5.000000000000000	nan	nan	nan
5.000000000000000	nan	nan	nan
5.000000000000000	nan	nan	nan
5.000000000000000	nan	nan	nan
5.000000000000000	nan	nan	nan
5.000000000000000	nan	nan	nan
5.000000000000000	nan	nan	nan
5.000000000000000	nan	nan	nan
5.000000000000000	nan	nan	nan
5.000000000000000	nan	nan	nan
5.000000000000000	nan	nan	nan
5.000000000000000	nan	nan	nan
5.000000000000000	nan	nan	nan
5.000000000000000	nan	nan	nan
5.000000000000000	nan	nan	nan
5.000000000000000	nan	nan	nan
5.000000000000000	nan	nan	nan
5.000000000000000	nan	nan	nan
5.000000000000000	nan	nan	nan
5.000000000000000	nan	nan	nan
5.000000000000000	nan	nan	nan
5.000000000000000	nan	nan	nan
5.000000000000000	nan	nan	nan
5.000000000000000	nan	nan	nan
5.000000000000000	nan	nan	nan
5.000000000000000	nan	nan	nan
5.000000000000000	nan	nan	nan
5.000000000000000	nan	nan	nan
5.000000000000000	nan	nan	nan
5.000000000000000	nan	nan	nan
5.000000000000000	nan	nan	nan
5.000000000000000	nan	nan	nan
5.000000000000000	nan	nan	nan
5.000000000000000	nan	nan	nan
5.000000000000000	nan	nan	nan
5.000000000000000	nan	nan	nan
5.000000000000000	nan	nan	nan
5.000000000000000	nan	nan	nan
5.000000000000000	nan	nan	nan
5.000000000000000	nan	nan	nan
5.000000000000000	nan	nan	nan
5.000000000000000	nan	nan	nan
5.000000000000000	nan	nan	nan
5.000000000000000	nan	nan	nan
5.000000000000000	nan	nan	nan
5.000000000000000	nan	nan	nan
5.000000000000000	nan	nan	nan
5.000000000000000	nan	nan	nan
5.000000000000000	nan	nan	nan
5.000000000000000	nan	nan	nan
5.000000000000000	nan	nan	nan
5.000000000000000	nan	nan	nan
5.000000000000000	nan	nan	nan
5.000000000000000	nan	nan	nan
5.000000000000000	nan	nan	nan
5.000000000000000	nan	nan	nan
5.000000000000000	nan	nan	nan
5.000000000000000	nan	nan	nan
5.000000000000000	nan	nan	nan
5.000000000000000	nan	nan	nan
5.000000000000000	nan	nan	nan
5.000000000000000	nan	nan	nan
5.000000000000000	nan	nan	nan
5.000000000000000	nan	nan	nan
5.000000000000000	nan	nan	nan
5.000000000000000	nan	nan	nan
5.000000000000000	nan	nan	nan
5.000000000000000	nan	nan	nan
5.000000000000000	nan	nan	nan
5.000000000000000	nan	nan	nan
5.000000000000000	nan	nan	nan
5.000000000000000	nan	nan	nan
5.000000000000000	nan	nan	nan
5.000000000000000	nan	nan	nan
5.000000000000000	nan	nan	nan
5.000000000000000	nan	nan	nan
5.000000000000000	nan	nan	nan
5.000000000000000	nan	nan	nan
5.000000000000000	nan	nan	nan
5.000000000000000	nan	nan	nan
5.000000000000000	nan	nan	nan
5.000000000000000	nan	nan	nan
5.000000000000000	nan	nan	nan
5.000000000000000	nan	nan	nan
5.000000000000000	nan	nan	nan


6.000000000000000	nan	nan	nan
6.000000000000000	nan	nan	nan
6.000000000000000	nan	nan	nan
6.000000000000000	nan	nan	nan
6.000000000000000	nan	nan	nan
6.000000000000000	nan	nan	nan
6.000000000000000	nan	nan	nan
6.000000000000000	nan	nan	nan
6.000000000000000	nan	nan	nan
6.000000000000000	nan	nan	nan
6.000000000000000	nan	nan	nan
6.000000000000000	nan	nan	nan
6.000000000000000	nan	nan	nan
6.000000000000000	nan	nan	nan
6.000000000000000	nan	nan	nan
6.000000000000000	nan	nan	nan
6.000000000000000	nan	nan	nan
6.000000000000000	nan	nan	nan
6.000000000000000	nan	nan	nan
6.000000000000000	nan	nan	nan
6.000000000000000	nan	nan	nan
6.000000000000000	nan	nan	nan
6.000000000000000	nan	nan	nan
6.000000000000000	nan	nan	nan
6.000000000000000	nan	nan	nan
6.000000000000000	nan	nan	nan
6.000000000000000	nan	nan	nan
6.000000000000000	nan	nan	nan
6.000000000000000	nan	nan	nan
6.000000000000000	nan	nan	nan
6.000000000000000	nan	nan	nan
6.000000000000000	nan	nan	nan
6.000000000000000	nan	nan	nan
6.000000000000000	nan	nan	nan
6.000000000000000	nan	nan	nan
6.000000000000000	nan	nan	nan
6.000000000000000	nan	nan	nan
6.000000000000000	nan	nan	nan
6.000000000000000	nan	nan	nan
6.000000000000000	nan	nan	nan
6.000000000000000	nan	nan	nan
6.000000000000000	nan	nan	nan
6.000000000000000	nan	nan	nan
6.000000000000000	nan	nan	nan
6.000000000000000	nan	nan	nan
6.000000000000000	nan	nan	nan
6.000000000000000	nan	nan	nan
6.000000000000000	nan	nan	nan
6.000000000000000	nan	nan	nan
6.000000000000000	nan	nan	nan
6.000000000000000	nan	nan	nan
6.000000000000000	nan	nan	nan
6.000000000000000	nan	nan	nan
6.000000000000000	nan	nan	nan
6.000000000000000	nan	nan	nan
6.000000000000000	nan	nan	nan
6.000000000000000	nan	nan	nan
6.000000000000000	nan	nan	nan
6.000000000000000	nan	nan	nan
6.000000000000000	nan	nan	nan
6.000000000000000	nan	nan	nan
6.000000000000000	nan	nan	nan
6.000000000000000	nan	nan	nan
6.000000000000000	nan	nan	nan
6.000000000000000	nan	nan	nan
6.000000000000000	nan	nan	nan
6.000000000000000	nan	nan	nan
6.000000000000000	nan	nan	nan
6.000000000000000	nan	nan	nan
6.000000000000000	nan	nan	nan
6.000000000000000	nan	nan	nan
6.000000000000000	nan	nan	nan
6.000000000000000	nan	nan	nan
6.000000000000000	nan	nan	nan
6.000000000000000	nan	nan	nan
6.000000000000000	nan	nan	nan
6.000000000000000	nan	nan	nan
6.000000000000000	nan	nan	nan
6.000000000000000	nan	nan	nan
6.000000000000000	nan	nan	nan
6.000000000000000	nan	nan	nan
6.000000000000000	nan	nan	nan
6.000000000000000	nan	nan	nan
6.000000000000000	nan	nan	nan
6.000000000000000	nan	nan	nan
6.000000000000000	nan	nan	nan
6.000000000000000	nan	nan	nan
6.000000000000000	nan	nan	nan
6.000000000000000	nan	nan	nan
6.000000000000000	nan	nan	nan
6.000000000000000	nan	nan	nan
6.000000000000000	nan	nan	nan
6.000000000000000	nan	nan	nan
6.000000000000000	nan	nan	nan
6.000000000000000	nan	nan	nan
6.000000000000000	nan	nan	nan
6.000000000000000	nan	nan	nan
6.000000000000000	nan	nan	nan
6.000000000000000	nan	nan	nan
6.000000000000000	nan	nan	nan


7.000000000000000	nan	nan	nan
7.000000000000000	nan	nan	nan
7.000000000000000	nan	nan	nan
7.000000000000000	nan	nan	nan
7.000000000000000	nan	nan	nan
7.000000000000000	nan	nan	nan
7.000000000000000	nan	nan	nan
7.000000000000000	nan	nan	nan
7.000000000000000	nan	nan	nan
7.000000000000000	nan	nan	nan
7.000000000000000	nan	nan	nan
7.000000000000000	nan	nan	nan
7.000000000000000	nan	nan	nan
7.000000000000000	nan	nan	nan
7.000000000000000	nan	nan	nan
7.000000000000000	nan	nan	nan
7.000000000000000	nan	nan	nan
7.000000000000000	nan	nan	nan
7.000000000000000	nan	nan	nan
7.000000000000000	nan	nan	nan
7.000000000000000	nan	nan	nan
7.000000000000000	nan	nan	nan
7.000000000000000	nan	nan	nan
7.000000000000000	nan	nan	nan
7.000000000000000	nan	nan	nan
7.000000000000000	nan	nan	nan
7.000000000000000	nan	nan	nan
7.000000000000000	nan	nan	nan
7.000000000000000	nan	nan	nan
7.000000000000000	nan	nan	nan
7.000000000000000	nan	nan	nan
7.000000000000000	nan	nan	nan
7.000000000000000	nan	nan	nan
7.000000000000000	nan	nan	nan
7.000000000000000	nan	nan	nan
7.000000000000000	nan	nan	nan
7.000000000000000	nan	nan	nan
7.000000000000000	nan	nan	nan
7.000000000000000	nan	nan	nan
7.000000000000000	nan	nan	nan
7.000000000000000	nan	nan	nan
7.000000000000000	nan	nan	nan
7.000000000000000	nan	nan	nan
7.000000000000000	nan	nan	nan
7.000000000000000	nan	nan	nan
7.000000000000000	nan	nan	nan
7.000000000000000	nan	nan	nan
7.000000000000000	nan	nan	nan
7.000000000000000	nan	nan	nan
7.000000000000000	nan	nan	nan
7.000000000000000	nan	nan	nan
7.000000000000000	nan	nan	nan
7.000000000000000	nan	nan	nan
7.000000000000000	nan	nan	nan
7.000000000000000	nan	nan	nan
7.000000000000000	nan	nan	nan
7.000000000000000	nan	nan	nan
7.000000000000000	nan	nan	nan
7.000000000000000	nan	nan	nan
7.000000000000000	nan	nan	nan
7.000000000000000	nan	nan	nan
7.000000000000000	nan	nan	nan
7.000000000000000	nan	nan	nan
7.000000000000000	nan	nan	nan
7.000000000000000	nan	nan	nan
7.000000000000000	nan	nan	nan
7.000000000000000	nan	nan	nan
7.000000000000000	nan	nan	nan
7.000000000000000	nan	nan	nan
7.000000000000000	nan	nan	nan
7.000000000000000	nan	nan	nan
7.000000000000000	nan	nan	nan
7.000000000000000	nan	nan	nan
7.000000000000000	nan	nan	nan
7.000000000000000	nan	nan	nan
7.000000000000000	nan	nan	nan
7.000000000000000	nan	nan	nan
7.000000000000000	nan	nan	nan
7.000000000000000	nan	nan	nan
7.000000000000000	nan	nan	nan
7.000000000000000	nan	nan	nan
7.000000000000000	nan	nan	nan
7.000000000000000	nan	nan	nan
7.000000000000000	nan	nan	nan
7.000000000000000	nan	nan	nan
7.000000000000000	nan	nan	nan
7.000000000000000	nan	nan	nan
7.000000000000000	nan	nan	nan
7.000000000000000	nan	nan	nan
7.000000000000000	nan	nan	nan
7.000000000000000	nan	nan	nan
7.000000000000000	nan	nan	nan
7.000000000000000	nan	nan	nan
7.000000000000000	nan	nan	nan
7.000000000000000	nan	nan	nan
7.000000000000000	nan	nan	nan
7.000000000000000	nan	nan	nan
7.000000000000000	nan	nan	nan
7.000000000000000	nan	nan	nan
7.000000000000000	nan	nan	nan


8.000000000000000	nan	nan	nan
8.000000000000000	nan	nan	nan
8.000000000000000	nan	nan	nan
8.000000000000000	nan	nan	nan
8.000000000000000	nan	nan	nan
8.000000000000000	nan	nan	nan
8.000000000000000	nan	nan	nan
8.000000000000000	nan	nan	nan
8.000000000000000	nan	nan	nan
8.000000000000000	nan	nan	nan
8.000000000000000	nan	nan	nan
8.000000000000000	nan	nan	nan
8.000000000000000	nan	nan	nan
8.000000000000000	nan	nan	nan
8.000000000000000	nan	nan	nan
8.000000000000000	nan	nan	nan
8.000000000000000	nan	nan	nan
8.000000000000000	nan	nan	nan
8.000000000000000	nan	nan	nan
8.000000000000000	nan	nan	nan
8.000000000000000	nan	nan	nan
8.000000000000000	nan	nan	nan
8.000000000000000	nan	nan	nan
8.000000000000000	nan	nan	nan
8.000000000000000	nan	nan	nan
8.000000000000000	nan	nan	nan
8.000000000000000	nan	nan	nan
8.000000000000000	nan	nan	nan
8.000000000000000	nan	nan	nan
8.000000000000000	nan	nan	nan
8.000000000000000	nan	nan	nan
8.000000000000000	nan	nan	nan
8.000000000000000	nan	nan	nan
8.000000000000000	nan	nan	nan
8.000000000000000	nan	nan	nan
8.000000000000000	nan	nan	nan
8.000000000000000	nan	nan	nan
8.000000000000000	nan	nan	nan
8.000000000000000	nan	nan	nan
8.000000000000000	nan	nan	nan
8.000000000000000	nan	nan	nan
8.000000000000000	nan	nan	nan
8.000000000000000	nan	nan	nan
8.000000000000000	nan	nan	nan
8.000000000000000	nan	nan	nan
8.000000000000000	nan	nan	nan
8.000000000000000	nan	nan	nan
8.000000000000000	nan	nan	nan
8.000000000000000	nan	nan	nan
8.000000000000000	nan	nan	nan
8.000000000000000	nan	nan	nan
8.000000000000000	nan	nan	nan
8.000000000000000	nan	nan	nan
8.000000000000000	nan	nan	nan
8.000000000000000	nan	nan	nan
8.000000000000000	nan	nan	nan
8.000000000000000	nan	nan	nan
8.000000000000000	nan	nan	nan
8.000000000000000	nan	nan	nan
8.000000000000000	nan	nan	nan
8.000000000000000	nan	nan	nan
8.000000000000000	nan	nan	nan
8.000000000000000	nan	nan	nan
8.000000000000000	nan	nan	nan
8.000000000000000	nan	nan	nan
8.000000000000000	nan	nan	nan
8.000000000000000	nan	nan	nan
8.000000000000000	nan	nan	nan
8.000000000000000	nan	nan	nan
8.000000000000000	nan	nan	nan
8.000000000000000	nan	nan	nan
8.000000000000000	nan	nan	nan
8.000000000000000	nan	nan	nan
8.000000000000000	nan	nan	nan
8.000000000000000	nan	nan	nan
8.000000000000000	nan	nan	nan
8.000000000000000	nan	nan	nan
8.000000000000000	nan	nan	nan
8.000000000000000	nan	nan	nan
8.000000000000000	nan	nan	nan
8.000000000000000	nan	nan	nan
8.000000000000000	nan	nan	nan
8.000000000000000	nan	nan	nan
8.000000000000000	nan	nan	nan
8.000000000000000	nan	nan	nan
8.000000000000000	nan	nan	nan
8.000000000000000	nan	nan	nan
8.000000000000000	nan	nan	nan
8.000000000000000	nan	nan	nan
8.000000000000000	nan	nan	nan
8.000000000000000	nan	nan	nan
8.000000000000000	nan	nan	nan
8.000000000000000	nan	nan	nan
8.000000000000000	nan	nan	nan
8.000000000000000	nan	nan	nan
8.000000000000000	nan	nan	nan
8.000000000000000	nan	nan	nan
8.000000000000000	nan	nan	nan
8.000000000000000	nan	nan	nan
8.000000000000000	nan	nan	nan


9.000000000000000	nan	nan	nan
9.000000000000000	nan	nan	nan
9.000000000000000	nan	nan	nan
9.000000000000000	nan	nan	nan
9.000000000000000	nan	nan	nan
9.000000000000000	nan	nan	nan
9.000000000000000	nan	nan	nan
9.000000000000000	nan	nan	nan
9.000000000000000	nan	nan	nan
9.000000000000000	nan	nan	nan
9.000000000000000	nan	nan	nan
9.000000000000000	nan	nan	nan
9.000000000000000	nan	nan	nan
9.000000000000000	nan	nan	nan
9.000000000000000	nan	nan	nan
9.000000000000000	nan	nan	nan
9.000000000000000	nan	nan	nan
9.000000000000000	nan	nan	nan
9.000000000000000	nan	nan	nan
9.000000000000000	nan	nan	nan
9.000000000000000	nan	nan	nan
9.000000000000000	nan	nan	nan
9.000000000000000	nan	nan	nan
9.000000000000000	nan	nan	nan
9.000000000000000	nan	nan	nan
9.000000000000000	nan	nan	nan
9.000000000000000	nan	nan	nan
9.000000000000000	nan	nan	nan
9.000000000000000	nan	nan	nan
9.000000000000000	nan	nan	nan
9.000000000000000	nan	nan	nan
9.000000000000000	nan	nan	nan
9.000000000000000	nan	nan	nan
9.000000000000000	nan	nan	nan
9.000000000000000	nan	nan	nan
9.000000000000000	nan	nan	nan
9.000000000000000	nan	nan	nan
9.000000000000000	nan	nan	nan
9.000000000000000	nan	nan	nan
9.000000000000000	nan	nan	nan
9.000000000000000	nan	nan	nan
9.000000000000000	nan	nan	nan
9.000000000000000	nan	nan	nan
9.000000000000000	nan	nan	nan
9.000000000000000	nan	nan	nan
9.000000000000000	nan	nan	nan
9.000000000000000	nan	nan	nan
9.000000000000000	nan	nan	nan
9.000000000000000	nan	nan	nan
9.000000000000000	nan	nan	nan
9.000000000000000	nan	nan	nan
9.000000000000000	nan	nan	nan
9.000000000000000	nan	nan	nan
9.000000000000000	nan	nan	nan
9.000000000000000	nan	nan	nan
9.000000000000000	nan	nan	nan
9.000000000000000	nan	nan	nan
9.000000000000000	nan	nan	nan
9.000000000000000	nan	nan	nan
9.000000000000000	nan	nan	nan
9.000000000000000	nan	nan	nan
9.000000000000000	nan	nan	nan
9.000000000000000	nan	nan	nan
9.000000000000000	nan	nan	nan
9.000000000000000	nan	nan	nan
9.000000000000000	nan	nan	nan
9.000000000000000	nan	nan	nan
9.000000000000000	nan	nan	nan
9.000000000000000	nan	nan	nan
9.000000000000000	nan	nan	nan
9.000000000000000	nan	nan	nan
9.000000000000000	nan	nan	nan
9.000000000000000	nan	nan	nan
9.000000000000000	nan	nan	nan
9.000000000000000	nan	nan	nan
9.000000000000000	nan	nan	nan
9.000000000000000	nan	nan	nan
9.000000000000000	nan	nan	nan
9.000000000000000	nan	nan	nan
9.000000000000000	nan	nan	nan
9.000000000000000	nan	nan	nan
9.000000000000000	nan	nan	nan
9.000000000000000	nan	nan	nan
9.000000000000000	nan	nan	nan
9.000000000000000	nan	nan	nan
9.000000000000000	nan	nan	nan
9.000000000000000	nan	nan	nan
9.000000000000000	nan	nan	nan
9.000000000000000	nan	nan	nan
9.000000000000000	nan	nan	nan
9.000000000000000	nan	nan	nan
9.000000000000000	nan	nan	nan
9.000000000000000	nan	nan	nan
9.000000000000000	nan	nan	nan
9.000000000000000	nan	nan	nan
9.000000000000000	nan	nan	nan
9.000000000000000	nan	nan	nan
9.000000000000000	nan	nan	nan
9.000000000000000	nan	nan	nan
9.000000000000000	nan	nan	nan


10.000000000000000	nan	nan	nan
10.000000000000000	nan	nan	nan
10.000000000000000	nan	nan	nan
10.000000000000000	nan	nan	nan
10.000000000000000	nan	nan	nan
10.000000000000000	nan	nan	nan
10.000000000000000	nan	nan	nan
10.000000000000000	nan	nan	nan
10.000000000000000	nan	nan	nan
10.000000000000000	nan	nan	nan
10.000000000000000	nan	nan	nan
10.000000000000000	nan	nan	nan
10.000000000000000	nan	nan	nan
10.000000000000000	nan	nan	nan
10.000000000000000	nan	nan	nan
10.000000000000000	nan	nan	nan
10.000000000000000	nan	nan	nan
10.000000000000000	nan	nan	nan
10.000000000000000	nan	nan	nan
10.000000000000000	nan	nan	nan
10.000000000000000	nan	nan	nan
10.000000000000000	nan	nan	nan
10.000000000000000	nan	nan	nan
10.000000000000000	nan	nan	nan
10.000000000000000	nan	nan	nan
10.000000000000000	nan	nan	nan
10.000000000000000	nan	nan	nan
10.000000000000000	nan	nan	nan
10.000000000000000	nan	nan	nan
10.000000000000000	nan	nan	nan
10.000000000000000	nan	nan	nan
10.000000000000000	nan	nan	nan
10.000000000000000	nan	nan	nan
10.000000000000000	nan	nan	nan
10.000000000000000	nan	nan	nan
10.000000000000000	nan	nan	nan
10.000000000000000	nan	nan	nan
10.000000000000000	nan	nan	nan
10.000000000000000	nan	nan	nan
10.000000000000000	nan	nan	nan
10.000000000000000	nan	nan	nan
10.000000000000000	nan	nan	nan
10.000000000000000	nan	nan	nan
10.000000000000000	nan	nan	nan
10.000000000000000	nan	nan	nan
10.000000000000000	nan	nan	nan
10.000000000000000	nan	nan	nan
10.000000000000000	nan	nan	nan
10.000000000000000	nan	nan	nan
10.000000000000000	nan	nan	nan
10.000000000000000	nan	nan	nan
10.000000000000000	nan	nan	nan
10.000000000000000	nan	nan	nan
10.000000000000000	nan	nan	nan
10.000000000000000	nan	nan	nan
10.000000000000000	nan	nan	nan
10.000000000000000	nan	nan	nan
10.000000000000000	nan	nan	nan
10.000000000000000	nan	nan	nan
10.000000000000000	nan	nan	nan
10.000000000000000	nan	nan	nan
10.000000000000000	nan	nan	nan
10.000000000000000	nan	nan	nan
10.000000000000000	nan	nan	nan
10.000000000000000	nan	nan	nan
10.000000000000000	nan	nan	nan
10.000000000000000	nan	nan	nan
10.000000000000000	nan	nan	nan
10.000000000000000	nan	nan	nan
10.000000000000000	nan	nan	nan
10.000000000000000	nan	nan	nan
10.000000000000000	nan	nan	nan
10.000000000000000	nan	nan	nan
10.000000000000000	nan	nan	nan
10.000000000000000	nan	nan	nan
10.000000000000000	nan	nan	nan
10.000000000000000	nan	nan	nan
10.000000000000000	nan	nan	nan
10.000000000000000	nan	nan	nan
10.000000000000000	nan	nan	nan
10.000000000000000	nan	nan	nan
10.000000000000000	nan	nan	nan
10.000000000000000	nan	nan	nan
10.000000000000000	nan	nan	nan
10.000000000000000	nan	nan	nan
10.000000000000000	nan	nan	nan
10.000000000000000	nan	nan	nan
10.000000000000000	nan	nan	nan
10.000000000000000	nan	nan	nan
10.000000000000000	nan	nan	nan
10.000000000000000	nan	nan	nan
10.000000000000000	nan	nan	nan
10.000000000000000	nan	nan	nan
10.000000000000000	nan	nan	nan
10.000000000000000	nan	nan	nan
10.000000000000000	nan	nan	nan
10.000000000000000	nan	nan	nan
10.000000000000000	nan	nan	nan
10.000000000000000	nan	nan	nan
10.000000000000000	nan	nan	nan


11.000000000000000	nan	nan	nan
11.000000000000000	nan	nan	nan
11.000000000000000	nan	nan	nan
11.000000000000000	nan	nan	nan
11.000000000000000	nan	nan	nan
11.000000000000000	nan	nan	nan
11.000000000000000	nan	nan	nan
11.000000000000000	nan	nan	nan
11.000000000000000	nan	nan	nan
11.000000000000000	nan	nan	nan
11.000000000000000	nan	nan	nan
11.000000000000000	nan	nan	nan
11.000000000000000	nan	nan	nan
11.000000000000000	nan	nan	nan
11.000000000000000	nan	nan	nan
11.000000000000000	nan	nan	nan
11.000000000000000	nan	nan	nan
11.000000000000000	nan	nan	nan
11.000000000000000	nan	nan	nan
11.000000000000000	nan	nan	nan
11.000000000000000	nan	nan	nan
11.000000000000000	nan	nan	nan
11.000000000000000	nan	nan	nan
11.000000000000000	nan	nan	nan
11.000000000000000	nan	nan	nan
11.000000000000000	nan	nan	nan
11.000000000000000	nan	nan	nan
11.000000000000000	nan	nan	nan
11.000000000000000	nan	nan	nan
11.000000000000000	nan	nan	nan
11.000000000000000	nan	nan	nan
11.000000000000000	nan	nan	nan
11.000000000000000	nan	nan	nan
11.000000000000000	nan	nan	nan
11.000000000000000	nan	nan	nan
11.000000000000000	nan	nan	nan
11.000000000000000	nan	nan	nan
11.000000000000000	nan	nan	nan
11.000000000000000	nan	nan	nan
11.000000000000000	nan	nan	nan
11.000000000000000	nan	nan	nan
11.000000000000000	nan	nan	nan
11.000000000000000	nan	nan	nan
11.000000000000000	nan	nan	nan
11.000000000000000	nan	nan	nan
11.000000000000000	nan	nan	nan
11.000000000000000	nan	nan	nan
11.000000000000000	nan	nan	nan
11.000000000000000	nan	nan	nan
11.000000000000000	nan	nan	nan
11.000000000000000	nan	nan	nan
11.000000000000000	nan	nan	nan
11.000000000000000	nan	nan	nan
11.000000000000000	nan	nan	nan
11.000000000000000	nan	nan	nan
11.000000000000000	nan	nan	nan
11.000000000000000	nan	nan	nan
11.000000000000000	nan	nan	nan
11.000000000000000	nan	nan	nan
11.000000000000000	nan	nan	nan
11.000000000000000	nan	nan	nan
11.000000000000000	nan	nan	nan
11.000000000000000	nan	nan	nan
11.000000000000000	nan	nan	nan
11.000000000000000	nan	nan	nan
11.000000000000000	nan	nan	nan
11.000000000000000	nan	nan	nan
11.000000000000000	nan	nan	nan
11.000000000000000	nan	nan	nan
11.000000000000000	nan	nan	nan
11.000000000000000	nan	nan	nan
11.000000000000000	nan	nan	nan
11.000000000000000	nan	nan	nan
11.000000000000000	nan	nan	nan
11.000000000000000	nan	nan	nan
11.000000000000000	nan	nan	nan
11.000000000000000	nan	nan	nan
11.000000000000000	nan	nan	nan
11.000000000000000	nan	nan	nan
11.000000000000000	nan	nan	nan
11.000000000000000	nan	nan	nan
11.000000000000000	nan	nan	nan
11.000000000000000	nan	nan	nan
11.000000000000000	nan	nan	nan
11.000000000000000	nan	nan	nan
11.000000000000000	nan	nan	nan
11.000000000000000	nan	nan	nan
11.000000000000000	nan	nan	nan
11.000000000000000	nan	nan	nan
11.000000000000000	nan	nan	nan
11.000000000000000	nan	nan	nan
11.000000000000000	nan	nan	nan
11.000000000000000	nan	nan	nan
11.000000000000000	nan	nan	nan
11.000000000000000	nan	nan	nan
11.000000000000000	nan	nan	nan
11.000000000000000	nan	nan	nan
11.000000000000000	nan	nan	nan
11.000000000000000	nan	nan	nan
11.000000000000000	nan	nan	nan


12.000000000000000	nan	nan	nan
12.000000000000000	nan	nan	nan
12.000000000000000	nan	nan	nan
12.000000000000000	nan	nan	nan
12.000000000000000	nan	nan	nan
12.000000000000000	nan	nan	nan
12.000000000000000	nan	nan	nan
12.000000000000000	nan	nan	nan
12.000000000000000	nan	nan	nan
12.000000000000000	nan	nan	nan
12.000000000000000	nan	nan	nan
12.000000000000000	nan	nan	nan
12.000000000000000	nan	nan	nan
12.000000000000000	nan	nan	nan
12.000000000000000	nan	nan	nan
12.000000000000000	nan	nan	nan
12.000000000000000	nan	nan	nan
12.000000000000000	nan	nan	nan
12.000000000000000	nan	nan	nan
12.000000000000000	nan	nan	nan
12.000000000000000	nan	nan	nan
12.000000000000000	nan	nan	nan
12.000000000000000	nan	nan	nan
12.000000000000000	nan	nan	nan
12.000000000000000	nan	nan	nan
12.000000000000000	nan	nan	nan
12.000000000000000	nan	nan	nan
12.000000000000000	nan	nan	nan
12.000000000000000	nan	nan	nan
12.000000000000000	nan	nan	nan
12.000000000000000	nan	nan	nan
12.000000000000000	nan	nan	nan
12.000000000000000	nan	nan	nan
12.000000000000000	nan	nan	nan
12.000000000000000	nan	nan	nan
12.000000000000000	nan	nan	nan
12.000000000000000	nan	nan	nan
12.000000000000000	nan	nan	nan
12.000000000000000	nan	nan	nan
12.000000000000000	nan	nan	nan
12.000000000000000	nan	nan	nan
12.000000000000000	nan	nan	nan
12.000000000000000	nan	nan	nan
12.000000000000000	nan	nan	nan
12.000000000000000	nan	nan	nan
12.000000000000000	nan	nan	nan
12.000000000000000	nan	nan	nan
12.000000000000000	nan	nan	nan
12.000000000000000	nan	nan	nan
12.000000000000000	nan	nan	nan
12.000000000000000	nan	nan	nan
12.000000000000000	nan	nan	nan
12.000000000000000	nan	nan	nan
12.000000000000000	nan	nan	nan
12.000000000000000	nan	nan	nan
12.000000000000000	nan	nan	nan
12.000000000000000	nan	nan	nan
12.000000000000000	nan	nan	nan
12.000000000000000	nan	nan	nan
12.000000000000000	nan	nan	nan
12.000000000000000	nan	nan	nan
12.000000000000000	nan	nan	nan
12.000000000000000	nan	nan	nan
12.000000000000000	nan	nan	nan
12.000000000000000	nan	nan	nan
12.000000000000000	nan	nan	nan
12.000000000000000	nan	nan	nan
12.000000000000000	nan	nan	nan
12.000000000000000	nan	nan	nan
12.000000000000000	nan	nan	nan
12.000000000000000	nan	nan	nan
12.000000000000000	nan	nan	nan
12.000000000000000	nan	nan	nan
12.000000000000000	nan	nan	nan
12.000000000000000	nan	nan	nan
12.000000000000000	nan	nan	nan
12.000000000000000	nan	nan	nan
12.000000000000000	nan	nan	nan
12.000000000000000	nan	nan	nan
12.000000000000000	nan	nan	nan
12.000000000000000	nan	nan	nan
12.000000000000000	nan	nan	nan
12.000000000000000	nan	nan	nan
12.000000000000000	nan	nan	nan
12.000000000000000	nan	nan	nan
12.000000000000000	nan	nan	nan
12.000000000000000	nan	nan	nan
12.000000000000000	nan	nan	nan
12.000000000000000	nan	nan	nan
12.000000000000000	nan	nan	nan
12.000000000000000	nan	nan	nan
12.000000000000000	nan	nan	nan
12.000000000000000	nan	nan	nan
12.000000000000000	nan	nan	nan
12.000000000000000	nan	nan	nan
12.000000000000000	nan	nan	nan
12.000000000000000	nan	nan	nan
12.000000000000000	nan	nan	nan
12.000000000000000	nan	nan	nan
12.000000000000000	nan	nan	nan


13.000000000000000	nan	nan	nan
13.000000000000000	nan	nan	nan
13.000000000000000	nan	nan	nan
13.000000000000000	nan	nan	nan
13.000000000000000	nan	nan	nan
13.000000000000000	nan	nan	nan
13.000000000000000	nan	nan	nan
13.000000000000000	nan	nan	nan
13.000000000000000	nan	nan	nan
13.000000000000000	nan	nan	nan
13.000000000000000	nan	nan	nan
13.000000000000000	nan	nan	nan
13.000000000000000	nan	nan	nan
13.000000000000000	nan	nan	nan
13.000000000000000	nan	nan	nan
13.000000000000000	nan	nan	nan
13.000000000000000	nan	nan	nan
13.000000000000000	nan	nan	nan
13.000000000000000	nan	nan	nan
13.000000000000000	nan	nan	nan
13.000000000000000	nan	nan	nan
13.000000000000000	nan	nan	nan
13.000000000000000	nan	nan	nan
13.000000000000000	nan	nan	nan
13.000000000000000	nan	nan	nan
13.000000000000000	nan	nan	nan
13.000000000000000	nan	nan	nan
13.000000000000000	nan	nan	nan
13.000000000000000	nan	nan	nan
13.000000000000000	nan	nan	nan
13.000000000000000	nan	nan	nan
13.000000000000000	nan	nan	nan
13.000000000000000	nan	nan	nan
13.000000000000000	nan	nan	nan
13.000000000000000	nan	nan	nan
13.000000000000000	nan	nan	nan
13.000000000000000	nan	nan	nan
13.000000000000000	nan	nan	nan
13.000000000000000	nan	nan	nan
13.000000000000000	nan	nan	nan
13.000000000000000	nan	nan	nan
13.000000000000000	nan	nan	nan
13.000000000000000	nan	nan	nan
13.000000000000000	nan	nan	nan
13.000000000000000	nan	nan	nan
13.000000000000000	nan	nan	nan
13.000000000000000	nan	nan	nan
13.000000000000000	nan	nan	nan
13.000000000000000	nan	nan	nan
13.000000000000000	nan	nan	nan
13.000000000000000	nan	nan	nan
13.000000000000000	nan	nan	nan
13.000000000000000	nan	nan	nan
13.000000000000000	nan	nan	nan
13.000000000000000	nan	nan	nan
13.000000000000000	nan	nan	nan
13.000000000000000	nan	nan	nan
13.000000000000000	nan	nan	nan
13.000000000000000	nan	nan	nan
13.000000000000000	nan	nan	nan
13.000000000000000	nan	nan	nan
13.000000000000000	nan	nan	nan
13.000000000000000	nan	nan	nan
13.000000000000000	nan	nan	nan
13.000000000000000	nan	nan	nan
13.000000000000000	nan	nan	nan
13.000000000000000	nan	nan	nan
13.000000000000000	nan	nan	nan
13.000000000000000	nan	nan	nan
13.000000000000000	nan	nan	nan
13.000000000000000	nan	nan	nan
13.000000000000000	nan	nan	nan
13.000000000000000	nan	nan	nan
13.000000000000000	nan	nan	nan
13.000000000000000	nan	nan	nan
13.000000000000000	nan	nan	nan
13.000000000000000	nan	nan	nan
13.000000000000000	nan	nan	nan
13.000000000000000	nan	nan	nan
13.000000000000000	nan	nan	nan
13.000000000000000	nan	nan	nan
13.000000000000000	nan	nan	nan
13.000000000000000	nan	nan	nan
13.000000000000000	nan	nan	nan
13.000000000000000	nan	nan	nan
13.000000000000000	nan	nan	nan
13.000000000000000	nan	nan	nan
13.000000000000000	nan	nan	nan
13.000000000000000	nan	nan	nan
13.000000000000000	nan	nan	nan
13.000000000000000	nan	nan	nan
13.000000000000000	nan	nan	nan
13.000000000000000	nan	nan	nan
13.000000000000000	nan	nan	nan
13.000000000000000	nan	nan	nan
13.000000000000000	nan	nan	nan
13.000000000000000	nan	nan	nan
13.000000000000000	nan	nan	nan
13.000000000000000	nan	nan	nan
13.000000000000000	nan	nan	nan


14.000000000000000	nan	nan	nan
14.000000000000000	nan	nan	nan
14.000000000000000	nan	nan	nan
14.000000000000000	nan	nan	nan
14.000000000000000	nan	nan	nan
14.000000000000000	nan	nan	nan
14.000000000000000	nan	nan	nan
14.000000000000000	nan	nan	nan
14.000000000000000	nan	nan	nan
14.000000000000000	nan	nan	nan
14.000000000000000	nan	nan	nan
14.000000000000000	nan	nan	nan
14.000000000000000	nan	nan	nan
14.000000000000000	nan	nan	nan
14.000000000000000	nan	nan	nan
14.000000000000000	nan	nan	nan
14.000000000000000	nan	nan	nan
14.000000000000000	nan	nan	nan
14.000000000000000	nan	nan	nan
14.000000000000000	nan	nan	nan
14.000000000000000	nan	nan	nan
14.000000000000000	nan	nan	nan
14.000000000000000	nan	nan	nan
14.000000000000000	nan	nan	nan
14.000000000000000	nan	nan	nan
14.000000000000000	nan	nan	nan
14.000000000000000	nan	nan	nan
14.000000000000000	nan	nan	nan
14.000000000000000	nan	nan	nan
14.000000000000000	nan	nan	nan
14.000000000000000	nan	nan	nan
14.000000000000000	nan	nan	nan
14.000000000000000	nan	nan	nan
14.000000000000000	nan	nan	nan
14.000000000000000	nan	nan	nan
14.000000000000000	nan	nan	nan
14.000000000000000	nan	nan	nan
14.000000000000000	nan	nan	nan
14.000000000000000	nan	nan	nan
14.000000000000000	nan	nan	nan
14.000000000000000	nan	nan	nan
14.000000000000000	nan	nan	nan
14.000000000000000	nan	nan	nan
14.000000000000000	nan	nan	nan
14.000000000000000	nan	nan	nan
14.000000000000000	nan	nan	nan
14.000000000000000	nan	nan	nan
14.000000000000000	nan	nan	nan
14.000000000000000	nan	nan	nan
14.000000000000000	nan	nan	nan
14.000000000000000	nan	nan	nan
14.000000000000000	nan	nan	nan
14.000000000000000	nan	nan	nan
14.000000000000000	nan	nan	nan
14.000000000000000	nan	nan	nan
14.000000000000000	nan	nan	nan
14.000000000000000	nan	nan	nan
14.000000000000000	nan	nan	nan
14.000000000000000	nan	nan	nan
14.000000000000000	nan	nan	nan
14.000000000000000	nan	nan	nan
14.000000000000000	nan	nan	nan
14.000000000000000	nan	nan	nan
14.000000000000000	nan	nan	nan
14.000000000000000	nan	nan	nan
14.000000000000000	nan	nan	nan
14.000000000000000	nan	nan	nan
14.000000000000000	nan	nan	nan
14.000000000000000	nan	nan	nan
14.000000000000000	nan	nan	nan
14.000000000000000	nan	nan	nan
14.000000000000000	nan	nan	nan
14.000000000000000	nan	nan	nan
14.000000000000000	nan	nan	nan
14.000000000000000	nan	nan	nan
14.000000000000000	nan	nan	nan
14.000000000000000	nan	nan	nan
14.000000000000000	nan	nan	nan
14.000000000000000	nan	nan	nan
14.000000000000000	nan	nan	nan
14.000000000000000	nan	nan	nan
14.000000000000000	nan	nan	nan
14.000000000000000	nan	nan	nan
14.000000000000000	nan	nan	nan
14.000000000000000	nan	nan	nan
14.000000000000000	nan	nan	nan
14.000000000000000	nan	nan	nan
14.000000000000000	nan	nan	nan
14.000000000000000	nan	nan	nan
14.000000000000000	nan	nan	nan
14.000000000000000	nan	nan	nan
14.000000000000000	nan	nan	nan
14.000000000000000	nan	nan	nan
14.000000000000000	nan	nan	nan
14.000000000000000	nan	nan	nan
14.000000000000000	nan	nan	nan
14.000000000000000	nan	nan	nan
14.000000000000000	nan	nan	nan
14.000000000000000	nan	nan	nan
14.000000000000000	nan	nan	nan


15.000000000000000	nan	nan	nan
15.000000000000000	nan	nan	nan
15.000000000000000	nan	nan	nan
15.000000000000000	nan	nan	nan
15.000000000000000	nan	nan	nan
15.000000000000000	nan	nan	nan
15.000000000000000	nan	nan	nan
15.000000000000000	nan	nan	nan
15.000000000000000	nan	nan	nan
15.000000000000000	nan	nan	nan
15.000000000000000	nan	nan	nan
15.000000000000000	nan	nan	nan
15.000000000000000	nan	nan	nan
15.000000000000000	nan	nan	nan
15.000000000000000	nan	nan	nan
15.000000000000000	nan	nan	nan
15.000000000000000	nan	nan	nan
15.000000000000000	nan	nan	nan
15.000000000000000	nan	nan	nan
15.000000000000000	nan	nan	nan
15.000000000000000	nan	nan	nan
15.000000000000000	nan	nan	nan
15.000000000000000	nan	nan	nan
15.000000000000000	nan	nan	nan
15.000000000000000	nan	nan	nan
15.000000000000000	nan	nan	nan
15.000000000000000	nan	nan	nan
15.000000000000000	nan	nan	nan
15.000000000000000	nan	nan	nan
15.000000000000000	nan	nan	nan
15.000000000000000	nan	nan	nan
15.000000000000000	nan	nan	nan
15.000000000000000	nan	nan	nan
15.000000000000000	nan	nan	nan
15.000000000000000	nan	nan	nan
15.000000000000000	nan	nan	nan
15.000000000000000	nan	nan	nan
15.000000000000000	nan	nan	nan
15.000000000000000	nan	nan	nan
15.000000000000000	nan	nan	nan
15.000000000000000	nan	nan	nan
15.000000000000000	nan	nan	nan
15.000000000000000	nan	nan	nan
15.000000000000000	nan	nan	nan
15.000000000000000	nan	nan	nan
15.000000000000000	nan	nan	nan
15.000000000000000	nan	nan	nan
15.000000000000000	nan	nan	nan
15.000000000000000	nan	nan	nan
15.000000000000000	nan	nan	nan
15.000000000000000	nan	nan	nan
15.000000000000000	nan	nan	nan
15.000000000000000	nan	nan	nan
15.000000000000000	nan	nan	nan
15.000000000000000	nan	nan	nan
15.000000000000000	nan	nan	nan
15.000000000000000	nan	nan	nan
15.000000000000000	nan	nan	nan
15.000000000000000	nan	nan	nan
15.000000000000000	nan	nan	nan
15.000000000000000	nan	nan	nan
15.000000000000000	nan	nan	nan
15.000000000000000	nan	nan	nan
15.000000000000000	nan	nan	nan
15.000000000000000	nan	nan	nan
15.000000000000000	nan	nan	nan
15.000000000000000	nan	nan	nan
15.000000000000000	nan	nan	nan
15.000000000000000	nan	nan	nan
15.000000000000000	nan	nan	nan
15.000000000000000	nan	nan	nan
15.000000000000000	nan	nan	nan
15.000000000000000	nan	nan	nan
15.000000000000000	nan	nan	nan
15.000000000000000	nan	nan	nan
15.000000000000000	nan	nan	nan
15.000000000000000	nan	nan	nan
15.000000000000000	nan	nan	nan
15.000000000000000	nan	nan	nan
15.000000000000000	nan	nan	nan
15.000000000000000	nan	nan	nan
15.000000000000000	nan	nan	nan
15.000000000000000	nan	nan	nan
15.000000000000000	nan	nan	nan
15.000000000000000	nan	nan	nan
15.000000000000000	nan	nan	nan
15.000000000000000	nan	nan	nan
15.000000000000000	nan	nan	nan
15.000000000000000	nan	nan	nan
15.000000000000000	nan	nan	nan
15.000000000000000	nan	nan	nan
15.000000000000000	nan	nan	nan
15.000000000000000	nan	nan	nan
15.000000000000000	nan	nan	nan
15.000000000000000	nan	nan	nan
15.000000000000000	nan	nan	nan
15.000000000000000	nan	nan	nan
15.000000000000000	nan	nan	nan
15.000000000000000	nan	nan	nan
15.000000000000000	nan	nan	nan


16.000000000000000	nan	nan	nan
16.000000000000000	nan	nan	nan
16.000000000000000	nan	nan	nan
16.000000000000000	nan	nan	nan
16.000000000000000	nan	nan	nan
16.000000000000000	nan	nan	nan
16.000000000000000	nan	nan	nan
16.000000000000000	nan	nan	nan
16.000000000000000	nan	nan	nan
16.000000000000000	nan	nan	nan
16.000000000000000	nan	nan	nan
16.000000000000000	nan	nan	nan
16.000000000000000	nan	nan	nan
16.000000000000000	nan	nan	nan
16.000000000000000	nan	nan	nan
16.000000000000000	nan	nan	nan
16.000000000000000	nan	nan	nan
16.000000000000000	nan	nan	nan
16.000000000000000	nan	nan	nan
16.000000000000000	nan	nan	nan
16.000000000000000	nan	nan	nan
16.000000000000000	nan	nan	nan
16.000000000000000	nan	nan	nan
16.000000000000000	nan	nan	nan
16.000000000000000	nan	nan	nan
16.000000000000000	nan	nan	nan
16.000000000000000	nan	nan	nan
16.000000000000000	nan	nan	nan
16.000000000000000	nan	nan	nan
16.000000000000000	nan	nan	nan
16.000000000000000	nan	nan	nan
16.000000000000000	nan	nan	nan
16.000000000000000	nan	nan	nan
16.000000000000000	nan	nan	nan
16.000000000000000	nan	nan	nan
16.000000000000000	nan	nan	nan
16.000000000000000	nan	nan	nan
16.000000000000000	nan	nan	nan
16.000000000000000	nan	nan	nan
16.000000000000000	nan	nan	nan
16.000000000000000	nan	nan	nan
16.000000000000000	nan	nan	nan
16.000000000000000	nan	nan	nan
16.000000000000000	nan	nan	nan
16.000000000000000	nan	nan	nan
16.000000000000000	nan	nan	nan
16.000000000000000	nan	nan	nan
16.000000000000000	nan	nan	nan
16.000000000000000	nan	nan	nan
16.000000000000000	nan	nan	nan
16.000000000000000	nan	nan	nan
16.000000000000000	nan	nan	nan
16.000000000000000	nan	nan	nan
16.000000000000000	nan	nan	nan
16.000000000000000	nan	nan	nan
16.000000000000000	nan	nan	nan
16.000000000000000	nan	nan	nan
16.000000000000000	nan	nan	nan
16.000000000000000	nan	nan	nan
16.000000000000000	nan	nan	nan
16.000000000000000	nan	nan	nan
16.000000000000000	nan	nan	nan
16.000000000000000	nan	nan	nan
16.000000000000000	nan	nan	nan
16.000000000000000	nan	nan	nan
16.000000000000000	nan	nan	nan
16.000000000000000	nan	nan	nan
16.000000000000000	nan	nan	nan
16.000000000000000	nan	nan	nan
16.000000000000000	nan	nan	nan
16.000000000000000	nan	nan	nan
16.000000000000000	nan	nan	nan
16.000000000000000	nan	nan	nan
16.000000000000000	nan	nan	nan
16.000000000000000	nan	nan	nan
16.000000000000000	nan	nan	nan
16.000000000000000	nan	nan	nan
16.000000000000000	nan	nan	nan
16.000000000000000	nan	nan	nan
16.000000000000000	nan	nan	nan
16.000000000000000	nan	nan	nan
16.000000000000000	nan	nan	nan
16.000000000000000	nan	nan	nan
16.000000000000000	nan	nan	nan
16.000000000000000	nan	nan	nan
16.000000000000000	nan	nan	nan
16.000000000000000	nan	nan	nan
16.000000000000000	nan	nan	nan
16.000000000000000	nan	nan	nan
16.000000000000000	nan	nan	nan
16.000000000000000	nan	nan	nan
16.000000000000000	nan	nan	nan
16.000000000000000	nan	nan	nan
16.000000000000000	nan	nan	nan
16.000000000000000	nan	nan	nan
16.000000000000000	nan	nan	nan
16.000000000000000	nan	nan	nan
16.000000000000000	nan	nan	nan
16.000000000000000	nan	nan	nan
16.000000000000000	nan	nan	nan


17.000000000000000	nan	nan	nan
17.000000000000000	nan	nan	nan
17.000000000000000	nan	nan	nan
17.000000000000000	nan	nan	nan
17.000000000000000	nan	nan	nan
17.000000000000000	nan	nan	nan
17.000000000000000	nan	nan	nan
17.000000000000000	nan	nan	nan
17.000000000000000	nan	nan	nan
17.000000000000000	nan	nan	nan
17.000000000000000	nan	nan	nan
17.000000000000000	nan	nan	nan
17.000000000000000	nan	nan	nan
17.000000000000000	nan	nan	nan
17.000000000000000	nan	nan	nan
17.000000000000000	nan	nan	nan
17.000000000000000	nan	nan	nan
17.000000000000000	nan	nan	nan
17.000000000000000	nan	nan	nan
17.000000000000000	nan	nan	nan
17.000000000000000	nan	nan	nan
17.000000000000000	nan	nan	nan
17.000000000000000	nan	nan	nan
17.000000000000000	nan	nan	nan
17.000000000000000	nan	nan	nan
17.000000000000000	nan	nan	nan
17.000000000000000	nan	nan	nan
17.000000000000000	nan	nan	nan
17.000000000000000	nan	nan	nan
17.000000000000000	nan	nan	nan
17.000000000000000	nan	nan	nan
17.000000000000000	nan	nan	nan
17.000000000000000	nan	nan	nan
17.000000000000000	nan	nan	nan
17.000000000000000	nan	nan	nan
17.000000000000000	nan	nan	nan
17.000000000000000	nan	nan	nan
17.000000000000000	nan	nan	nan
17.000000000000000	nan	nan	nan
17.000000000000000	nan	nan	nan
17.000000000000000	nan	nan	nan
17.000000000000000	nan	nan	nan
17.000000000000000	nan	nan	nan
17.000000000000000	nan	nan	nan
17.000000000000000	nan	nan	nan
17.000000000000000	nan	nan	nan
17.000000000000000	nan	nan	nan
17.000000000000000	nan	nan	nan
17.000000000000000	nan	nan	nan
17.000000000000000	nan	nan	nan
17.000000000000000	nan	nan	nan
17.000000000000000	nan	nan	nan
17.000000000000000	nan	nan	nan
17.000000000000000	nan	nan	nan
17.000000000000000	nan	nan	nan
17.000000000000000	nan	nan	nan
17.000000000000000	nan	nan	nan
17.000000000000000	nan	nan	nan
17.000000000000000	nan	nan	nan
17.000000000000000	nan	nan	nan
17.000000000000000	nan	nan	nan
17.000000000000000	nan	nan	nan
17.000000000000000	nan	nan	nan
17.000000000000000	nan	nan	nan
17.000000000000000	nan	nan	nan
17.000000000000000	nan	nan	nan
17.000000000000000	nan	nan	nan
17.000000000000000	nan	nan	nan
17.000000000000000	nan	nan	nan
17.000000000000000	nan	nan	nan
17.000000000000000	nan	nan	nan
17.000000000000000	nan	nan	nan
17.000000000000000	nan	nan	nan
17.000000000000000	nan	nan	nan
17.000000000000000	nan	nan	nan
17.000000000000000	nan	nan	nan
17.000000000000000	nan	nan	nan
17.000000000000000	nan	nan	nan
17.000000000000000	nan	nan	nan
17.000000000000000	nan	nan	nan
17.000000000000000	nan	nan	nan
17.000000000000000	nan	nan	nan
17.000000000000000	nan	nan	nan
17.000000000000000	nan	nan	nan
17.000000000000000	nan	nan	nan
17.000000000000000	nan	nan	nan
17.000000000000000	nan	nan	nan
17.000000000000000	nan	nan	nan
17.000000000000000	nan	nan	nan
17.000000000000000	nan	nan	nan
17.000000000000000	nan	nan	nan
17.000000000000000	nan	nan	nan
17.000000000000000	nan	nan	nan
17.000000000000000	nan	nan	nan
17.000000000000000	nan	nan	nan
17.000000000000000	nan	nan	nan
17.000000000000000	nan	nan	nan
17.000000000000000	nan	nan	nan
17.000000000000000	nan	nan	nan
17.000000000000000	nan	nan	nan


18.000000000000000	nan	nan	nan
18.000000000000000	nan	nan	nan
18.000000000000000	nan	nan	nan
18.000000000000000	nan	nan	nan
18.000000000000000	nan	nan	nan
18.000000000000000	nan	nan	nan
18.000000000000000	nan	nan	nan
18.000000000000000	nan	nan	nan
18.000000000000000	nan	nan	nan
18.000000000000000	nan	nan	nan
18.000000000000000	nan	nan	nan
18.000000000000000	nan	nan	nan
18.000000000000000	nan	nan	nan
18.000000000000000	nan	nan	nan
18.000000000000000	nan	nan	nan
18.000000000000000	nan	nan	nan
18.000000000000000	nan	nan	nan
18.000000000000000	nan	nan	nan
18.000000000000000	nan	nan	nan
18.000000000000000	nan	nan	nan
18.000000000000000	nan	nan	nan
18.000000000000000	nan	nan	nan
18.000000000000000	nan	nan	nan
18.000000000000000	nan	nan	nan
18.000000000000000	nan	nan	nan
18.000000000000000	nan	nan	nan
18.000000000000000	nan	nan	nan
18.000000000000000	nan	nan	nan
18.000000000000000	nan	nan	nan
18.000000000000000	nan	nan	nan
18.000000000000000	nan	nan	nan
18.000000000000000	nan	nan	nan
18.000000000000000	nan	nan	nan
18.000000000000000	nan	nan	nan
18.000000000000000	nan	nan	nan
18.000000000000000	nan	nan	nan
18.000000000000000	nan	nan	nan
18.000000000000000	nan	nan	nan
18.000000000000000	nan	nan	nan
18.000000000000000	nan	nan	nan
18.000000000000000	nan	nan	nan
18.000000000000000	nan	nan	nan
18.000000000000000	nan	nan	nan
18.000000000000000	nan	nan	nan
18.000000000000000	nan	nan	nan
18.000000000000000	nan	nan	nan
18.000000000000000	nan	nan	nan
18.000000000000000	nan	nan	nan
18.000000000000000	nan	nan	nan
18.000000000000000	nan	nan	nan
18.000000000000000	nan	nan	nan
18.000000000000000	nan	nan	nan
18.000000000000000	nan	nan	nan
18.000000000000000	nan	nan	nan
18.000000000000000	nan	nan	nan
18.000000000000000	nan	nan	nan
18.000000000000000	nan	nan	nan
18.000000000000000	nan	nan	nan
18.000000000000000	nan	nan	nan
18.000000000000000	nan	nan	nan
18.000000000000000	nan	nan	nan
18.000000000000000	nan	nan	nan
18.000000000000000	nan	nan	nan
18.000000000000000	nan	nan	nan
18.000000000000000	nan	nan	nan
18.000000000000000	nan	nan	nan
18.000000000000000	nan	nan	nan
18.000000000000000	nan	nan	nan
18.000000000000000	nan	nan	nan
18.000000000000000	nan	nan	nan
18.000000000000000	nan	nan	nan
18.000000000000000	nan	nan	nan
18.000000000000000	nan	nan	nan
18.000000000000000	nan	nan	nan
18.000000000000000	nan	nan	nan
18.000000000000000	nan	nan	nan
18.000000000000000	nan	nan	nan
18.000000000000000	nan	nan	nan
18.000000000000000	nan	nan	nan
18.000000000000000	nan	nan	nan
18.000000000000000	nan	nan	nan
18.000000000000000	nan	nan	nan
18.000000000000000	nan	nan	nan
18.000000000000000	nan	nan	nan
18.000000000000000	nan	nan	nan
18.000000000000000	nan	nan	nan
18.000000000000000	nan	nan	nan
18.000000000000000	nan	nan	nan
18.000000000000000	nan	nan	nan
18.000000000000000	nan	nan	nan
18.000000000000000	nan	nan	nan
18.000000000000000	nan	nan	nan
18.000000000000000	nan	nan	nan
18.000000000000000	nan	nan	nan
18.000000000000000	nan	nan	nan
18.000000000000000	nan	nan	nan
18.000000000000000	nan	nan	nan
18.000000000000000	nan	nan	nan
18.000000000000000	nan	nan	nan
18.000000000000000	nan	nan	nan


19.000000000000000	nan	nan	nan
19.000000000000000	nan	nan	nan
19.000000000000000	nan	nan	nan
19.000000000000000	nan	nan	nan
19.000000000000000	nan	nan	nan
19.000000000000000	nan	nan	nan
19.000000000000000	nan	nan	nan
19.000000000000000	nan	nan	nan
19.000000000000000	nan	nan	nan
19.000000000000000	nan	nan	nan
19.000000000000000	nan	nan	nan
19.000000000000000	nan	nan	nan
19.000000000000000	nan	nan	nan
19.000000000000000	nan	nan	nan
19.000000000000000	nan	nan	nan
19.000000000000000	nan	nan	nan
19.000000000000000	nan	nan	nan
19.000000000000000	nan	nan	nan
19.000000000000000	nan	nan	nan
19.000000000000000	nan	nan	nan
19.000000000000000	nan	nan	nan
19.000000000000000	nan	nan	nan
19.000000000000000	nan	nan	nan
19.000000000000000	nan	nan	nan
19.000000000000000	nan	nan	nan
19.000000000000000	nan	nan	nan
19.000000000000000	nan	nan	nan
19.000000000000000	nan	nan	nan
19.000000000000000	nan	nan	nan
19.000000000000000	nan	nan	nan
19.000000000000000	nan	nan	nan
19.000000000000000	nan	nan	nan
19.000000000000000	nan	nan	nan
19.000000000000000	nan	nan	nan
19.000000000000000	nan	nan	nan
19.000000000000000	nan	nan	nan
19.000000000000000	nan	nan	nan
19.000000000000000	nan	nan	nan
19.000000000000000	nan	nan	nan
19.000000000000000	nan	nan	nan
19.000000000000000	nan	nan	nan
19.000000000000000	nan	nan	nan
19.000000000000000	nan	nan	nan
19.000000000000000	nan	nan	nan
19.000000000000000	nan	nan	nan
19.000000000000000	nan	nan	nan
19.000000000000000	nan	nan	nan
19.000000000000000	nan	nan	nan
19.000000000000000	nan	nan	nan
19.000000000000000	nan	nan	nan
19.000000000000000	nan	nan	nan
19.000000000000000	nan	nan	nan
19.000000000000000	nan	nan	nan
19.000000000000000	nan	nan	nan
19.000000000000000	nan	nan	nan
19.000000000000000	nan	nan	nan
19.000000000000000	nan	nan	nan
19.000000000000000	nan	nan	nan
19.000000000000000	nan	nan	nan
19.000000000000000	nan	nan	nan
19.000000000000000	nan	nan	nan
19.000000000000000	nan	nan	nan
19.000000000000000	nan	nan	nan
19.000000000000000	nan	nan	nan
19.000000000000000	nan	nan	nan
19.000000000000000	nan	nan	nan
19.000000000000000	nan	nan	nan
19.000000000000000	nan	nan	nan
19.000000000000000	nan	nan	nan
19.000000000000000	nan	nan	nan
19.000000000000000	nan	nan	nan
19.000000000000000	nan	nan	nan
19.000000000000000	nan	nan	nan
19.000000000000000	nan	nan	nan
19.000000000000000	nan	nan	nan
19.000000000000000	nan	nan	nan
19.000000000000000	nan	nan	nan
19.000000000000000	nan	nan	nan
19.000000000000000	nan	nan	nan
19.000000000000000	nan	nan	nan
19.000000000000000	nan	nan	nan
19.000000000000000	nan	nan	nan
19.000000000000000	nan	nan	nan
19.000000000000000	nan	nan	nan
19.000000000000000	nan	nan	nan
19.000000000000000	nan	nan	nan
19.000000000000000	nan	nan	nan
19.000000000000000	nan	nan	nan
19.000000000000000	nan	nan	nan
19.000000000000000	nan	nan	nan
19.000000000000000	nan	nan	nan
19.000000000000000	nan	nan	nan
19.000000000000000	nan	nan	nan
19.000000000000000	nan	nan	nan
19.000000000000000	nan	nan	nan
19.000000000000000	nan	nan	nan
19.000000000000000	nan	nan	nan
19.000000000000000	nan	nan	nan
19.000000000000000	nan	nan	nan
19.000000000000000	nan	nan	nan


20.000000000000000	nan	nan	nan
20.000000000000000	nan	nan	nan
20.000000000000000	nan	nan	nan
20.000000000000000	nan	nan	nan
20.000000000000000	nan	nan	nan
20.000000000000000	nan	nan	nan
20.000000000000000	nan	nan	nan
20.000000000000000	nan	nan	nan
20.000000000000000	nan	nan	nan
20.000000000000000	nan	nan	nan
20.000000000000000	nan	nan	nan
20.000000000000000	nan	nan	nan
20.000000000000000	nan	nan	nan
20.000000000000000	nan	nan	nan
20.000000000000000	nan	nan	nan
20.000000000000000	nan	nan	nan
20.000000000000000	nan	nan	nan
20.000000000000000	nan	nan	nan
20.000000000000000	nan	nan	nan
20.000000000000000	nan	nan	nan
20.000000000000000	nan	nan	nan
20.000000000000000	nan	nan	nan
20.000000000000000	nan	nan	nan
20.000000000000000	nan	nan	nan
20.000000000000000	nan	nan	nan
20.000000000000000	nan	nan	nan
20.000000000000000	nan	nan	nan
20.000000000000000	nan	nan	nan
20.000000000000000	nan	nan	nan
20.000000000000000	nan	nan	nan
20.000000000000000	nan	nan	nan
20.000000000000000	nan	nan	nan
20.000000000000000	nan	nan	nan
20.000000000000000	nan	nan	nan
20.000000000000000	nan	nan	nan
20.000000000000000	nan	nan	nan
20.000000000000000	nan	nan	nan
20.000000000000000	nan	nan	nan
20.000000000000000	nan	nan	nan
20.000000000000000	nan	nan	nan
20.000000000000000	nan	nan	nan
20.000000000000000	nan	nan	nan
20.000000000000000	nan	nan	nan
20.000000000000000	nan	nan	nan
20.000000000000000	nan	nan	nan
20.000000000000000	nan	nan	nan
20.000000000000000	nan	nan	nan
20.000000000000000	nan	nan	nan
20.000000000000000	nan	nan	nan
20.000000000000000	nan	nan	nan
20.000000000000000	nan	nan	nan
20.000000000000000	nan	nan	nan
20.000000000000000	nan	nan	nan
20.000000000000000	nan	nan	nan
20.000000000000000	nan	nan	nan
20.000000000000000	nan	nan	nan
20.000000000000000	nan	nan	nan
20.000000000000000	nan	nan	nan
20.000000000000000	nan	nan	nan
20.000000000000000	nan	nan	nan
20.000000000000000	nan	nan	nan
20.000000000000000	nan	nan	nan
20.000000000000000	nan	nan	nan
20.000000000000000	nan	nan	nan
20.000000000000000	nan	nan	nan
20.000000000000000	nan	nan	nan
20.000000000000000	nan	nan	nan
20.000000000000000	nan	nan	nan
20.000000000000000	nan	nan	nan
20.000000000000000	nan	nan	nan
20.000000000000000	nan	nan	nan
20.000000000000000	nan	nan	nan
20.000000000000000	nan	nan	nan
20.000000000000000	nan	nan	nan
20.000000000000000	nan	nan	nan
20.000000000000000	nan	nan	nan
20.000000000000000	nan	nan	nan
20.000000000000000	nan	nan	nan
20.000000000000000	nan	nan	nan
20.000000000000000	nan	nan	nan
20.000000000000000	nan	nan	nan
20.000000000000000	nan	nan	nan
20.000000000000000	nan	nan	nan
20.000000000000000	nan	nan	nan
20.000000000000000	nan	nan	nan
20.000000000000000	nan	nan	nan
20.000000000000000	nan	nan	nan
20.000000000000000	nan	nan	nan
20.000000000000000	nan	nan	nan
20.000000000000000	nan	nan	nan
20.000000000000000	nan	nan	nan
20.000000000000000	nan	nan	nan
20.000000000000000	nan	nan	nan
20.000000000000000	nan	nan	nan
20.000000000000000	nan	nan	nan
20.000000000000000	nan	nan	nan
20.000000000000000	nan	nan	nan
20.000000000000000	nan	nan	nan
20.000000000000000	nan	nan	nan
20.000000000000000	nan	nan	nan


21.000000000000000	0.267293611534621	0.938373625416252	0.156646908650273
21.000000000000000	0.174612322104397	0.961424761714742	0.155877613261918
21.000000000000000	0.080517918711280	0.978111978843889	0.154064552704177
21.000000000000000	-0.014610713692301	0.988368083269963	0.151215027532007
21.000000000000000	-0.110390525678712	0.992151777280269	0.147340511777555
21.000000000000000	-0.206435845749974	0.989447825274459	0.142456606748277
21.000000000000000	-0.302359933300756	0.980267115112917	0.136582978205982
21.000000000000000	-0.397776535886300	0.964646614275188	0.129743277179749
21.000000000000000	-0.492301444524690	0.942649221004988	0.121965044731582
21.000000000000000	-0.585554040770816	0.914363511041174	0.113279601058271
21.000000000000000	-0.677158829332519	0.879903380954504	0.103721919376014
21.000000000000000	-0.766746950057598	0.839407589526350	0.093330485095622
21.000000000000000	-0.853957663203464	0.793039199016054	0.082147140855350
21.000000000000000	-0.938439802008756	0.740984918566769	0.070216918035363
21.000000000000000	-1.019853186717949	0.683454352393628	0.057587855432257
21.000000000000000	-1.097869994365166	0.620679155781557	0.044310805823787
21.000000000000000	-1.172176078801558	0.552912102291198	0.030439231202675
21.000000000000000	-1.242472235650969	0.480426065928996	0.016028987504034
21.000000000000000	-1.308475407100358	0.403512922379889	0.001138099693232
21.000000000000000	-1.369919821673705	0.322482373726933	-0.014173471880162
21.000000000000000	-1.426558064399946	0.237660701390326	-0.029844072921547
21.000000000000000	-1.478162073065739	0.149389452307288	-0.045810603451369
21.000000000000000	-1.524524056541499	0.058024063643089	-0.062008771886472
21.000000000000000	-1.565457331482943	-0.036067568428966	-0.078373353919611
21.000000000000000	-1.600797074039025	-0.132506570115578	-0.094838455154716
21.000000000000000	-1.630400983539415	-0.230904615594499	-0.111337776440368
21.000000000000000	-1.654149855489069	-0.330865490665562	-0.127804880833081
21.000000000000000	-1.671948061562663	-0.431986688165424	-0.144173461115430
21.000000000000000	-1.683723934666104	-0.533861028721851	-0.160377606791804
21.000000000000000	-1.689430057514626	-0.636078300321335	-0.176352069486717
21.000000000000000	-1.689043453565458	-0.738226910088093	-0.192032525676985
21.000000000000000	-1.682565679536255	-0.839895541623311	-0.207355835699847
21.000000000000000	-1.670022819136741	-0.940674811231106	-0.222260297994110
21.000000000000000	-1.651465378038821	-1.040158916362183	-0.236685897550550
21.000000000000000	-1.626968080508064	-1.137947269637474	-0.250574547571180
21.000000000000000	-1.596629568515456	-1.233646111872129	-0.263870323364279
21.000000000000000	-1.560572004541004	-1.326870097604779	-0.276519687533390
21.000000000000000	-1.518940579668540	-1.417243846747705	-0.288471705553517
21.000000000000000	-1.471902928952475	-1.504403456109958	-0.299678250866484
21.000000000000000	-1.419648456410594	-1.587997964707079	-0.310094198669597
21.000000000000000	-1.362387572360935	-1.667690766957107	-0.319677607617294
21.000000000000000	-1.300350846173692	-1.743160968072459	-0.328389888704150
21.000000000000000	-1.233788077849747	-1.814104676189982	-0.336195960649172
21.000000000000000	-1.162967292164224	-1.880236226036225	-0.343064391155742
21.000000000000000	-1.088173659425326	-1.941289329200677	-0.348967523478381
21.000000000000000	-1.009708347194144	-1.997018146385206	-0.353881587786697
21.000000000000000	-0.927887307589191	-2.047198277312149	-0.357786796878111
21.000000000000000	-0.843040005058730	-2.091627664305029	-0.360667425853931
21.000000000000000	-0.755508089743724	-2.130127405903499	-0.362511875437970
21.000000000000000	-0.665644021773302	-2.162542477236386	-0.363312718682741
21.000000000000000	-0.573809652032219	-2.188742354252131	-0.363066730875149
21.000000000000000	-0.480374765115054	-2.208621539293075	-0.361774902521277
21.000000000000000	-0.385715590334160	-2.222099985897291	-0.359442435357963
21.000000000000000	-0.290213286777016	-2.229123421117439	-0.356078721407242
21.000000000000000	-0.194252408513100	-2.229663564058765	-0.351697305157994
21.000000000000000	-0.098219356130391	-2.223718239756284	-0.346315829027059
21.000000000000000	-0.002500820836563	-2.211311387932597	-0.339955962319460
21.000000000000000	0.092517772610013	-2.192492966601078	-0.332643313973751
21.000000000000000	0.186453817869751	-2.167338750902582	-0.324407329443869
21.000000000000000	0.278929067642530	-2.135950027985706	-0.315281172132674
21.000000000000000	0.369571156736079	-2.098453189159180	-0.305301589854639
21.000000000000000	0.458015101449179	-2.054999220958683	-0.294508766865366
21.000000000000000	0.543904769232209	-2.005763097177352	-0.282946162053774
21.000000000000000	0.626894312707229	-1.950943074308072	-0.270660333948489
21.000000000000000	0.706649562273309	-1.890759893234550	-0.257700753243084
21.000000000000000	0.782849371689565	-1.825455890385693	-0.244119603595058
21.000000000000000	0.855186911217724	-1.755294021932329	-0.229971571500660
21.000000000000000	0.923370903117190	-1.680556804955528	-0.215313626091676
21.000000000000000	0.987126794517700	-1.601545179850020	-0.200204789740836
21.000000000000000	1.046197862946828	-1.518577298543444	-0.184705900399555
21.000000000000000	1.100346250060777	-1.431987243410824	-0.168879366624975
21.000000000000000	1.149353919415972	-1.342123682042761	-0.152788916282730
21.000000000000000	1.193023534424873	-1.249348463284098	-0.136499339937323
21.000000000000000	1.231179252960758	-1.154035160196342	-0.120076229963393
21.000000000000000	1.263667435411906	-1.056567565810789	-0.103585716428370
21.000000000000000	1.290357263334087	-0.957338147729452	-0.087094200810037
21.000000000000000	1.311141266210266	-0.856746467796540	-0.070668088621210
21.000000000000000	1.325935754196448	-0.755197573203934	-0.054373522018180
21.000000000000000	1.334681155111132	-0.653100365509108	-0.038276113469591
21.000000000000000	1.337342254311471	-0.550865954132879	-0.022440681558189
21.000000000000000	1.333908336490202	-0.448906000966860	-0.006930989979264
21.000000000000000	1.324393228822413	-0.347631062756318	0.008190509213245
21.000000000000000	1.308835245288384	-0.247448937933071	0.022862927079128
21.000000000000000	1.287297032396712	-0.148763024555125	0.037027182970178
21.000000000000000	1.259865316928936	-0.051970695965075	0.050626242427107
21.000000000000000	1.226650556721388	0.042538299292099	0.063605346837187
21.000000000000000	1.187786495890485	0.134383406848853	0.075912233927851
21.000000000000000	1.143429626292363	0.223194798873217	0.087497348208424
21.000000000000000	1.093758557385414	0.308614863234935	0.098314040512593
21.000000000000000	1.038973297033029	0.390299643483304	0.108318755838133
21.000000000000000	0.979294446142535	0.467920223838395	0.117471208727530
21.000000000000000	0.914962310383187	0.541164053618820	0.125734545483299
21.000000000000000	0.846235932560063	0.609736205773007	0.133075492564817
21.000000000000000	0.773392049540107	0.673360564446344	0.139464490569131
21.000000000000000	0.696723977930449	0.731780936802274	0.144875813256232
21.000000000000000	0.616540432995941	0.784762084620427	0.149287671139553
21.000000000000000	0.533164285571752	0.832090671517905	0.152682299224535
21.000000000000000	0.446931261976468	0.873576121979601	0.155046028541994
21.000000000000000	0.358188592160699	0.909051388738538	0.156369341188230
21.000000000000000	0.267293611534621	0.938373625416251	0.156646908650273


22.000000000000000	nan	nan	nan
22.000000000000000	nan	nan	nan
22.000000000000000	nan	nan	nan
22.000000000000000	nan	nan	nan
22.000000000000000	nan	nan	nan
22.000000000000000	nan	nan	nan
22.000000000000000	nan	nan	nan
22.000000000000000	nan	nan	nan
22.000000000000000	nan	nan	nan
22.000000000000000	nan	nan	nan
22.000000000000000	nan	nan	nan
22.000000000000000	nan	nan	nan
22.000000000000000	nan	nan	nan
22.000000000000000	nan	nan	nan
22.000000000000000	nan	nan	nan
22.000000000000000	nan	nan	nan
22.000000000000000	nan	nan	nan
22.000000000000000	nan	nan	nan
22.000000000000000	nan	nan	nan
22.000000000000000	nan	nan	nan
22.000000000000000	nan	nan	nan
22.000000000000000	nan	nan	nan
22.000000000000000	nan	nan	nan
22.000000000000000	nan	nan	nan
22.000000000000000	nan	nan	nan
22.000000000000000	nan	nan	nan
22.000000000000000	nan	nan	nan
22.000000000000000	nan	nan	nan
22.000000000000000	nan	nan	nan
22.000000000000000	nan	nan	nan
22.000000000000000	nan	nan	nan
22.000000000000000	nan	nan	nan
22.000000000000000	nan	nan	nan
22.000000000000000	nan	nan	nan
22.000000000000000	nan	nan	nan
22.000000000000000	nan	nan	nan
22.000000000000000	nan	nan	nan
22.000000000000000	nan	nan	nan
22.000000000000000	nan	nan	nan
22.000000000000000	nan	nan	nan
22.000000000000000	nan	nan	nan
22.000000000000000	nan	nan	nan
22.000000000000000	nan	nan	nan
22.000000000000000	nan	nan	nan
22.000000000000000	nan	nan	nan
22.000000000000000	nan	nan	nan
22.000000000000000	nan	nan	nan
22.000000000000000	nan	nan	nan
22.000000000000000	nan	nan	nan
22.000000000000000	nan	nan	nan
22.000000000000000	nan	nan	nan
22.000000000000000	nan	nan	nan
22.000000000000000	nan	nan	nan
22.000000000000000	nan	nan	nan
22.000000000000000	nan	nan	nan
22.000000000000000	nan	nan	nan
22.000000000000000	nan	nan	nan
22.000000000000000	nan	nan	nan
22.000000000000000	nan	nan	nan
22.000000000000000	nan	nan	nan
22.000000000000000	nan	nan	nan
22.000000000000000	nan	nan	nan
22.000000000000000	nan	nan	nan
22.000000000000000	nan	nan	nan
22.000000000000000	nan	nan	nan
22.000000000000000	nan	nan	nan
22.000000000000000	nan	nan	nan
22.000000000000000	nan	nan	nan
22.000000000000000	nan	nan	nan
22.000000000000000	nan	nan	nan
22.000000000000000	nan	nan	nan
22.000000000000000	nan	nan	nan
22.000000000000000	nan	nan	nan
22.000000000000000	nan	nan	nan
22.000000000000000	nan	nan	nan
22.000000000000000	nan	nan	nan
22.000000000000000	nan	nan	nan
22.000000000000000	nan	nan	nan
22.000000000000000	nan	nan	nan
22.000000000000000	nan	nan	nan
22.000000000000000	nan	nan	nan
22.000000000000000	nan	nan	nan
22.000000000000000	nan	nan	nan
22.000000000000000	nan	nan	nan
22.000000000000000	nan	nan	nan
22.000000000000000	nan	nan	nan
22.000000000000000	nan	nan	nan
22.000000000000000	nan	nan	nan
22.000000000000000	nan	nan	nan
22.000000000000000	nan	nan	nan
22.000000000000000	nan	nan	nan
22.000000000000000	nan	nan	nan
22.000000000000000	nan	nan	nan
22.000000000000000	nan	nan	nan
22.000000000000000	nan	nan	nan
22.000000000000000	nan	nan	nan
22.000000000000000	nan	nan	nan
22.000000000000000	nan	nan	nan
22.000000000000000	nan	nan	nan
22.000000000000000	nan	nan	nan


23.000000000000000	-1.793883550929038	0.074491825284567	0.033947475987356
23.000000000000000	-1.795031044022741	-0.074451151088097	0.040802154323045
23.000000000000000	-1.786378887934342	-0.223201129654700	0.047443870037311
23.000000000000000	-1.767961921842683	-0.371159146751934	0.053845879285125
23.000000000000000	-1.739854304370062	-0.517729427665807	0.059982403434795
23.000000000000000	-1.702169214971634	-0.662321785606147	0.065828732869418
23.000000000000000	-1.655058398201688	-0.804353998180499	0.071361326483786
23.000000000000000	-1.598711552691888	-0.943254151798212	0.076557906476110
23.000000000000000	-1.533355567301834	-1.078462944564610	0.081397548052860
23.000000000000000	-1.459253607517703	-1.209435938392323	0.085860763685528
23.000000000000000	-1.376704055777722	-1.335645751261311	0.089929581580025
23.000000000000000	-1.286039309991396	-1.456584180800116	0.093587618042756
23.000000000000000	-1.187624445090452	-1.571764250637452	0.096820143451964
23.000000000000000	-1.081855743000931	-1.680722171284169	0.099614141568727
23.000000000000000	-0.969159096955743	-1.783019207649844	0.101958361948753
23.000000000000000	-0.849988296572935	-1.878243445674134	0.103843365243950
23.000000000000000	-0.724823200605055	-1.966011450959316	0.105261561211347
23.000000000000000	-0.594167804717326	-2.045969812725278	0.106207239276329
23.000000000000000	-0.458548212074980	-2.117796566869992	0.106676591527097
23.000000000000000	-0.318510514911497	-2.181202492405325	0.106667728047794
23.000000000000000	-0.174618595607923	-2.235932276047870	0.106180684528522
23.000000000000000	-0.027451856137535	-2.281765540275437	0.105217422121634
23.000000000000000	0.122397114981401	-2.318517730709546	0.103781819544866
23.000000000000000	0.274324928830451	-2.346040859250774	0.101879657463106
23.000000000000000	0.427719825725220	-2.364224099974604	0.099518595211703
23.000000000000000	0.581964138555685	-2.372994235388302	0.096708139955020
23.000000000000000	0.736436779913648	-2.372315951251921	0.093459608404443
23.000000000000000	0.890515742992516	-2.362191978776283	0.089786081249977
23.000000000000000	1.043580606189180	-2.342663083625354	0.085702350488926
23.000000000000000	1.195015031322838	-2.313807901767304	0.081224859863735
23.000000000000000	1.344209245411311	-2.275742622835221	0.076371638648851
23.000000000000000	1.490562496011636	-2.228620522272459	0.071162229053192
23.000000000000000	1.633485470238111	-2.172631344146535	0.065617607530571
23.000000000000000	1.772402667717301	-2.108000537116728	0.059760100314920
23.000000000000000	1.906754717924914	-2.034988346631908	0.053613293520425
23.000000000000000	2.036000632573487	-1.953888767013959	0.047201938168571
23.000000000000000	2.159619983981265	-1.865028357646412	0.040551850524511
23.000000000000000	2.277115000650813	-1.768764928035062	0.033689808144082
23.000000000000000	2.388012571619135	-1.665486097035376	0.026643442050034
23.000000000000000	2.491866151508548	-1.555607732048169	0.019441125471658
23.000000000000000	2.588257558607312	-1.439572274468363	0.012111859595801
23.000000000000000	2.676798658739787	-1.317846958129637	0.004685156789326
23.000000000000000	2.757132928145768	-1.190921927918697	-0.002809078236772
23.000000000000000	2.828936889075838	-1.059308266134803	-0.010340668843088
23.000000000000000	2.891921412322090	-0.923535934541738	-0.017879287972478
23.000000000000000	2.945832881439410	-0.784151640398828	-0.025394580266417
23.000000000000000	2.990454213969377	-0.641716635063769	-0.032856284295311
23.000000000000000	3.025605735554715	-0.496804454031497	-0.040234354410600
23.000000000000000	3.051145903424509	-0.349998607509177	-0.047499081727972
23.000000000000000	3.066971876336992	-0.201890230826549	-0.054621213754561
23.000000000000000	3.073019928684924	-0.053075704142581	-0.061572072178408
23.000000000000000	3.069265707096122	0.095845748966927	-0.068323668345901
23.000000000000000	3.055724328495894	0.244274474371205	-0.074848815962209
23.000000000000000	3.032450319236519	0.391612801980041	-0.081121240560891
23.000000000000000	2.999537395538868	0.537267452350301	-0.087115685301901
23.000000000000000	2.957118086130259	0.680651925612844	-0.092808012671968
23.000000000000000	2.905363198598051	0.821188863100499	-0.098175301677846
23.000000000000000	2.844481131607770	0.958312372167638	-0.103195940141058
23.000000000000000	2.774717035755240	1.091470304840138	-0.107849711722517
23.000000000000000	2.696351826431657	1.220126481120387	-0.112117877326583
23.000000000000000	2.609701052676453	1.343762847994902	-0.115983250556792
23.000000000000000	2.515113626572691	1.461881565450963	-0.119430266919404
23.000000000000000	2.412970418301248	1.574007011102642	-0.122445046496130
23.000000000000000	2.303682722511025	1.679687695354275	-0.125015449833663
23.000000000000000	2.187690602180556	1.778498079389721	-0.127131126824971
23.000000000000000	2.065461116639717	1.870040288666977	-0.128783558385523
23.000000000000000	1.937486440886644	1.953945715018538	-0.129966090756642
23.000000000000000	1.804281883772733	2.029876500906381	-0.130673962297836
23.000000000000000	1.666383813035763	2.097526899855036	-0.130904322660248
23.000000000000000	1.524347495536325	2.156624507584722	-0.130656244264002
23.000000000000000	1.378744861394156	2.206931358887246	-0.129930726033243
23.000000000000000	1.230162201027406	2.248244885827899	-0.128730689373818
23.000000000000000	1.079197804368048	2.280398733415045	-0.127060966409810
23.000000000000000	0.926459551759484	2.303263429452950	-0.124928280526276
23.000000000000000	0.772562466236953	2.316746905880623	-0.122341219296552
23.000000000000000	0.618126237046842	2.320794869497397	-0.119310199903122
23.000000000000000	0.463772724376792	2.315391020582491	-0.115847427191303
23.000000000000000	0.310123455344213	2.300557118528231	-0.111966844524643
23.000000000000000	0.157797121325948	2.276352894222656	-0.107684077639913
23.000000000000000	0.007407086706461	2.242875809534314	-0.103016371727782
23.000000000000000	-0.140441080924064	2.200260664867718	-0.097982521992519
23.000000000000000	-0.285152049176668	2.148679056369688	-0.092602797970344
23.000000000000000	-0.426143118057031	2.088338684972241	-0.086898861911152
23.000000000000000	-0.562846566292691	2.019482520054236	-0.080893681552287
23.000000000000000	-0.694711937346234	1.942387821089442	-0.074611437635562
23.000000000000000	-0.821208255909491	1.857365021220496	-0.068077426539951
23.000000000000000	-0.941826165953690	1.764756477254205	-0.061317958421997
23.000000000000000	-1.056079981726425	1.664935091111513	-0.054360251274100
23.000000000000000	-1.163509643436753	1.558302808283079	-0.047232321327264
23.000000000000000	-1.263682569753595	1.445288999336652	-0.039962870239626
23.000000000000000	-1.356195399658082	1.326348730993342	-0.032581169525011
23.000000000000000	-1.440675616636018	1.201960933734541	-0.025116942686869
23.000000000000000	-1.516783048670397	1.072626473317911	-0.017600245532226
23.000000000000000	-1.584211237994062	0.938866133967757	-0.010061345147552
23.000000000000000	-1.642688675086964	0.801218521360767	-0.002530598023888
23.000000000000000	-1.691979891949178	0.660237893851040	0.004961672178029
23.000000000000000	-1.731886410247429	0.516491930667321	0.012385296730446
23.000000000000000	-1.762247540517285	0.370559446069115	0.019710383317412
23.000000000000000	-1.782941029202921	0.223028058665934	0.026907436400586
23.000000000000000	-1.793883550929038	0.074491825284568	0.033947475987356


24.000000000000000	nan	nan	nan
24.000000000000000	nan	nan	nan
24.000000000000000	nan	nan	nan
24.000000000000000	nan	nan	nan
24.000000000000000	nan	nan	nan
24.000000000000000	nan	nan	nan
24.000000000000000	nan	nan	nan
24.000000000000000	nan	nan	nan
24.000000000000000	nan	nan	nan
24.000000000000000	nan	nan	nan
24.000000000000000	nan	nan	nan
24.000000000000000	nan	nan	nan
24.000000000000000	nan	nan	nan
24.000000000000000	nan	nan	nan
24.000000000000000	nan	nan	nan
24.000000000000000	nan	nan	nan
24.000000000000000	nan	nan	nan
24.000000000000000	nan	nan	nan
24.000000000000000	nan	nan	nan
24.000000000000000	nan	nan	nan
24.000000000000000	nan	nan	nan
24.000000000000000	nan	nan	nan
24.000000000000000	nan	nan	nan
24.000000000000000	nan	nan	nan
24.000000000000000	nan	nan	nan
24.000000000000000	nan	nan	nan
24.000000000000000	nan	nan	nan
24.000000000000000	nan	nan	nan
24.000000000000000	nan	nan	nan
24.000000000000000	nan	nan	nan
24.000000000000000	nan	nan	nan
24.000000000000000	nan	nan	nan
24.000000000000000	nan	nan	nan
24.000000000000000	nan	nan	nan
24.000000000000000	nan	nan	nan
24.000000000000000	nan	nan	nan
24.000000000000000	nan	nan	nan
24.000000000000000	nan	nan	nan
24.000000000000000	nan	nan	nan
24.000000000000000	nan	nan	nan
24.000000000000000	nan	nan	nan
24.000000000000000	nan	nan	nan
24.000000000000000	nan	nan	nan
24.000000000000000	nan	nan	nan
24.000000000000000	nan	nan	nan
24.000000000000000	nan	nan	nan
24.000000000000000	nan	nan	nan
24.000000000000000	nan	nan	nan
24.000000000000000	nan	nan	nan
24.000000000000000	nan	nan	nan
24.000000000000000	nan	nan	nan
24.000000000000000	nan	nan	nan
24.000000000000000	nan	nan	nan
24.000000000000000	nan	nan	nan
24.000000000000000	nan	nan	nan
24.000000000000000	nan	nan	nan
24.000000000000000	nan	nan	nan
24.000000000000000	nan	nan	nan
24.000000000000000	nan	nan	nan
24.000000000000000	nan	nan	nan
24.000000000000000	nan	nan	nan
24.000000000000000	nan	nan	nan
24.000000000000000	nan	nan	nan
24.000000000000000	nan	nan	nan
24.000000000000000	nan	nan	nan
24.000000000000000	nan	nan	nan
24.000000000000000	nan	nan	nan
24.000000000000000	nan	nan	nan
24.000000000000000	nan	nan	nan
24.000000000000000	nan	nan	nan
24.000000000000000	nan	nan	nan
24.000000000000000	nan	nan	nan
24.000000000000000	nan	nan	nan
24.000000000000000	nan	nan	nan
24.000000000000000	nan	nan	nan
24.000000000000000	nan	nan	nan
24.000000000000000	nan	nan	nan
24.000000000000000	nan	nan	nan
24.000000000000000	nan	nan	nan
24.000000000000000	nan	nan	nan
24.000000000000000	nan	nan	nan
24.000000000000000	nan	nan	nan
24.000000000000000	nan	nan	nan
24.000000000000000	nan	nan	nan
24.000000000000000	nan	nan	nan
24.000000000000000	nan	nan	nan
24.000000000000000	nan	nan	nan
24.000000000000000	nan	nan	nan
24.000000000000000	nan	nan	nan
24.000000000000000	nan	nan	nan
24.000000000000000	nan	nan	nan
24.000000000000000	nan	nan	nan
24.000000000000000	nan	nan	nan
24.000000000000000	nan	nan	nan
24.000000000000000	nan	nan	nan
24.000000000000000	nan	nan	nan
24.000000000000000	nan	nan	nan
24.000000000000000	nan	nan	nan
24.000000000000000	nan	nan	nan
24.000000000000000	nan	nan	nan


25.000000000000000	-0.774010775682205	1.201424276338287	-0.110568145713031
25.000000000000000	-0.853945927361893	1.146550795294068	-0.107260960447865
25.000000000000000	-0.930228215559071	1.086727882862334	-0.103491256683359
25.000000000000000	-1.002550478422528	1.022196424797323	-0.099274213686080
25.000000000000000	-1.070621499725404	0.953216266504687	-0.094626811999800
25.000000000000000	-1.134167181490155	0.880065166735754	-0.089567765070837
25.000000000000000	-1.192931647684368	0.803037679151067	-0.084117443895616
25.000000000000000	-1.246678274543230	0.722443966256760	-0.078297794993851
25.000000000000000	-1.295190643369918	0.638608550489609	-0.072132252037662
25.000000000000000	-1.338273411977304	0.551869007479719	-0.065645641492444
25.000000000000000	-1.375753101262003	0.462574606752612	-0.058864082649452
25.000000000000000	-1.407478793743486	0.371084905344112	-0.051814882452639
25.000000000000000	-1.433322741255516	0.277768299991071	-0.044526425543227
25.000000000000000	-1.453180879342924	0.183000543727733	-0.037028059964773
25.000000000000000	-1.466973246292436	0.087163232860880	-0.029349978988961
25.000000000000000	-1.474644305110277	-0.009357729583808	-0.021523099537949
25.000000000000000	-1.476163167150041	-0.106173687757040	-0.013578937692840
25.000000000000000	-1.471523716490365	-0.202894797965840	-0.005549481789539
25.000000000000000	-1.460744634561592	-0.299131598436511	0.002532936386976
25.000000000000000	-1.443869324922239	-0.394496577539737	0.010635771791347
25.000000000000000	-1.420965738488187	-0.488605734163143	0.018726397165248
25.000000000000000	-1.392126099918328	-0.581080123948249	0.026772234415832
25.000000000000000	-1.357466536258414	-0.671547385165648	0.034740885796219
25.000000000000000	-1.317126609338425	-0.759643238084275	0.042600264359788
25.000000000000000	-1.271268753806342	-0.845012951797309	0.050318723162981
25.000000000000000	-1.220077623061149	-0.927312772598336	0.057865182696379
25.000000000000000	-1.163759345718765	-1.006211308156199	0.065209256030917
25.000000000000000	-1.102540695604864	-1.081390861914952	0.072321371175323
25.000000000000000	-1.036668178616714	-1.152548712345765	0.079172890152086
25.000000000000000	-0.966407040130929	-1.219398331899672	0.085736224312487
25.000000000000000	-0.892040196953964	-1.281670540752887	0.091984945426351
25.000000000000000	-0.813867098115976	-1.339114590698947	0.097893892099200
25.000000000000000	-0.732202519095279	-1.391499174823236	0.103439271088308
25.000000000000000	-0.647375294328584	-1.438613358894300	0.108598753109692
25.000000000000000	-0.559726993110787	-1.480267430721542	0.113351562750259
25.000000000000000	-0.469610544215969	-1.516293664059259	0.117678562123062
25.000000000000000	-0.377388814777793	-1.546546993981034	0.121562327928814
25.000000000000000	-0.283433149151618	-1.570905601004997	0.124987221613366
25.000000000000000	-0.188121873641857	-1.589271401617880	0.127939452338644
25.000000000000000	-0.091838773115466	-1.601570443222712	0.130407132513491
25.000000000000000	0.005028454364256	-1.607753201919818	0.132380325660793
25.000000000000000	0.102089758660933	-1.607794781922092	0.133851086428173
25.000000000000000	0.198954308159343	-1.601695015801541	0.134813492581117
25.000000000000000	0.295232063506397	-1.589478465163456	0.135263668849723
25.000000000000000	0.390535348161944	-1.571194321745503	0.135199802533042
25.000000000000000	0.484480409435379	-1.546916209339951	0.134622150798191
25.000000000000000	0.576688963722277	-1.516741887336648	0.133533039644829
25.000000000000000	0.666789719718958	-1.480792857080464	0.131936854539174
25.000000000000000	0.754419873481526	-1.439213872628253	0.129840022755284
25.000000000000000	0.839226569309294	-1.392172357875360	0.127250987494688
25.000000000000000	0.920868320570159	-1.339857732398688	0.124180173888597
25.000000000000000	0.999016384746742	-1.282480648730908	0.120639947019578
25.000000000000000	1.073356087166474	-1.220272144137067	0.116644562131732
25.000000000000000	1.143588088085447	-1.153482710309060	0.112210107229856
25.000000000000000	1.209429588023908	-1.082381284723998	0.107354438298726
25.000000000000000	1.270615466499950	-1.007254167727908	0.102097107403351
25.000000000000000	1.326899349576126	-0.928403869705283	0.096459283959703
25.000000000000000	1.378054601920334	-0.846147892976541	0.090463669492955
25.000000000000000	1.423875239386310	-0.760817453328233	0.084134406226451
25.000000000000000	1.464176758439089	-0.672756146323977	0.077496979869490
25.000000000000000	1.498796879085614	-0.582318563766388	0.070578116995374
25.000000000000000	1.527596198318998	-0.489868865881046	0.063405677422928
25.000000000000000	1.550458751445228	-0.395779314971788	0.056008542034841
25.000000000000000	1.567292479032061	-0.300428776451808	0.048416496484548
25.000000000000000	1.578029597599863	-0.204201193286344	0.040660111259916
25.000000000000000	1.582626872561762	-0.107484039989881	0.032770618586677
25.000000000000000	1.581065792314065	-0.010666762403024	0.024779786667277
25.000000000000000	1.573352642775956	0.085860790468437	0.016719791761543
25.000000000000000	1.559518482078317	0.181709936237888	0.008623088624234
25.000000000000000	1.539619015503597	0.276494724224674	0.000522279821204
25.000000000000000	1.513734371180299	0.369833489541274	-0.007550015549628
25.000000000000000	1.481968777435289	0.461350389923090	-0.015561293203870
25.000000000000000	1.444450143103110	0.550676919112607	-0.023479294553937
25.000000000000000	1.401329542482250	0.637453390704020	-0.031272136603004
25.000000000000000	1.352780607012261	0.721330386473447	-0.038908440326574
25.000000000000000	1.298998826121237	0.801970163362785	-0.046357457024736
25.000000000000000	1.240200760058882	0.879048013451807	-0.053589192136333
25.000000000000000	1.176623167884818	0.952253571442354	-0.060574526016465
25.000000000000000	1.108522054123413	1.021292064389843	-0.067285331191027
25.000000000000000	1.036171637923923	1.085885498649878	-0.073694585616119
25.000000000000000	0.959863248876754	1.145773779260547	-0.079776481486276
25.000000000000000	0.879904153932027	1.200715757253024	-0.085506529153397
25.000000000000000	0.796616320144023	1.250490200673364	-0.090861655737910
25.000000000000000	0.710335118223482	1.294896685405491	-0.095820298035120
25.000000000000000	0.621407972118127	1.333756402208382	-0.100362489342616
25.000000000000000	0.530192960059040	1.366912876717767	-0.104469939859142
25.000000000000000	0.437057372706015	1.394232599513166	-0.108126110331166
25.000000000000000	0.342376234197697	1.415605563713210	-0.111316278650620
25.000000000000000	0.246530792061741	1.430945707934519	-0.114027599135632
25.000000000000000	0.149906982065575	1.440191262830522	-0.116249154255553
25.000000000000000	0.052893874189285	1.443304999814813	-0.117971998591998
25.000000000000000	-0.044117894021885	1.440274380967532	-0.119189194858892
25.000000000000000	-0.140737690417047	1.431111609521138	-0.119895841836470
25.000000000000000	-0.236576461177474	1.415853580722303	-0.120089094106760
25.000000000000000	-0.331248297399008	1.394561733267774	-0.119768173511076
25.000000000000000	-0.424371989011022	1.367321801912424	-0.118934372283390
25.000000000000000	-0.515572559774822	1.334243472245658	-0.117591047846962
25.000000000000000	-0.604482777180611	1.295459939026254	-0.115743609295179
25.000000000000000	-0.690744631163207	1.251127369854079	-0.113399495611047
25.000000000000000	-0.774010775682204	1.201424276338287	-0.110568145713031


