# n	x	y	z
1.000000000000000	0.129939060428020	-0.443019165585274	0.037463881134210
1.000000000000000	0.158782090317835	-0.433604921974297	0.036840269322006
1.000000000000000	0.186968499144551	-0.422385851935855	0.036063337895385
1.000000000000000	0.214384790188042	-0.409407130705290	0.035136215282990
1.000000000000000	0.240920567720684	-0.394721019012241	0.034062634680358
1.000000000000000	0.266468981531991	-0.378386652645123	0.032846919017663
1.000000000000000	0.290927157176698	-0.360469804332184	0.031493963552799
1.000000000000000	0.314196610213844	-0.341042618897940	0.030009216159906
1.000000000000000	0.336183642768858	-0.320183322761431	0.028398655392702
1.000000000000000	0.356799720821827	-0.297975908946039	0.026668766410961
1.000000000000000	0.375961830702746	-0.274509798869232	0.024826514867057
1.000000000000000	0.393592813358275	-0.249879482274071	0.022879318857746
1.000000000000000	0.409621675044003	-0.224184136752368	0.020835019054109
1.000000000000000	0.423983873191209	-0.197527228391527	0.018701847129931
1.000000000000000	0.436621576297003	-0.170016095153127	0.016488392615660
1.000000000000000	0.447483896791377	-0.141761514660837	0.014203568311402
1.000000000000000	0.456527095943488	-0.112877258138020	0.011856574398214
1.000000000000000	0.463714759982090	-0.083479632291175	0.009456861392228
1.000000000000000	0.469017946720943	-0.053687010983880	0.007014092090756
1.000000000000000	0.472415302098775	-0.023619358587018	0.004538102663615
1.000000000000000	0.473893146164555	0.006602253075398	0.002038863046342
1.000000000000000	0.473445528161827	0.036856132239735	-0.000473563205215
1.000000000000000	0.471074250490302	0.067020457212515	-0.002989059437286
1.000000000000000	0.466788861448237	0.096973766903383	-0.005497496634373
1.000000000000000	0.460606616784803	0.126595449906049	-0.007988774205221
1.000000000000000	0.452552410217274	0.155766230157849	-0.010452860654333
1.000000000000000	0.442658673192817	0.184368647222353	-0.012879833975262
1.000000000000000	0.430965244298495	0.212287529261089	-0.015259921603030
1.000000000000000	0.417519208845344	0.239410456789882	-0.017583539764797
1.000000000000000	0.402374709272438	0.265628215352441	-0.019841332070332
1.000000000000000	0.385592727134401	0.290835235288430	-0.022024207186895
1.000000000000000	0.367240837550207	0.314930016825227	-0.024123375446823
1.000000000000000	0.347392937102027	0.337815538781686	-0.026130384240422
1.000000000000000	0.326128946279772	0.359399649238191	-0.028037152051641
1.000000000000000	0.303534487669490	0.379595436599911	-0.029836000999487
1.000000000000000	0.279700541181433	0.398321579559118	-0.031519687754139
1.000000000000000	0.254723077706063	0.415502674547390	-0.033081432703282
1.000000000000000	0.228702672673157	0.431069539359170	-0.034514947251215
1.000000000000000	0.201744101070042	0.444959491724088	-0.035814459140803
1.000000000000000	0.173955915549705	0.457116601706345	-0.036974735696321
1.000000000000000	0.145450009327568	0.467491916914817	-0.037991104893593
1.000000000000000	0.116341165627006	0.476043659617062	-0.038859474172583
1.000000000000000	0.086746595487816	0.482737394963503	-0.039576346916689
1.000000000000000	0.056785465798730	0.487546169644412	-0.040138836532387
1.000000000000000	0.026578419454412	0.490450620421376	-0.040544678072521
1.000000000000000	-0.003752910430899	0.491439052096224	-0.040792237356449
1.000000000000000	-0.034086390297008	0.490507484603462	-0.040880517550309
1.000000000000000	-0.064299877926508	0.487659669036592	-0.040809163180918
1.000000000000000	-0.094271714268376	0.482907072543785	-0.040578461567137
1.000000000000000	-0.123881213316036	0.476268832153716	-0.040189341662941
1.000000000000000	-0.153009148067313	0.467771677717511	-0.039643370316846
1.000000000000000	-0.181538230609485	0.457449824277067	-0.038942745962766
1.000000000000000	-0.209353584396317	0.445344834293154	-0.038090289767694
1.000000000000000	-0.236343206815365	0.431505450288058	-0.037089434271858
1.000000000000000	-0.262398420182967	0.415987398576642	-0.035944209567094
1.000000000000000	-0.287414309350917	0.398853164876149	-0.034659227069088
1.000000000000000	-0.311290144162738	0.380171742698269	-0.033239660948833
1.000000000000000	-0.333929785058469	0.360018355536621	-0.031691227298069
1.000000000000000	-0.355242070194744	0.338474153968293	-0.030020161112597
1.000000000000000	-0.375141182521356	0.315625888889109	-0.028233191186154
1.000000000000000	-0.393546995336236	0.291565562198389	-0.026337513015933
1.000000000000000	-0.410385394927393	0.266390056339775	-0.024340759828858
1.000000000000000	-0.425588579002683	0.240200744189822	-0.022250971845273
1.000000000000000	-0.439095329705703	0.213103080865203	-0.020076563903808
1.000000000000000	-0.450851260118496	0.185206179092175	-0.017826291577801
1.000000000000000	-0.460809033258472	0.156622369848139	-0.015509215919689
1.000000000000000	-0.468928552687730	0.127466750044446	-0.013134666975350
1.000000000000000	-0.475177123967263	0.097856719071748	-0.010712206215300
1.000000000000000	-0.479529586305921	0.067911506074099	-0.008251588034028
1.000000000000000	-0.481968413874043	0.037751689855263	-0.005762720472489
1.000000000000000	-0.482483786373779	0.007498713350433	-0.003255625321925
1.000000000000000	-0.481073628581971	-0.022725605381604	-0.000740397769642
1.000000000000000	-0.477743618706340	-0.052799563676799	0.001772834250741
1.000000000000000	-0.472507165521350	-0.082602064319515	0.004273950840906
1.000000000000000	-0.465385354375802	-0.112013103158269	0.006752880887100
1.000000000000000	-0.456406862289580	-0.140914252320102	0.009199642612947
1.000000000000000	-0.445607842481414	-0.169189137077818	0.011604383772549
1.000000000000000	-0.433031778792624	-0.196723904449943	0.013957421321994
1.000000000000000	-0.418729310593041	-0.223407681646494	0.016249280409559
1.000000000000000	-0.402758028874138	-0.249133022514573	0.018470732527597
1.000000000000000	-0.385182244350433	-0.273796340186103	0.020612832672477
1.000000000000000	-0.366072728502939	-0.297298324185586	0.022666955362954
1.000000000000000	-0.345506428607389	-0.319544340318334	0.024624829371946
1.000000000000000	-0.323566157894715	-0.340444811728973	0.026478571031837
1.000000000000000	-0.300340262091396	-0.359915579595824	0.028220715979229
1.000000000000000	-0.275922263682396	-0.377878242008774	0.029844249211298
1.000000000000000	-0.250410485329128	-0.394260469666094	0.031342633332735
1.000000000000000	-0.223907653958797	-0.408996297119015	0.032709834879528
1.000000000000000	-0.196520487119323	-0.422026388391302	0.033940348613593
1.000000000000000	-0.168359263265437	-0.433298275904290	0.035029219690426
1.000000000000000	-0.139537377706272	-0.442766571745308	0.035972063610510
1.000000000000000	-0.110170886002469	-0.450393150428779	0.036765083874149
1.000000000000000	-0.080378036651398	-0.456147302414100	0.037405087268635
1.000000000000000	-0.050278794942197	-0.460005857762116	0.037889496726182
1.000000000000000	-0.019994359897889	-0.461953279432295	0.038216361700875
1.000000000000000	0.010353323750307	-0.461981725844901	0.038384366022824
1.000000000000000	0.040642056591364	-0.460091082456271	0.038392833197922
1.000000000000000	0.070749876588351	-0.456288962220039	0.038241729131843
1.000000000000000	0.100555550176507	-0.450590674932463	0.037931662267330
1.000000000000000	0.129939060428020	-0.443019165585274	0.037463881134210


2.000000000000000	0.894240486929878	-0.152719484951097	-0.046887674752772
2.000000000000000	0.902564246346080	-0.093886348376037	-0.043148716466373
2.000000000000000	0.907133485762102	-0.034654634603025	-0.039229710439430
2.000000000000000	0.907929806463500	0.024737151162040	-0.035146437126023
2.000000000000000	0.904950001947866	0.084049859159843	-0.030915338426621
2.000000000000000	0.898206070836282	0.143044658049327	-0.026553451482346
2.000000000000000	0.887725168559105	0.201483996597210	-0.022078340072421
2.000000000000000	0.873549498010637	0.259132560212962	-0.017508023891032
2.000000000000000	0.855736139612961	0.315758218477601	-0.012860905988377
2.000000000000000	0.834356821473230	0.371132959850971	-0.008155698668077
2.000000000000000	0.809497630559897	0.425033809793730	-0.003411348139340
2.000000000000000	0.781258666060873	0.477243728607128	0.001353041772746
2.000000000000000	0.749753636319429	0.527552485375270	0.006118286551566
2.000000000000000	0.715109400970831	0.575757504490811	0.010865198238259
2.000000000000000	0.677465460123358	0.621664681355435	0.015574662694856
2.000000000000000	0.636973392640611	0.665089163970559	0.020227716570166
2.000000000000000	0.593796245786919	0.705856097271094	0.024805623658500
2.000000000000000	0.548107878693557	0.743801327205073	0.029289950343756
2.000000000000000	0.500092262289386	0.778772061724085	0.033662639825089
2.000000000000000	0.449942738514852	0.810627486022924	0.037906084825271
2.000000000000000	0.397861241802234	0.839239329551112	0.042003198488982
2.000000000000000	0.344057485956953	0.864492382513134	0.045937483185551
2.000000000000000	0.288748119714099	0.886284959777618	0.049693096939085
2.000000000000000	0.232155854370435	0.904529310327476	0.053254917218520
2.000000000000000	0.174508567004612	0.919151970602272	0.056608601830712
2.000000000000000	0.116038382896603	0.930094060310057	0.059740646671390
2.000000000000000	0.056980740841122	0.937311519517520	0.062638440101417
2.000000000000000	-0.002426554881300	0.940775286063790	0.065290313729408
2.000000000000000	-0.061944292058223	0.940471412583500	0.067685589396225
2.000000000000000	-0.121332813768450	0.936401122667904	0.069814622172156
2.000000000000000	-0.180352983395863	0.928580805937910	0.071668839193640
2.000000000000000	-0.238767147548174	0.917041952048857	0.073240774183167
2.000000000000000	-0.296340093003255	0.901831023892789	0.074524097513339
2.000000000000000	-0.352839993829773	0.883009270508790	0.075513641694045
2.000000000000000	-0.408039344868387	0.860652480454715	0.076205422180124
2.000000000000000	-0.461715877814730	0.834850676633422	0.076596653415718
2.000000000000000	-0.513653456215426	0.805707753802315	0.076685760050723
2.000000000000000	-0.563642945773301	0.773341060225820	0.076472383284170
2.000000000000000	-0.611483056457383	0.737880925155348	0.075957382308989
2.000000000000000	-0.656981153026816	0.699470134039394	0.075142830852339
2.000000000000000	-0.699954030704985	0.658263353576932	0.074032008825446
2.000000000000000	-0.740228652880490	0.614426508929208	0.072629389116554
2.000000000000000	-0.777642847864506	0.568136115597678	0.070940619580185
2.000000000000000	-0.812045961898941	0.519578568658381	0.068972500295222
2.000000000000000	-0.843299465785941	0.468949392214760	0.066732956183389
2.000000000000000	-0.871277512696084	0.416452452091098	0.064231005098392
2.000000000000000	-0.895867444909140	0.362299134936808	0.061476721514202
2.000000000000000	-0.916970247446950	0.306707497046992	0.058481195958706
2.000000000000000	-0.934500946771797	0.249901386326712	0.055256490356062
2.000000000000000	-0.948388952944850	0.192109540934476	0.051815589457594
2.000000000000000	-0.958578343866937	0.133564668234405	0.048172348556775
2.000000000000000	-0.965028090457096	0.074502507765815	0.044341437698853
2.000000000000000	-0.967712221862207	0.015160882003292	0.040338282609757
2.000000000000000	-0.966619930032448	-0.044221261270476	0.036179002582142
2.000000000000000	-0.961755613241500	-0.103404811123083	0.031880345568688
2.000000000000000	-0.953138858376250	-0.162151456287737	0.027459620744003
2.000000000000000	-0.940804362067311	-0.220224644758623	0.022934628806690
2.000000000000000	-0.924801790977935	-0.277390536302338	0.018323590302211
2.000000000000000	-0.905195581813891	-0.333418944049981	0.013645072255188
2.000000000000000	-0.882064681859594	-0.388084261378430	0.008917913406541
2.000000000000000	-0.855502231085252	-0.441166370348587	0.004161148356533
2.000000000000000	-0.825615187105082	-0.492451528042627	-0.000606069080850
2.000000000000000	-0.792523894496747	-0.541733227231294	-0.005364543003547
2.000000000000000	-0.756361600216214	-0.588813027905624	-0.010095112716546
2.000000000000000	-0.717273917059295	-0.633501356324824	-0.014778729885237
2.000000000000000	-0.675418237330309	-0.675618268362816	-0.019396535236336
2.000000000000000	-0.630963099078823	-0.714994174079725	-0.023929934497519
2.000000000000000	-0.584087507456411	-0.751470520600710	-0.028360673269997
2.000000000000000	-0.534980213926090	-0.784900430552430	-0.032670910532534
2.000000000000000	-0.483838956226792	-0.815149293486387	-0.036843290480946
2.000000000000000	-0.430869662153283	-0.842095307907696	-0.040861012413795
2.000000000000000	-0.376285620357618	-0.865629971726707	-0.044707898382889
2.000000000000000	-0.320306621511008	-0.885658519158637	-0.048368458336164
2.000000000000000	-0.263158073284370	-0.902100302311926	-0.051827952490660
2.000000000000000	-0.205070092711188	-0.914889115928842	-0.055072450684423
2.000000000000000	-0.146276579587442	-0.923973463970682	-0.058088888468354
2.000000000000000	-0.087014274639675	-0.929316766974144	-0.060865119712128
2.000000000000000	-0.027521806253651	-0.930897509343921	-0.063389965512382
2.000000000000000	0.031961270397937	-0.928709325988400	-0.065653259206205
2.000000000000000	0.091195437959591	-0.922761027949651	-0.067645887308708
2.000000000000000	0.149942181344873	-0.913076566924459	-0.069359826209808
2.000000000000000	0.207964948152468	-0.899694938819304	-0.070788174482475
2.000000000000000	0.265030101179214	-0.882670026727602	-0.071925180672340
2.000000000000000	0.320907859194662	-0.862070383961511	-0.072766266456778
2.000000000000000	0.375373222188993	-0.837978958011933	-0.073308045080189
2.000000000000000	0.428206877368637	-0.810492756548248	-0.073548334991274
2.000000000000000	0.479196082251496	-0.779722456802669	-0.073486168627371
2.000000000000000	0.528135521305829	-0.745791959912084	-0.073121796310486
2.000000000000000	0.574828132683433	-0.708837892011914	-0.072456685239335
2.000000000000000	0.619085901718159	-0.669009054090885	-0.071493513581456
2.000000000000000	0.660730617994605	-0.626465822821966	-0.070236159689169
2.000000000000000	0.699594592938571	-0.581379504782108	-0.068689686482824
2.000000000000000	0.735521335039754	-0.533931646661123	-0.066860321064204
2.000000000000000	0.768366179987834	-0.484313304237236	-0.064755429642187
2.000000000000000	0.797996873184587	-0.432724273062906	-0.062383487871622
2.000000000000000	0.824294102286479	-0.379372283958643	-0.059754046724855
2.000000000000000	0.847151977633360	-0.324472166554318	-0.056877694033340
2.000000000000000	0.866478458628751	-0.268244984246066	-0.053766011854176
2.000000000000000	0.882195724354847	-0.210917144052006	-0.050431529833249
2.000000000000000	0.894240486929878	-0.152719484951098	-0.046887674752772


3.000000000000000	nan	nan	nan
3.000000000000000	nan	nan	nan
3.000000000000000	nan	nan	nan
3.000000000000000	nan	nan	nan
3.000000000000000	nan	nan	nan
3.000000000000000	nan	nan	nan
3.000000000000000	nan	nan	nan
3.000000000000000	nan	nan	nan
3.000000000000000	nan	nan	nan
3.000000000000000	nan	nan	nan
3.000000000000000	nan	nan	nan
3.000000000000000	nan	nan	nan
3.000000000000000	nan	nan	nan
3.000000000000000	nan	nan	nan
3.000000000000000	nan	nan	nan
3.000000000000000	nan	nan	nan
3.000000000000000	nan	nan	nan
3.000000000000000	nan	nan	nan
3.000000000000000	nan	nan	nan
3.000000000000000	nan	nan	nan
3.000000000000000	nan	nan	nan
3.000000000000000	nan	nan	nan
3.000000000000000	nan	nan	nan
3.000000000000000	nan	nan	nan
3.000000000000000	nan	nan	nan
3.000000000000000	nan	nan	nan
3.000000000000000	nan	nan	nan
3.000000000000000	nan	nan	nan
3.000000000000000	nan	nan	nan
3.000000000000000	nan	nan	nan
3.000000000000000	nan	nan	nan
3.000000000000000	nan	nan	nan
3.000000000000000	nan	nan	nan
3.000000000000000	nan	nan	nan
3.000000000000000	nan	nan	nan
3.000000000000000	nan	nan	nan
3.000000000000000	nan	nan	nan
3.000000000000000	nan	nan	nan
3.000000000000000	nan	nan	nan
3.000000000000000	nan	nan	nan
3.000000000000000	nan	nan	nan
3.000000000000000	nan	nan	nan
3.000000000000000	nan	nan	nan
3.000000000000000	nan	nan	nan
3.000000000000000	nan	nan	nan
3.000000000000000	nan	nan	nan
3.000000000000000	nan	nan	nan
3.000000000000000	nan	nan	nan
3.000000000000000	nan	nan	nan
3.000000000000000	nan	nan	nan
3.000000000000000	nan	nan	nan
3.000000000000000	nan	nan	nan
3.000000000000000	nan	nan	nan
3.000000000000000	nan	nan	nan
3.000000000000000	nan	nan	nan
3.000000000000000	nan	nan	nan
3.000000000000000	nan	nan	nan
3.000000000000000	nan	nan	nan
3.000000000000000	nan	nan	nan
3.000000000000000	nan	nan	nan
3.000000000000000	nan	nan	nan
3.000000000000000	nan	nan	nan
3.000000000000000	nan	nan	nan
3.000000000000000	nan	nan	nan
3.000000000000000	nan	nan	nan
3.000000000000000	nan	nan	nan
3.000000000000000	nan	nan	nan
3.000000000000000	nan	nan	nan
3.000000000000000	nan	nan	nan
3.000000000000000	nan	nan	nan
3.000000000000000	nan	nan	nan
3.000000000000000	nan	nan	nan
3.000000000000000	nan	nan	nan
3.000000000000000	nan	nan	nan
3.000000000000000	nan	nan	nan
3.000000000000000	nan	nan	nan
3.000000000000000	nan	nan	nan
3.000000000000000	nan	nan	nan
3.000000000000000	nan	nan	nan
3.000000000000000	nan	nan	nan
3.000000000000000	nan	nan	nan
3.000000000000000	nan	nan	nan
3.000000000000000	nan	nan	nan
3.000000000000000	nan	nan	nan
3.000000000000000	nan	nan	nan
3.000000000000000	nan	nan	nan
3.000000000000000	nan	nan	nan
3.000000000000000	nan	nan	nan
3.000000000000000	nan	nan	nan
3.000000000000000	nan	nan	nan
3.000000000000000	nan	nan	nan
3.000000000000000	nan	nan	nan
3.000000000000000	nan	nan	nan
3.000000000000000	nan	nan	nan
3.000000000000000	nan	nan	nan
3.000000000000000	nan	nan	nan
3.000000000000000	nan	nan	nan
3.000000000000000	nan	nan	nan
3.000000000000000	nan	nan	nan
3.000000000000000	nan	nan	nan


4.000000000000000	nan	nan	nan
4.000000000000000	nan	nan	nan
4.000000000000000	nan	nan	nan
4.000000000000000	nan	nan	nan
4.000000000000000	nan	nan	nan
4.000000000000000	nan	nan	nan
4.000000000000000	nan	nan	nan
4.000000000000000	nan	nan	nan
4.000000000000000	nan	nan	nan
4.000000000000000	nan	nan	nan
4.000000000000000	nan	nan	nan
4.000000000000000	nan	nan	nan
4.000000000000000	nan	nan	nan
4.000000000000000	nan	nan	nan
4.000000000000000	nan	nan	nan
4.000000000000000	nan	nan	nan
4.000000000000000	nan	nan	nan
4.000000000000000	nan	nan	nan
4.000000000000000	nan	nan	nan
4.000000000000000	nan	nan	nan
4.000000000000000	nan	nan	nan
4.000000000000000	nan	nan	nan
4.000000000000000	nan	nan	nan
4.000000000000000	nan	nan	nan
4.000000000000000	nan	nan	nan
4.000000000000000	nan	nan	nan
4.000000000000000	nan	nan	nan
4.000000000000000	nan	nan	nan
4.000000000000000	nan	nan	nan
4.000000000000000	nan	nan	nan
4.000000000000000	nan	nan	nan
4.000000000000000	nan	nan	nan
4.000000000000000	nan	nan	nan
4.000000000000000	nan	nan	nan
4.000000000000000	nan	nan	nan
4.000000000000000	nan	nan	nan
4.000000000000000	nan	nan	nan
4.000000000000000	nan	nan	nan
4.000000000000000	nan	nan	nan
4.000000000000000	nan	nan	nan
4.000000000000000	nan	nan	nan
4.000000000000000	nan	nan	nan
4.000000000000000	nan	nan	nan
4.000000000000000	nan	nan	nan
4.000000000000000	nan	nan	nan
4.000000000000000	nan	nan	nan
4.000000000000000	nan	nan	nan
4.000000000000000	nan	nan	nan
4.000000000000000	nan	nan	nan
4.000000000000000	nan	nan	nan
4.000000000000000	nan	nan	nan
4.000000000000000	nan	nan	nan
4.000000000000000	nan	nan	nan
4.000000000000000	nan	nan	nan
4.000000000000000	nan	nan	nan
4.000000000000000	nan	nan	nan
4.000000000000000	nan	nan	nan
4.000000000000000	nan	nan	nan
4.000000000000000	nan	nan	nan
4.000000000000000	nan	nan	nan
4.000000000000000	nan	nan	nan
4.000000000000000	nan	nan	nan
4.000000000000000	nan	nan	nan
4.000000000000000	nan	nan	nan
4.000000000000000	nan	nan	nan
4.000000000000000	nan	nan	nan
4.000000000000000	nan	nan	nan
4.000000000000000	nan	nan	nan
4.000000000000000	nan	nan	nan
4.000000000000000	nan	nan	nan
4.000000000000000	nan	nan	nan
4.000000000000000	nan	nan	nan
4.000000000000000	nan	nan	nan
4.000000000000000	nan	nan	nan
4.000000000000000	nan	nan	nan
4.000000000000000	nan	nan	nan
4.000000000000000	nan	nan	nan
4.000000000000000	nan	nan	nan
4.000000000000000	nan	nan	nan
4.000000000000000	nan	nan	nan
4.000000000000000	nan	nan	nan
4.000000000000000	nan	nan	nan
4.000000000000000	nan	nan	nan
4.000000000000000	nan	nan	nan
4.000000000000000	nan	nan	nan
4.000000000000000	nan	nan	nan
4.000000000000000	nan	nan	nan
4.000000000000000	nan	nan	nan
4.000000000000000	nan	nan	nan
4.000000000000000	nan	nan	nan
4.000000000000000	nan	nan	nan
4.000000000000000	nan	nan	nan
4.000000000000000	nan	nan	nan
4.000000000000000	nan	nan	nan
4.000000000000000	nan	nan	nan
4.000000000000000	nan	nan	nan
4.000000000000000	nan	nan	nan
4.000000000000000	nan	nan	nan
4.000000000000000	nan	nan	nan
4.000000000000000	nan	nan	nan


5.000000000000000	nan	nan	nan
5.000000000000000	nan	nan	nan
5.000000000000000	nan	nan	nan
5.000000000000000	nan	nan	nan
5.000000000000000	nan	nan	nan
5.000000000000000	nan	nan	nan
5.000000000000000	nan	nan	nan
5.000000000000000	nan	nan	nan
5.000000000000000	nan	nan	nan
5.000000000000000	nan	nan	nan
5.000000000000000	nan	nan	nan
5.000000000000000	nan	nan	nan
5.000000000000000	nan	nan	nan
5.000000000000000	nan	nan	nan
5.000000000000000	nan	nan	nan
5.000000000000000	nan	nan	nan
5.000000000000000	nan	nan	nan
5.000000000000000	nan	nan	nan
5.000000000000000	nan	nan	nan
5.000000000000000	nan	nan	nan
5.000000000000000	nan	nan	nan
5.000000000000000	nan	nan	nan
5.000000000000000	nan	nan	nan
5.000000000000000	nan	nan	nan
5.000000000000000	nan	nan	nan
5.000000000000000	nan	nan	nan
5.000000000000000	nan	nan	nan
5.000000000000000	nan	nan	nan
5.000000000000000	nan	nan	nan
5.000000000000000	nan	nan	nan
5.000000000000000	nan	nan	nan
5.000000000000000	nan	nan	nan
5.000000000000000	nan	nan	nan
5.000000000000000	nan	nan	nan
5.000000000000000	nan	nan	nan
5.000000000000000	nan	nan	nan
5.000000000000000	nan	nan	nan
5.000000000000000	nan	nan	nan
5.000000000000000	nan	nan	nan
5.000000000000000	nan	nan	nan
5.000000000000000	nan	nan	nan
5.000000000000000	nan	nan	nan
5.000000000000000	nan	nan	nan
5.000000000000000	nan	nan	nan
5.000000000000000	nan	nan	nan
5.000000000000000	nan	nan	nan
5.000000000000000	nan	nan	nan
5.000000000000000	nan	nan	nan
5.000000000000000	nan	nan	nan
5.000000000000000	nan	nan	nan
5.000000000000000	nan	nan	nan
5.000000000000000	nan	nan	nan
5.000000000000000	nan	nan	nan
5.000000000000000	nan	nan	nan
5.000000000000000	nan	nan	nan
5.000000000000000	nan	nan	nan
5.000000000000000	nan	nan	nan
5.000000000000000	nan	nan	nan
5.000000000000000	nan	nan	nan
5.000000000000000	nan	nan	nan
5.000000000000000	nan	nan	nan
5.000000000000000	nan	nan	nan
5.000000000000000	nan	nan	nan
5.000000000000000	nan	nan	nan
5.000000000000000	nan	nan	nan
5.000000000000000	nan	nan	nan
5.000000000000000	nan	nan	nan
5.000000000000000	nan	nan	nan
5.000000000000000	nan	nan	nan
5.000000000000000	nan	nan	nan
5.000000000000000	nan	nan	nan
5.000000000000000	nan	nan	nan
5.000000000000000	nan	nan	nan
5.000000000000000	nan	nan	nan
5.000000000000000	nan	nan	nan
5.000000000000000	nan	nan	nan
5.000000000000000	nan	nan	nan
5.000000000000000	nan	nan	nan
5.000000000000000	nan	nan	nan
5.000000000000000	nan	nan	nan
5.000000000000000	nan	nan	nan
5.000000000000000	nan	nan	nan
5.000000000000000	nan	nan	nan
5.000000000000000	nan	nan	nan
5.000000000000000	nan	nan	nan
5.000000000000000	nan	nan	nan
5.000000000000000	nan	nan	nan
5.000000000000000	nan	nan	nan
5.000000000000000	nan	nan	nan
5.000000000000000	nan	nan	nan
5.000000000000000	nan	nan	nan
5.000000000000000	nan	nan	nan
5.000000000000000	nan	nan	nan
5.000000000000000	nan	nan	nan
5.000000000000000	nan	nan	nan
5.000000000000000	nan	nan	nan
5.000000000000000	nan	nan	nan
5.000000000000000	nan	nan	nan
5.000000000000000	nan	nan	nan
5.000000000000000	nan	nan	nan


6.000000000000000	nan	nan	nan
6.000000000000000	nan	nan	nan
6.000000000000000	nan	nan	nan
6.000000000000000	nan	nan	nan
6.000000000000000	nan	nan	nan
6.000000000000000	nan	nan	nan
6.000000000000000	nan	nan	nan
6.000000000000000	nan	nan	nan
6.000000000000000	nan	nan	nan
6.000000000000000	nan	nan	nan
6.000000000000000	nan	nan	nan
6.000000000000000	nan	nan	nan
6.000000000000000	nan	nan	nan
6.000000000000000	nan	nan	nan
6.000000000000000	nan	nan	nan
6.000000000000000	nan	nan	nan
6.000000000000000	nan	nan	nan
6.000000000000000	nan	nan	nan
6.000000000000000	nan	nan	nan
6.000000000000000	nan	nan	nan
6.000000000000000	nan	nan	nan
6.000000000000000	nan	nan	nan
6.000000000000000	nan	nan	nan
6.000000000000000	nan	nan	nan
6.000000000000000	nan	nan	nan
6.000000000000000	nan	nan	nan
6.000000000000000	nan	nan	nan
6.000000000000000	nan	nan	nan
6.000000000000000	nan	nan	nan
6.000000000000000	nan	nan	nan
6.000000000000000	nan	nan	nan
6.000000000000000	nan	nan	nan
6.000000000000000	nan	nan	nan
6.000000000000000	nan	nan	nan
6.000000000000000	nan	nan	nan
6.000000000000000	nan	nan	nan
6.000000000000000	nan	nan	nan
6.000000000000000	nan	nan	nan
6.000000000000000	nan	nan	nan
6.000000000000000	nan	nan	nan
6.000000000000000	nan	nan	nan
6.000000000000000	nan	nan	nan
6.000000000000000	nan	nan	nan
6.000000000000000	nan	nan	nan
6.000000000000000	nan	nan	nan
6.000000000000000	nan	nan	nan
6.000000000000000	nan	nan	nan
6.000000000000000	nan	nan	nan
6.000000000000000	nan	nan	nan
6.000000000000000	nan	nan	nan
6.000000000000000	nan	nan	nan
6.000000000000000	nan	nan	nan
6.000000000000000	nan	nan	nan
6.000000000000000	nan	nan	nan
6.000000000000000	nan	nan	nan
6.000000000000000	nan	nan	nan
6.000000000000000	nan	nan	nan
6.000000000000000	nan	nan	nan
6.000000000000000	nan	nan	nan
6.000000000000000	nan	nan	nan
6.000000000000000	nan	nan	nan
6.000000000000000	nan	nan	nan
6.000000000000000	nan	nan	nan
6.000000000000000	nan	nan	nan
6.000000000000000	nan	nan	nan
6.000000000000000	nan	nan	nan
6.000000000000000	nan	nan	nan
6.000000000000000	nan	nan	nan
6.000000000000000	nan	nan	nan
6.000000000000000	nan	nan	nan
6.000000000000000	nan	nan	nan
6.000000000000000	nan	nan	nan
6.000000000000000	nan	nan	nan
6.000000000000000	nan	nan	nan
6.000000000000000	nan	nan	nan
6.000000000000000	nan	nan	nan
6.000000000000000	nan	nan	nan
6.000000000000000	nan	nan	nan
6.000000000000000	nan	nan	nan
6.000000000000000	nan	nan	nan
6.000000000000000	nan	nan	nan
6.000000000000000	nan	nan	nan
6.000000000000000	nan	nan	nan
6.000000000000000	nan	nan	nan
6.000000000000000	nan	nan	nan
6.000000000000000	nan	nan	nan
6.000000000000000	nan	nan	nan
6.000000000000000	nan	nan	nan
6.000000000000000	nan	nan	nan
6.000000000000000	nan	nan	nan
6.000000000000000	nan	nan	nan
6.000000000000000	nan	nan	nan
6.000000000000000	nan	nan	nan
6.000000000000000	nan	nan	nan
6.000000000000000	nan	nan	nan
6.000000000000000	nan	nan	nan
6.000000000000000	nan	nan	nan
6.000000000000000	nan	nan	nan
6.000000000000000	nan	nan	nan
6.000000000000000	nan	nan	nan


7.000000000000000	nan	nan	nan
7.000000000000000	nan	nan	nan
7.000000000000000	nan	nan	nan
7.000000000000000	nan	nan	nan
7.000000000000000	nan	nan	nan
7.000000000000000	nan	nan	nan
7.000000000000000	nan	nan	nan
7.000000000000000	nan	nan	nan
7.000000000000000	nan	nan	nan
7.000000000000000	nan	nan	nan
7.000000000000000	nan	nan	nan
7.000000000000000	nan	nan	nan
7.000000000000000	nan	nan	nan
7.000000000000000	nan	nan	nan
7.000000000000000	nan	nan	nan
7.000000000000000	nan	nan	nan
7.000000000000000	nan	nan	nan
7.000000000000000	nan	nan	nan
7.000000000000000	nan	nan	nan
7.000000000000000	nan	nan	nan
7.000000000000000	nan	nan	nan
7.000000000000000	nan	nan	nan
7.000000000000000	nan	nan	nan
7.000000000000000	nan	nan	nan
7.000000000000000	nan	nan	nan
7.000000000000000	nan	nan	nan
7.000000000000000	nan	nan	nan
7.000000000000000	nan	nan	nan
7.000000000000000	nan	nan	nan
7.000000000000000	nan	nan	nan
7.000000000000000	nan	nan	nan
7.000000000000000	nan	nan	nan
7.000000000000000	nan	nan	nan
7.000000000000000	nan	nan	nan
7.000000000000000	nan	nan	nan
7.000000000000000	nan	nan	nan
7.000000000000000	nan	nan	nan
7.000000000000000	nan	nan	nan
7.000000000000000	nan	nan	nan
7.000000000000000	nan	nan	nan
7.000000000000000	nan	nan	nan
7.000000000000000	nan	nan	nan
7.000000000000000	nan	nan	nan
7.000000000000000	nan	nan	nan
7.000000000000000	nan	nan	nan
7.000000000000000	nan	nan	nan
7.000000000000000	nan	nan	nan
7.000000000000000	nan	nan	nan
7.000000000000000	nan	nan	nan
7.000000000000000	nan	nan	nan
7.000000000000000	nan	nan	nan
7.000000000000000	nan	nan	nan
7.000000000000000	nan	nan	nan
7.000000000000000	nan	nan	nan
7.000000000000000	nan	nan	nan
7.000000000000000	nan	nan	nan
7.000000000000000	nan	nan	nan
7.000000000000000	nan	nan	nan
7.000000000000000	nan	nan	nan
7.000000000000000	nan	nan	nan
7.000000000000000	nan	nan	nan
7.000000000000000	nan	nan	nan
7.000000000000000	nan	nan	nan
7.000000000000000	nan	nan	nan
7.000000000000000	nan	nan	nan
7.000000000000000	nan	nan	nan
7.000000000000000	nan	nan	nan
7.000000000000000	nan	nan	nan
7.000000000000000	nan	nan	nan
7.000000000000000	nan	nan	nan
7.000000000000000	nan	nan	nan
7.000000000000000	nan	nan	nan
7.000000000000000	nan	nan	nan
7.000000000000000	nan	nan	nan
7.000000000000000	nan	nan	nan
7.000000000000000	nan	nan	nan
7.000000000000000	nan	nan	nan
7.000000000000000	nan	nan	nan
7.000000000000000	nan	nan	nan
7.000000000000000	nan	nan	nan
7.000000000000000	nan	nan	nan
7.000000000000000	nan	nan	nan
7.000000000000000	nan	nan	nan
7.000000000000000	nan	nan	nan
7.000000000000000	nan	nan	nan
7.000000000000000	nan	nan	nan
7.000000000000000	nan	nan	nan
7.000000000000000	nan	nan	nan
7.000000000000000	nan	nan	nan
7.000000000000000	nan	nan	nan
7.000000000000000	nan	nan	nan
7.000000000000000	nan	nan	nan
7.000000000000000	nan	nan	nan
7.000000000000000	nan	nan	nan
7.000000000000000	nan	nan	nan
7.000000000000000	nan	nan	nan
7.000000000000000	nan	nan	nan
7.000000000000000	nan	nan	nan
7.000000000000000	nan	nan	nan
7.000000000000000	nan	nan	nan


8.000000000000000	nan	nan	nan
8.000000000000000	nan	nan	nan
8.000000000000000	nan	nan	nan
8.000000000000000	nan	nan	nan
8.000000000000000	nan	nan	nan
8.000000000000000	nan	nan	nan
8.000000000000000	nan	nan	nan
8.000000000000000	nan	nan	nan
8.000000000000000	nan	nan	nan
8.000000000000000	nan	nan	nan
8.000000000000000	nan	nan	nan
8.000000000000000	nan	nan	nan
8.000000000000000	nan	nan	nan
8.000000000000000	nan	nan	nan
8.000000000000000	nan	nan	nan
8.000000000000000	nan	nan	nan
8.000000000000000	nan	nan	nan
8.000000000000000	nan	nan	nan
8.000000000000000	nan	nan	nan
8.000000000000000	nan	nan	nan
8.000000000000000	nan	nan	nan
8.000000000000000	nan	nan	nan
8.000000000000000	nan	nan	nan
8.000000000000000	nan	nan	nan
8.000000000000000	nan	nan	nan
8.000000000000000	nan	nan	nan
8.000000000000000	nan	nan	nan
8.000000000000000	nan	nan	nan
8.000000000000000	nan	nan	nan
8.000000000000000	nan	nan	nan
8.000000000000000	nan	nan	nan
8.000000000000000	nan	nan	nan
8.000000000000000	nan	nan	nan
8.000000000000000	nan	nan	nan
8.000000000000000	nan	nan	nan
8.000000000000000	nan	nan	nan
8.000000000000000	nan	nan	nan
8.000000000000000	nan	nan	nan
8.000000000000000	nan	nan	nan
8.000000000000000	nan	nan	nan
8.000000000000000	nan	nan	nan
8.000000000000000	nan	nan	nan
8.000000000000000	nan	nan	nan
8.000000000000000	nan	nan	nan
8.000000000000000	nan	nan	nan
8.000000000000000	nan	nan	nan
8.000000000000000	nan	nan	nan
8.000000000000000	nan	nan	nan
8.000000000000000	nan	nan	nan
8.000000000000000	nan	nan	nan
8.000000000000000	nan	nan	nan
8.000000000000000	nan	nan	nan
8.000000000000000	nan	nan	nan
8.000000000000000	nan	nan	nan
8.000000000000000	nan	nan	nan
8.000000000000000	nan	nan	nan
8.000000000000000	nan	nan	nan
8.000000000000000	nan	nan	nan
8.000000000000000	nan	nan	nan
8.000000000000000	nan	nan	nan
8.000000000000000	nan	nan	nan
8.000000000000000	nan	nan	nan
8.000000000000000	nan	nan	nan
8.000000000000000	nan	nan	nan
8.000000000000000	nan	nan	nan
8.000000000000000	nan	nan	nan
8.000000000000000	nan	nan	nan
8.000000000000000	nan	nan	nan
8.000000000000000	nan	nan	nan
8.000000000000000	nan	nan	nan
8.000000000000000	nan	nan	nan
8.000000000000000	nan	nan	nan
8.000000000000000	nan	nan	nan
8.000000000000000	nan	nan	nan
8.000000000000000	nan	nan	nan
8.000000000000000	nan	nan	nan
8.000000000000000	nan	nan	nan
8.000000000000000	nan	nan	nan
8.000000000000000	nan	nan	nan
8.000000000000000	nan	nan	nan
8.000000000000000	nan	nan	nan
8.000000000000000	nan	nan	nan
8.000000000000000	nan	nan	nan
8.000000000000000	nan	nan	nan
8.000000000000000	nan	nan	nan
8.000000000000000	nan	nan	nan
8.000000000000000	nan	nan	nan
8.000000000000000	nan	nan	nan
8.000000000000000	nan	nan	nan
8.000000000000000	nan	nan	nan
8.000000000000000	nan	nan	nan
8.000000000000000	nan	nan	nan
8.000000000000000	nan	nan	nan
8.000000000000000	nan	nan	nan
8.000000000000000	nan	nan	nan
8.000000000000000	nan	nan	nan
8.000000000000000	nan	nan	nan
8.000000000000000	nan	nan	nan
8.000000000000000	nan	nan	nan
8.000000000000000	nan	nan	nan


9.000000000000000	nan	nan	nan
9.000000000000000	nan	nan	nan
9.000000000000000	nan	nan	nan
9.000000000000000	nan	nan	nan
9.000000000000000	nan	nan	nan
9.000000000000000	nan	nan	nan
9.000000000000000	nan	nan	nan
9.000000000000000	nan	nan	nan
9.000000000000000	nan	nan	nan
9.000000000000000	nan	nan	nan
9.000000000000000	nan	nan	nan
9.000000000000000	nan	nan	nan
9.000000000000000	nan	nan	nan
9.000000000000000	nan	nan	nan
9.000000000000000	nan	nan	nan
9.000000000000000	nan	nan	nan
9.000000000000000	nan	nan	nan
9.000000000000000	nan	nan	nan
9.000000000000000	nan	nan	nan
9.000000000000000	nan	nan	nan
9.000000000000000	nan	nan	nan
9.000000000000000	nan	nan	nan
9.000000000000000	nan	nan	nan
9.000000000000000	nan	nan	nan
9.000000000000000	nan	nan	nan
9.000000000000000	nan	nan	nan
9.000000000000000	nan	nan	nan
9.000000000000000	nan	nan	nan
9.000000000000000	nan	nan	nan
9.000000000000000	nan	nan	nan
9.000000000000000	nan	nan	nan
9.000000000000000	nan	nan	nan
9.000000000000000	nan	nan	nan
9.000000000000000	nan	nan	nan
9.000000000000000	nan	nan	nan
9.000000000000000	nan	nan	nan
9.000000000000000	nan	nan	nan
9.000000000000000	nan	nan	nan
9.000000000000000	nan	nan	nan
9.000000000000000	nan	nan	nan
9.000000000000000	nan	nan	nan
9.000000000000000	nan	nan	nan
9.000000000000000	nan	nan	nan
9.000000000000000	nan	nan	nan
9.000000000000000	nan	nan	nan
9.000000000000000	nan	nan	nan
9.000000000000000	nan	nan	nan
9.000000000000000	nan	nan	nan
9.000000000000000	nan	nan	nan
9.000000000000000	nan	nan	nan
9.000000000000000	nan	nan	nan
9.000000000000000	nan	nan	nan
9.000000000000000	nan	nan	nan
9.000000000000000	nan	nan	nan
9.000000000000000	nan	nan	nan
9.000000000000000	nan	nan	nan
9.000000000000000	nan	nan	nan
9.000000000000000	nan	nan	nan
9.000000000000000	nan	nan	nan
9.000000000000000	nan	nan	nan
9.000000000000000	nan	nan	nan
9.000000000000000	nan	nan	nan
9.000000000000000	nan	nan	nan
9.000000000000000	nan	nan	nan
9.000000000000000	nan	nan	nan
9.000000000000000	nan	nan	nan
9.000000000000000	nan	nan	nan
9.000000000000000	nan	nan	nan
9.000000000000000	nan	nan	nan
9.000000000000000	nan	nan	nan
9.000000000000000	nan	nan	nan
9.000000000000000	nan	nan	nan
9.000000000000000	nan	nan	nan
9.000000000000000	nan	nan	nan
9.000000000000000	nan	nan	nan
9.000000000000000	nan	nan	nan
9.000000000000000	nan	nan	nan
9.000000000000000	nan	nan	nan
9.000000000000000	nan	nan	nan
9.000000000000000	nan	nan	nan
9.000000000000000	nan	nan	nan
9.000000000000000	nan	nan	nan
9.000000000000000	nan	nan	nan
9.000000000000000	nan	nan	nan
9.000000000000000	nan	nan	nan
9.000000000000000	nan	nan	nan
9.000000000000000	nan	nan	nan
9.000000000000000	nan	nan	nan
9.000000000000000	nan	nan	nan
9.000000000000000	nan	nan	nan
9.000000000000000	nan	nan	nan
9.000000000000000	nan	nan	nan
9.000000000000000	nan	nan	nan
9.000000000000000	nan	nan	nan
9.000000000000000	nan	nan	nan
9.000000000000000	nan	nan	nan
9.000000000000000	nan	nan	nan
9.000000000000000	nan	nan	nan
9.000000000000000	nan	nan	nan
9.000000000000000	nan	nan	nan


10.000000000000000	nan	nan	nan
10.000000000000000	nan	nan	nan
10.000000000000000	nan	nan	nan
10.000000000000000	nan	nan	nan
10.000000000000000	nan	nan	nan
10.000000000000000	nan	nan	nan
10.000000000000000	nan	nan	nan
10.000000000000000	nan	nan	nan
10.000000000000000	nan	nan	nan
10.000000000000000	nan	nan	nan
10.000000000000000	nan	nan	nan
10.000000000000000	nan	nan	nan
10.000000000000000	nan	nan	nan
10.000000000000000	nan	nan	nan
10.000000000000000	nan	nan	nan
10.000000000000000	nan	nan	nan
10.000000000000000	nan	nan	nan
10.000000000000000	nan	nan	nan
10.000000000000000	nan	nan	nan
10.000000000000000	nan	nan	nan
10.000000000000000	nan	nan	nan
10.000000000000000	nan	nan	nan
10.000000000000000	nan	nan	nan
10.000000000000000	nan	nan	nan
10.000000000000000	nan	nan	nan
10.000000000000000	nan	nan	nan
10.000000000000000	nan	nan	nan
10.000000000000000	nan	nan	nan
10.000000000000000	nan	nan	nan
10.000000000000000	nan	nan	nan
10.000000000000000	nan	nan	nan
10.000000000000000	nan	nan	nan
10.000000000000000	nan	nan	nan
10.000000000000000	nan	nan	nan
10.000000000000000	nan	nan	nan
10.000000000000000	nan	nan	nan
10.000000000000000	nan	nan	nan
10.000000000000000	nan	nan	nan
10.000000000000000	nan	nan	nan
10.000000000000000	nan	nan	nan
10.000000000000000	nan	nan	nan
10.000000000000000	nan	nan	nan
10.000000000000000	nan	nan	nan
10.000000000000000	nan	nan	nan
10.000000000000000	nan	nan	nan
10.000000000000000	nan	nan	nan
10.000000000000000	nan	nan	nan
10.000000000000000	nan	nan	nan
10.000000000000000	nan	nan	nan
10.000000000000000	nan	nan	nan
10.000000000000000	nan	nan	nan
10.000000000000000	nan	nan	nan
10.000000000000000	nan	nan	nan
10.000000000000000	nan	nan	nan
10.000000000000000	nan	nan	nan
10.000000000000000	nan	nan	nan
10.000000000000000	nan	nan	nan
10.000000000000000	nan	nan	nan
10.000000000000000	nan	nan	nan
10.000000000000000	nan	nan	nan
10.000000000000000	nan	nan	nan
10.000000000000000	nan	nan	nan
10.000000000000000	nan	nan	nan
10.000000000000000	nan	nan	nan
10.000000000000000	nan	nan	nan
10.000000000000000	nan	nan	nan
10.000000000000000	nan	nan	nan
10.000000000000000	nan	nan	nan
10.000000000000000	nan	nan	nan
10.000000000000000	nan	nan	nan
10.000000000000000	nan	nan	nan
10.000000000000000	nan	nan	nan
10.000000000000000	nan	nan	nan
10.000000000000000	nan	nan	nan
10.000000000000000	nan	nan	nan
10.000000000000000	nan	nan	nan
10.000000000000000	nan	nan	nan
10.000000000000000	nan	nan	nan
10.000000000000000	nan	nan	nan
10.000000000000000	nan	nan	nan
10.000000000000000	nan	nan	nan
10.000000000000000	nan	nan	nan
10.000000000000000	nan	nan	nan
10.000000000000000	nan	nan	nan
10.000000000000000	nan	nan	nan
10.000000000000000	nan	nan	nan
10.000000000000000	nan	nan	nan
10.000000000000000	nan	nan	nan
10.000000000000000	nan	nan	nan
10.000000000000000	nan	nan	nan
10.000000000000000	nan	nan	nan
10.000000000000000	nan	nan	nan
10.000000000000000	nan	nan	nan
10.000000000000000	nan	nan	nan
10.000000000000000	nan	nan	nan
10.000000000000000	nan	nan	nan
10.000000000000000	nan	nan	nan
10.000000000000000	nan	nan	nan
10.000000000000000	nan	nan	nan
10.000000000000000	nan	nan	nan


11.000000000000000	nan	nan	nan
11.000000000000000	nan	nan	nan
11.000000000000000	nan	nan	nan
11.000000000000000	nan	nan	nan
11.000000000000000	nan	nan	nan
11.000000000000000	nan	nan	nan
11.000000000000000	nan	nan	nan
11.000000000000000	nan	nan	nan
11.000000000000000	nan	nan	nan
11.000000000000000	nan	nan	nan
11.000000000000000	nan	nan	nan
11.000000000000000	nan	nan	nan
11.000000000000000	nan	nan	nan
11.000000000000000	nan	nan	nan
11.000000000000000	nan	nan	nan
11.000000000000000	nan	nan	nan
11.000000000000000	nan	nan	nan
11.000000000000000	nan	nan	nan
11.000000000000000	nan	nan	nan
11.000000000000000	nan	nan	nan
11.000000000000000	nan	nan	nan
11.000000000000000	nan	nan	nan
11.000000000000000	nan	nan	nan
11.000000000000000	nan	nan	nan
11.000000000000000	nan	nan	nan
11.000000000000000	nan	nan	nan
11.000000000000000	nan	nan	nan
11.000000000000000	nan	nan	nan
11.000000000000000	nan	nan	nan
11.000000000000000	nan	nan	nan
11.000000000000000	nan	nan	nan
11.000000000000000	nan	nan	nan
11.000000000000000	nan	nan	nan
11.000000000000000	nan	nan	nan
11.000000000000000	nan	nan	nan
11.000000000000000	nan	nan	nan
11.000000000000000	nan	nan	nan
11.000000000000000	nan	nan	nan
11.000000000000000	nan	nan	nan
11.000000000000000	nan	nan	nan
11.000000000000000	nan	nan	nan
11.000000000000000	nan	nan	nan
11.000000000000000	nan	nan	nan
11.000000000000000	nan	nan	nan
11.000000000000000	nan	nan	nan
11.000000000000000	nan	nan	nan
11.000000000000000	nan	nan	nan
11.000000000000000	nan	nan	nan
11.000000000000000	nan	nan	nan
11.000000000000000	nan	nan	nan
11.000000000000000	nan	nan	nan
11.000000000000000	nan	nan	nan
11.000000000000000	nan	nan	nan
11.000000000000000	nan	nan	nan
11.000000000000000	nan	nan	nan
11.000000000000000	nan	nan	nan
11.000000000000000	nan	nan	nan
11.000000000000000	nan	nan	nan
11.000000000000000	nan	nan	nan
11.000000000000000	nan	nan	nan
11.000000000000000	nan	nan	nan
11.000000000000000	nan	nan	nan
11.000000000000000	nan	nan	nan
11.000000000000000	nan	nan	nan
11.000000000000000	nan	nan	nan
11.000000000000000	nan	nan	nan
11.000000000000000	nan	nan	nan
11.000000000000000	nan	nan	nan
11.000000000000000	nan	nan	nan
11.000000000000000	nan	nan	nan
11.000000000000000	nan	nan	nan
11.000000000000000	nan	nan	nan
11.000000000000000	nan	nan	nan
11.000000000000000	nan	nan	nan
11.000000000000000	nan	nan	nan
11.000000000000000	nan	nan	nan
11.000000000000000	nan	nan	nan
11.000000000000000	nan	nan	nan
11.000000000000000	nan	nan	nan
11.000000000000000	nan	nan	nan
11.000000000000000	nan	nan	nan
11.000000000000000	nan	nan	nan
11.000000000000000	nan	nan	nan
11.000000000000000	nan	nan	nan
11.000000000000000	nan	nan	nan
11.000000000000000	nan	nan	nan
11.000000000000000	nan	nan	nan
11.000000000000000	nan	nan	nan
11.000000000000000	nan	nan	nan
11.000000000000000	nan	nan	nan
11.000000000000000	nan	nan	nan
11.000000000000000	nan	nan	nan
11.000000000000000	nan	nan	nan
11.000000000000000	nan	nan	nan
11.000000000000000	nan	nan	nan
11.000000000000000	nan	nan	nan
11.000000000000000	nan	nan	nan
11.000000000000000	nan	nan	nan
11.000000000000000	nan	nan	nan
11.000000000000000	nan	nan	nan


12.000000000000000	nan	nan	nan
12.000000000000000	nan	nan	nan
12.000000000000000	nan	nan	nan
12.000000000000000	nan	nan	nan
12.000000000000000	nan	nan	nan
12.000000000000000	nan	nan	nan
12.000000000000000	nan	nan	nan
12.000000000000000	nan	nan	nan
12.000000000000000	nan	nan	nan
12.000000000000000	nan	nan	nan
12.000000000000000	nan	nan	nan
12.000000000000000	nan	nan	nan
12.000000000000000	nan	nan	nan
12.000000000000000	nan	nan	nan
12.000000000000000	nan	nan	nan
12.000000000000000	nan	nan	nan
12.000000000000000	nan	nan	nan
12.000000000000000	nan	nan	nan
12.000000000000000	nan	nan	nan
12.000000000000000	nan	nan	nan
12.000000000000000	nan	nan	nan
12.000000000000000	nan	nan	nan
12.000000000000000	nan	nan	nan
12.000000000000000	nan	nan	nan
12.000000000000000	nan	nan	nan
12.000000000000000	nan	nan	nan
12.000000000000000	nan	nan	nan
12.000000000000000	nan	nan	nan
12.000000000000000	nan	nan	nan
12.000000000000000	nan	nan	nan
12.000000000000000	nan	nan	nan
12.000000000000000	nan	nan	nan
12.000000000000000	nan	nan	nan
12.000000000000000	nan	nan	nan
12.000000000000000	nan	nan	nan
12.000000000000000	nan	nan	nan
12.000000000000000	nan	nan	nan
12.000000000000000	nan	nan	nan
12.000000000000000	nan	nan	nan
12.000000000000000	nan	nan	nan
12.000000000000000	nan	nan	nan
12.000000000000000	nan	nan	nan
12.000000000000000	nan	nan	nan
12.000000000000000	nan	nan	nan
12.000000000000000	nan	nan	nan
12.000000000000000	nan	nan	nan
12.000000000000000	nan	nan	nan
12.000000000000000	nan	nan	nan
12.000000000000000	nan	nan	nan
12.000000000000000	nan	nan	nan
12.000000000000000	nan	nan	nan
12.000000000000000	nan	nan	nan
12.000000000000000	nan	nan	nan
12.000000000000000	nan	nan	nan
12.000000000000000	nan	nan	nan
12.000000000000000	nan	nan	nan
12.000000000000000	nan	nan	nan
12.000000000000000	nan	nan	nan
12.000000000000000	nan	nan	nan
12.000000000000000	nan	nan	nan
12.000000000000000	nan	nan	nan
12.000000000000000	nan	nan	nan
12.000000000000000	nan	nan	nan
12.000000000000000	nan	nan	nan
12.000000000000000	nan	nan	nan
12.000000000000000	nan	nan	nan
12.000000000000000	nan	nan	nan
12.000000000000000	nan	nan	nan
12.000000000000000	nan	nan	nan
12.000000000000000	nan	nan	nan
12.000000000000000	nan	nan	nan
12.000000000000000	nan	nan	nan
12.000000000000000	nan	nan	nan
12.000000000000000	nan	nan	nan
12.000000000000000	nan	nan	nan
12.000000000000000	nan	nan	nan
12.000000000000000	nan	nan	nan
12.000000000000000	nan	nan	nan
12.000000000000000	nan	nan	nan
12.000000000000000	nan	nan	nan
12.000000000000000	nan	nan	nan
12.000000000000000	nan	nan	nan
12.000000000000000	nan	nan	nan
12.000000000000000	nan	nan	nan
12.000000000000000	nan	nan	nan
12.000000000000000	nan	nan	nan
12.000000000000000	nan	nan	nan
12.000000000000000	nan	nan	nan
12.000000000000000	nan	nan	nan
12.000000000000000	nan	nan	nan
12.000000000000000	nan	nan	nan
12.000000000000000	nan	nan	nan
12.000000000000000	nan	nan	nan
12.000000000000000	nan	nan	nan
12.000000000000000	nan	nan	nan
12.000000000000000	nan	nan	nan
12.000000000000000	nan	nan	nan
12.000000000000000	nan	nan	nan
12.000000000000000	nan	nan	nan
12.000000000000000	nan	nan	nan


13.000000000000000	nan	nan	nan
13.000000000000000	nan	nan	nan
13.000000000000000	nan	nan	nan
13.000000000000000	nan	nan	nan
13.000000000000000	nan	nan	nan
13.000000000000000	nan	nan	nan
13.000000000000000	nan	nan	nan
13.000000000000000	nan	nan	nan
13.000000000000000	nan	nan	nan
13.000000000000000	nan	nan	nan
13.000000000000000	nan	nan	nan
13.000000000000000	nan	nan	nan
13.000000000000000	nan	nan	nan
13.000000000000000	nan	nan	nan
13.000000000000000	nan	nan	nan
13.000000000000000	nan	nan	nan
13.000000000000000	nan	nan	nan
13.000000000000000	nan	nan	nan
13.000000000000000	nan	nan	nan
13.000000000000000	nan	nan	nan
13.000000000000000	nan	nan	nan
13.000000000000000	nan	nan	nan
13.000000000000000	nan	nan	nan
13.000000000000000	nan	nan	nan
13.000000000000000	nan	nan	nan
13.000000000000000	nan	nan	nan
13.000000000000000	nan	nan	nan
13.000000000000000	nan	nan	nan
13.000000000000000	nan	nan	nan
13.000000000000000	nan	nan	nan
13.000000000000000	nan	nan	nan
13.000000000000000	nan	nan	nan
13.000000000000000	nan	nan	nan
13.000000000000000	nan	nan	nan
13.000000000000000	nan	nan	nan
13.000000000000000	nan	nan	nan
13.000000000000000	nan	nan	nan
13.000000000000000	nan	nan	nan
13.000000000000000	nan	nan	nan
13.000000000000000	nan	nan	nan
13.000000000000000	nan	nan	nan
13.000000000000000	nan	nan	nan
13.000000000000000	nan	nan	nan
13.000000000000000	nan	nan	nan
13.000000000000000	nan	nan	nan
13.000000000000000	nan	nan	nan
13.000000000000000	nan	nan	nan
13.000000000000000	nan	nan	nan
13.000000000000000	nan	nan	nan
13.000000000000000	nan	nan	nan
13.000000000000000	nan	nan	nan
13.000000000000000	nan	nan	nan
13.000000000000000	nan	nan	nan
13.000000000000000	nan	nan	nan
13.000000000000000	nan	nan	nan
13.000000000000000	nan	nan	nan
13.000000000000000	nan	nan	nan
13.000000000000000	nan	nan	nan
13.000000000000000	nan	nan	nan
13.000000000000000	nan	nan	nan
13.000000000000000	nan	nan	nan
13.000000000000000	nan	nan	nan
13.000000000000000	nan	nan	nan
13.000000000000000	nan	nan	nan
13.000000000000000	nan	nan	nan
13.000000000000000	nan	nan	nan
13.000000000000000	nan	nan	nan
13.000000000000000	nan	nan	nan
13.000000000000000	nan	nan	nan
13.000000000000000	nan	nan	nan
13.000000000000000	nan	nan	nan
13.000000000000000	nan	nan	nan
13.000000000000000	nan	nan	nan
13.000000000000000	nan	nan	nan
13.000000000000000	nan	nan	nan
13.000000000000000	nan	nan	nan
13.000000000000000	nan	nan	nan
13.000000000000000	nan	nan	nan
13.000000000000000	nan	nan	nan
13.000000000000000	nan	nan	nan
13.000000000000000	nan	nan	nan
13.000000000000000	nan	nan	nan
13.000000000000000	nan	nan	nan
13.000000000000000	nan	nan	nan
13.000000000000000	nan	nan	nan
13.000000000000000	nan	nan	nan
13.000000000000000	nan	nan	nan
13.000000000000000	nan	nan	nan
13.000000000000000	nan	nan	nan
13.000000000000000	nan	nan	nan
13.000000000000000	nan	nan	nan
13.000000000000000	nan	nan	nan
13.000000000000000	nan	nan	nan
13.000000000000000	nan	nan	nan
13.000000000000000	nan	nan	nan
13.000000000000000	nan	nan	nan
13.000000000000000	nan	nan	nan
13.000000000000000	nan	nan	nan
13.000000000000000	nan	nan	nan
13.000000000000000	nan	nan	nan


14.000000000000000	nan	nan	nan
14.000000000000000	nan	nan	nan
14.000000000000000	nan	nan	nan
14.000000000000000	nan	nan	nan
14.000000000000000	nan	nan	nan
14.000000000000000	nan	nan	nan
14.000000000000000	nan	nan	nan
14.000000000000000	nan	nan	nan
14.000000000000000	nan	nan	nan
14.000000000000000	nan	nan	nan
14.000000000000000	nan	nan	nan
14.000000000000000	nan	nan	nan
14.000000000000000	nan	nan	nan
14.000000000000000	nan	nan	nan
14.000000000000000	nan	nan	nan
14.000000000000000	nan	nan	nan
14.000000000000000	nan	nan	nan
14.000000000000000	nan	nan	nan
14.000000000000000	nan	nan	nan
14.000000000000000	nan	nan	nan
14.000000000000000	nan	nan	nan
14.000000000000000	nan	nan	nan
14.000000000000000	nan	nan	nan
14.000000000000000	nan	nan	nan
14.000000000000000	nan	nan	nan
14.000000000000000	nan	nan	nan
14.000000000000000	nan	nan	nan
14.000000000000000	nan	nan	nan
14.000000000000000	nan	nan	nan
14.000000000000000	nan	nan	nan
14.000000000000000	nan	nan	nan
14.000000000000000	nan	nan	nan
14.000000000000000	nan	nan	nan
14.000000000000000	nan	nan	nan
14.000000000000000	nan	nan	nan
14.000000000000000	nan	nan	nan
14.000000000000000	nan	nan	nan
14.000000000000000	nan	nan	nan
14.000000000000000	nan	nan	nan
14.000000000000000	nan	nan	nan
14.000000000000000	nan	nan	nan
14.000000000000000	nan	nan	nan
14.000000000000000	nan	nan	nan
14.000000000000000	nan	nan	nan
14.000000000000000	nan	nan	nan
14.000000000000000	nan	nan	nan
14.000000000000000	nan	nan	nan
14.000000000000000	nan	nan	nan
14.000000000000000	nan	nan	nan
14.000000000000000	nan	nan	nan
14.000000000000000	nan	nan	nan
14.000000000000000	nan	nan	nan
14.000000000000000	nan	nan	nan
14.000000000000000	nan	nan	nan
14.000000000000000	nan	nan	nan
14.000000000000000	nan	nan	nan
14.000000000000000	nan	nan	nan
14.000000000000000	nan	nan	nan
14.000000000000000	nan	nan	nan
14.000000000000000	nan	nan	nan
14.000000000000000	nan	nan	nan
14.000000000000000	nan	nan	nan
14.000000000000000	nan	nan	nan
14.000000000000000	nan	nan	nan
14.000000000000000	nan	nan	nan
14.000000000000000	nan	nan	nan
14.000000000000000	nan	nan	nan
14.000000000000000	nan	nan	nan
14.000000000000000	nan	nan	nan
14.000000000000000	nan	nan	nan
14.000000000000000	nan	nan	nan
14.000000000000000	nan	nan	nan
14.000000000000000	nan	nan	nan
14.000000000000000	nan	nan	nan
14.000000000000000	nan	nan	nan
14.000000000000000	nan	nan	nan
14.000000000000000	nan	nan	nan
14.000000000000000	nan	nan	nan
14.000000000000000	nan	nan	nan
14.000000000000000	nan	nan	nan
14.000000000000000	nan	nan	nan
14.000000000000000	nan	nan	nan
14.000000000000000	nan	nan	nan
14.000000000000000	nan	nan	nan
14.000000000000000	nan	nan	nan
14.000000000000000	nan	nan	nan
14.000000000000000	nan	nan	nan
14.000000000000000	nan	nan	nan
14.000000000000000	nan	nan	nan
14.000000000000000	nan	nan	nan
14.000000000000000	nan	nan	nan
14.000000000000000	nan	nan	nan
14.000000000000000	nan	nan	nan
14.000000000000000	nan	nan	nan
14.000000000000000	nan	nan	nan
14.000000000000000	nan	nan	nan
14.000000000000000	nan	nan	nan
14.000000000000000	nan	nan	nan
14.000000000000000	nan	nan	nan
14.000000000000000	nan	nan	nan


15.000000000000000	nan	nan	nan
15.000000000000000	nan	nan	nan
15.000000000000000	nan	nan	nan
15.000000000000000	nan	nan	nan
15.000000000000000	nan	nan	nan
15.000000000000000	nan	nan	nan
15.000000000000000	nan	nan	nan
15.000000000000000	nan	nan	nan
15.000000000000000	nan	nan	nan
15.000000000000000	nan	nan	nan
15.000000000000000	nan	nan	nan
15.000000000000000	nan	nan	nan
15.000000000000000	nan	nan	nan
15.000000000000000	nan	nan	nan
15.000000000000000	nan	nan	nan
15.000000000000000	nan	nan	nan
15.000000000000000	nan	nan	nan
15.000000000000000	nan	nan	nan
15.000000000000000	nan	nan	nan
15.000000000000000	nan	nan	nan
15.000000000000000	nan	nan	nan
15.000000000000000	nan	nan	nan
15.000000000000000	nan	nan	nan
15.000000000000000	nan	nan	nan
15.000000000000000	nan	nan	nan
15.000000000000000	nan	nan	nan
15.000000000000000	nan	nan	nan
15.000000000000000	nan	nan	nan
15.000000000000000	nan	nan	nan
15.000000000000000	nan	nan	nan
15.000000000000000	nan	nan	nan
15.000000000000000	nan	nan	nan
15.000000000000000	nan	nan	nan
15.000000000000000	nan	nan	nan
15.000000000000000	nan	nan	nan
15.000000000000000	nan	nan	nan
15.000000000000000	nan	nan	nan
15.000000000000000	nan	nan	nan
15.000000000000000	nan	nan	nan
15.000000000000000	nan	nan	nan
15.000000000000000	nan	nan	nan
15.000000000000000	nan	nan	nan
15.000000000000000	nan	nan	nan
15.000000000000000	nan	nan	nan
15.000000000000000	nan	nan	nan
15.000000000000000	nan	nan	nan
15.000000000000000	nan	nan	nan
15.000000000000000	nan	nan	nan
15.000000000000000	nan	nan	nan
15.000000000000000	nan	nan	nan
15.000000000000000	nan	nan	nan
15.000000000000000	nan	nan	nan
15.000000000000000	nan	nan	nan
15.000000000000000	nan	nan	nan
15.000000000000000	nan	nan	nan
15.000000000000000	nan	nan	nan
15.000000000000000	nan	nan	nan
15.000000000000000	nan	nan	nan
15.000000000000000	nan	nan	nan
15.000000000000000	nan	nan	nan
15.000000000000000	nan	nan	nan
15.000000000000000	nan	nan	nan
15.000000000000000	nan	nan	nan
15.000000000000000	nan	nan	nan
15.000000000000000	nan	nan	nan
15.000000000000000	nan	nan	nan
15.000000000000000	nan	nan	nan
15.000000000000000	nan	nan	nan
15.000000000000000	nan	nan	nan
15.000000000000000	nan	nan	nan
15.000000000000000	nan	nan	nan
15.000000000000000	nan	nan	nan
15.000000000000000	nan	nan	nan
15.000000000000000	nan	nan	nan
15.000000000000000	nan	nan	nan
15.000000000000000	nan	nan	nan
15.000000000000000	nan	nan	nan
15.000000000000000	nan	nan	nan
15.000000000000000	nan	nan	nan
15.000000000000000	nan	nan	nan
15.000000000000000	nan	nan	nan
15.000000000000000	nan	nan	nan
15.000000000000000	nan	nan	nan
15.000000000000000	nan	nan	nan
15.000000000000000	nan	nan	nan
15.000000000000000	nan	nan	nan
15.000000000000000	nan	nan	nan
15.000000000000000	nan	nan	nan
15.000000000000000	nan	nan	nan
15.000000000000000	nan	nan	nan
15.000000000000000	nan	nan	nan
15.000000000000000	nan	nan	nan
15.000000000000000	nan	nan	nan
15.000000000000000	nan	nan	nan
15.000000000000000	nan	nan	nan
15.000000000000000	nan	nan	nan
15.000000000000000	nan	nan	nan
15.000000000000000	nan	nan	nan
15.000000000000000	nan	nan	nan
15.000000000000000	nan	nan	nan


16.000000000000000	nan	nan	nan
16.000000000000000	nan	nan	nan
16.000000000000000	nan	nan	nan
16.000000000000000	nan	nan	nan
16.000000000000000	nan	nan	nan
16.000000000000000	nan	nan	nan
16.000000000000000	nan	nan	nan
16.000000000000000	nan	nan	nan
16.000000000000000	nan	nan	nan
16.000000000000000	nan	nan	nan
16.000000000000000	nan	nan	nan
16.000000000000000	nan	nan	nan
16.000000000000000	nan	nan	nan
16.000000000000000	nan	nan	nan
16.000000000000000	nan	nan	nan
16.000000000000000	nan	nan	nan
16.000000000000000	nan	nan	nan
16.000000000000000	nan	nan	nan
16.000000000000000	nan	nan	nan
16.000000000000000	nan	nan	nan
16.000000000000000	nan	nan	nan
16.000000000000000	nan	nan	nan
16.000000000000000	nan	nan	nan
16.000000000000000	nan	nan	nan
16.000000000000000	nan	nan	nan
16.000000000000000	nan	nan	nan
16.000000000000000	nan	nan	nan
16.000000000000000	nan	nan	nan
16.000000000000000	nan	nan	nan
16.000000000000000	nan	nan	nan
16.000000000000000	nan	nan	nan
16.000000000000000	nan	nan	nan
16.000000000000000	nan	nan	nan
16.000000000000000	nan	nan	nan
16.000000000000000	nan	nan	nan
16.000000000000000	nan	nan	nan
16.000000000000000	nan	nan	nan
16.000000000000000	nan	nan	nan
16.000000000000000	nan	nan	nan
16.000000000000000	nan	nan	nan
16.000000000000000	nan	nan	nan
16.000000000000000	nan	nan	nan
16.000000000000000	nan	nan	nan
16.000000000000000	nan	nan	nan
16.000000000000000	nan	nan	nan
16.000000000000000	nan	nan	nan
16.000000000000000	nan	nan	nan
16.000000000000000	nan	nan	nan
16.000000000000000	nan	nan	nan
16.000000000000000	nan	nan	nan
16.000000000000000	nan	nan	nan
16.000000000000000	nan	nan	nan
16.000000000000000	nan	nan	nan
16.000000000000000	nan	nan	nan
16.000000000000000	nan	nan	nan
16.000000000000000	nan	nan	nan
16.000000000000000	nan	nan	nan
16.000000000000000	nan	nan	nan
16.000000000000000	nan	nan	nan
16.000000000000000	nan	nan	nan
16.000000000000000	nan	nan	nan
16.000000000000000	nan	nan	nan
16.000000000000000	nan	nan	nan
16.000000000000000	nan	nan	nan
16.000000000000000	nan	nan	nan
16.000000000000000	nan	nan	nan
16.000000000000000	nan	nan	nan
16.000000000000000	nan	nan	nan
16.000000000000000	nan	nan	nan
16.000000000000000	nan	nan	nan
16.000000000000000	nan	nan	nan
16.000000000000000	nan	nan	nan
16.000000000000000	nan	nan	nan
16.000000000000000	nan	nan	nan
16.000000000000000	nan	nan	nan
16.000000000000000	nan	nan	nan
16.000000000000000	nan	nan	nan
16.000000000000000	nan	nan	nan
16.000000000000000	nan	nan	nan
16.000000000000000	nan	nan	nan
16.000000000000000	nan	nan	nan
16.000000000000000	nan	nan	nan
16.000000000000000	nan	nan	nan
16.000000000000000	nan	nan	nan
16.000000000000000	nan	nan	nan
16.000000000000000	nan	nan	nan
16.000000000000000	nan	nan	nan
16.000000000000000	nan	nan	nan
16.000000000000000	nan	nan	nan
16.000000000000000	nan	nan	nan
16.000000000000000	nan	nan	nan
16.000000000000000	nan	nan	nan
16.000000000000000	nan	nan	nan
16.000000000000000	nan	nan	nan
16.000000000000000	nan	nan	nan
16.000000000000000	nan	nan	nan
16.000000000000000	nan	nan	nan
16.000000000000000	nan	nan	nan
16.000000000000000	nan	nan	nan
16.000000000000000	nan	nan	nan


17.000000000000000	nan	nan	nan
17.000000000000000	nan	nan	nan
17.000000000000000	nan	nan	nan
17.000000000000000	nan	nan	nan
17.000000000000000	nan	nan	nan
17.000000000000000	nan	nan	nan
17.000000000000000	nan	nan	nan
17.000000000000000	nan	nan	nan
17.000000000000000	nan	nan	nan
17.000000000000000	nan	nan	nan
17.000000000000000	nan	nan	nan
17.000000000000000	nan	nan	nan
17.000000000000000	nan	nan	nan
17.000000000000000	nan	nan	nan
17.000000000000000	nan	nan	nan
17.000000000000000	nan	nan	nan
17.000000000000000	nan	nan	nan
17.000000000000000	nan	nan	nan
17.000000000000000	nan	nan	nan
17.000000000000000	nan	nan	nan
17.000000000000000	nan	nan	nan
17.000000000000000	nan	nan	nan
17.000000000000000	nan	nan	nan
17.000000000000000	nan	nan	nan
17.000000000000000	nan	nan	nan
17.000000000000000	nan	nan	nan
17.000000000000000	nan	nan	nan
17.000000000000000	nan	nan	nan
17.000000000000000	nan	nan	nan
17.000000000000000	nan	nan	nan
17.000000000000000	nan	nan	nan
17.000000000000000	nan	nan	nan
17.000000000000000	nan	nan	nan
17.000000000000000	nan	nan	nan
17.000000000000000	nan	nan	nan
17.000000000000000	nan	nan	nan
17.000000000000000	nan	nan	nan
17.000000000000000	nan	nan	nan
17.000000000000000	nan	nan	nan
17.000000000000000	nan	nan	nan
17.000000000000000	nan	nan	nan
17.000000000000000	nan	nan	nan
17.000000000000000	nan	nan	nan
17.000000000000000	nan	nan	nan
17.000000000000000	nan	nan	nan
17.000000000000000	nan	nan	nan
17.000000000000000	nan	nan	nan
17.000000000000000	nan	nan	nan
17.000000000000000	nan	nan	nan
17.000000000000000	nan	nan	nan
17.000000000000000	nan	nan	nan
17.000000000000000	nan	nan	nan
17.000000000000000	nan	nan	nan
17.000000000000000	nan	nan	nan
17.000000000000000	nan	nan	nan
17.000000000000000	nan	nan	nan
17.000000000000000	nan	nan	nan
17.000000000000000	nan	nan	nan
17.000000000000000	nan	nan	nan
17.000000000000000	nan	nan	nan
17.000000000000000	nan	nan	nan
17.000000000000000	nan	nan	nan
17.000000000000000	nan	nan	nan
17.000000000000000	nan	nan	nan
17.000000000000000	nan	nan	nan
17.000000000000000	nan	nan	nan
17.000000000000000	nan	nan	nan
17.000000000000000	nan	nan	nan
17.000000000000000	nan	nan	nan
17.000000000000000	nan	nan	nan
17.000000000000000	nan	nan	nan
17.000000000000000	nan	nan	nan
17.000000000000000	nan	nan	nan
17.000000000000000	nan	nan	nan
17.000000000000000	nan	nan	nan
17.000000000000000	nan	nan	nan
17.000000000000000	nan	nan	nan
17.000000000000000	nan	nan	nan
17.000000000000000	nan	nan	nan
17.000000000000000	nan	nan	nan
17.000000000000000	nan	nan	nan
17.000000000000000	nan	nan	nan
17.000000000000000	nan	nan	nan
17.000000000000000	nan	nan	nan
17.000000000000000	nan	nan	nan
17.000000000000000	nan	nan	nan
17.000000000000000	nan	nan	nan
17.000000000000000	nan	nan	nan
17.000000000000000	nan	nan	nan
17.000000000000000	nan	nan	nan
17.000000000000000	nan	nan	nan
17.000000000000000	nan	nan	nan
17.000000000000000	nan	nan	nan
17.000000000000000	nan	nan	nan
17.000000000000000	nan	nan	nan
17.000000000000000	nan	nan	nan
17.000000000000000	nan	nan	nan
17.000000000000000	nan	nan	nan
17.000000000000000	nan	nan	nan
17.000000000000000	nan	nan	nan


18.000000000000000	nan	nan	nan
18.000000000000000	nan	nan	nan
18.000000000000000	nan	nan	nan
18.000000000000000	nan	nan	nan
18.000000000000000	nan	nan	nan
18.000000000000000	nan	nan	nan
18.000000000000000	nan	nan	nan
18.000000000000000	nan	nan	nan
18.000000000000000	nan	nan	nan
18.000000000000000	nan	nan	nan
18.000000000000000	nan	nan	nan
18.000000000000000	nan	nan	nan
18.000000000000000	nan	nan	nan
18.000000000000000	nan	nan	nan
18.000000000000000	nan	nan	nan
18.000000000000000	nan	nan	nan
18.000000000000000	nan	nan	nan
18.000000000000000	nan	nan	nan
18.000000000000000	nan	nan	nan
18.000000000000000	nan	nan	nan
18.000000000000000	nan	nan	nan
18.000000000000000	nan	nan	nan
18.000000000000000	nan	nan	nan
18.000000000000000	nan	nan	nan
18.000000000000000	nan	nan	nan
18.000000000000000	nan	nan	nan
18.000000000000000	nan	nan	nan
18.000000000000000	nan	nan	nan
18.000000000000000	nan	nan	nan
18.000000000000000	nan	nan	nan
18.000000000000000	nan	nan	nan
18.000000000000000	nan	nan	nan
18.000000000000000	nan	nan	nan
18.000000000000000	nan	nan	nan
18.000000000000000	nan	nan	nan
18.000000000000000	nan	nan	nan
18.000000000000000	nan	nan	nan
18.000000000000000	nan	nan	nan
18.000000000000000	nan	nan	nan
18.000000000000000	nan	nan	nan
18.000000000000000	nan	nan	nan
18.000000000000000	nan	nan	nan
18.000000000000000	nan	nan	nan
18.000000000000000	nan	nan	nan
18.000000000000000	nan	nan	nan
18.000000000000000	nan	nan	nan
18.000000000000000	nan	nan	nan
18.000000000000000	nan	nan	nan
18.000000000000000	nan	nan	nan
18.000000000000000	nan	nan	nan
18.000000000000000	nan	nan	nan
18.000000000000000	nan	nan	nan
18.000000000000000	nan	nan	nan
18.000000000000000	nan	nan	nan
18.000000000000000	nan	nan	nan
18.000000000000000	nan	nan	nan
18.000000000000000	nan	nan	nan
18.000000000000000	nan	nan	nan
18.000000000000000	nan	nan	nan
18.000000000000000	nan	nan	nan
18.000000000000000	nan	nan	nan
18.000000000000000	nan	nan	nan
18.000000000000000	nan	nan	nan
18.000000000000000	nan	nan	nan
18.000000000000000	nan	nan	nan
18.000000000000000	nan	nan	nan
18.000000000000000	nan	nan	nan
18.000000000000000	nan	nan	nan
18.000000000000000	nan	nan	nan
18.000000000000000	nan	nan	nan
18.000000000000000	nan	nan	nan
18.000000000000000	nan	nan	nan
18.000000000000000	nan	nan	nan
18.000000000000000	nan	nan	nan
18.000000000000000	nan	nan	nan
18.000000000000000	nan	nan	nan
18.000000000000000	nan	nan	nan
18.000000000000000	nan	nan	nan
18.000000000000000	nan	nan	nan
18.000000000000000	nan	nan	nan
18.000000000000000	nan	nan	nan
18.000000000000000	nan	nan	nan
18.000000000000000	nan	nan	nan
18.000000000000000	nan	nan	nan
18.000000000000000	nan	nan	nan
18.000000000000000	nan	nan	nan
18.000000000000000	nan	nan	nan
18.000000000000000	nan	nan	nan
18.000000000000000	nan	nan	nan
18.000000000000000	nan	nan	nan
18.000000000000000	nan	nan	nan
18.000000000000000	nan	nan	nan
18.000000000000000	nan	nan	nan
18.000000000000000	nan	nan	nan
18.000000000000000	nan	nan	nan
18.000000000000000	nan	nan	nan
18.000000000000000	nan	nan	nan
18.000000000000000	nan	nan	nan
18.000000000000000	nan	nan	nan
18.000000000000000	nan	nan	nan


19.000000000000000	nan	nan	nan
19.000000000000000	nan	nan	nan
19.000000000000000	nan	nan	nan
19.000000000000000	nan	nan	nan
19.000000000000000	nan	nan	nan
19.000000000000000	nan	nan	nan
19.000000000000000	nan	nan	nan
19.000000000000000	nan	nan	nan
19.000000000000000	nan	nan	nan
19.000000000000000	nan	nan	nan
19.000000000000000	nan	nan	nan
19.000000000000000	nan	nan	nan
19.000000000000000	nan	nan	nan
19.000000000000000	nan	nan	nan
19.000000000000000	nan	nan	nan
19.000000000000000	nan	nan	nan
19.000000000000000	nan	nan	nan
19.000000000000000	nan	nan	nan
19.000000000000000	nan	nan	nan
19.000000000000000	nan	nan	nan
19.000000000000000	nan	nan	nan
19.000000000000000	nan	nan	nan
19.000000000000000	nan	nan	nan
19.000000000000000	nan	nan	nan
19.000000000000000	nan	nan	nan
19.000000000000000	nan	nan	nan
19.000000000000000	nan	nan	nan
19.000000000000000	nan	nan	nan
19.000000000000000	nan	nan	nan
19.000000000000000	nan	nan	nan
19.000000000000000	nan	nan	nan
19.000000000000000	nan	nan	nan
19.000000000000000	nan	nan	nan
19.000000000000000	nan	nan	nan
19.000000000000000	nan	nan	nan
19.000000000000000	nan	nan	nan
19.000000000000000	nan	nan	nan
19.000000000000000	nan	nan	nan
19.000000000000000	nan	nan	nan
19.000000000000000	nan	nan	nan
19.000000000000000	nan	nan	nan
19.000000000000000	nan	nan	nan
19.000000000000000	nan	nan	nan
19.000000000000000	nan	nan	nan
19.000000000000000	nan	nan	nan
19.000000000000000	nan	nan	nan
19.000000000000000	nan	nan	nan
19.000000000000000	nan	nan	nan
19.000000000000000	nan	nan	nan
19.000000000000000	nan	nan	nan
19.000000000000000	nan	nan	nan
19.000000000000000	nan	nan	nan
19.000000000000000	nan	nan	nan
19.000000000000000	nan	nan	nan
19.000000000000000	nan	nan	nan
19.000000000000000	nan	nan	nan
19.000000000000000	nan	nan	nan
19.000000000000000	nan	nan	nan
19.000000000000000	nan	nan	nan
19.000000000000000	nan	nan	nan
19.000000000000000	nan	nan	nan
19.000000000000000	nan	nan	nan
19.000000000000000	nan	nan	nan
19.000000000000000	nan	nan	nan
19.000000000000000	nan	nan	nan
19.000000000000000	nan	nan	nan
19.000000000000000	nan	nan	nan
19.000000000000000	nan	nan	nan
19.000000000000000	nan	nan	nan
19.000000000000000	nan	nan	nan
19.000000000000000	nan	nan	nan
19.000000000000000	nan	nan	nan
19.000000000000000	nan	nan	nan
19.000000000000000	nan	nan	nan
19.000000000000000	nan	nan	nan
19.000000000000000	nan	nan	nan
19.000000000000000	nan	nan	nan
19.000000000000000	nan	nan	nan
19.000000000000000	nan	nan	nan
19.000000000000000	nan	nan	nan
19.000000000000000	nan	nan	nan
19.000000000000000	nan	nan	nan
19.000000000000000	nan	nan	nan
19.000000000000000	nan	nan	nan
19.000000000000000	nan	nan	nan
19.000000000000000	nan	nan	nan
19.000000000000000	nan	nan	nan
19.000000000000000	nan	nan	nan
19.000000000000000	nan	nan	nan
19.000000000000000	nan	nan	nan
19.000000000000000	nan	nan	nan
19.000000000000000	nan	nan	nan
19.000000000000000	nan	nan	nan
19.000000000000000	nan	nan	nan
19.000000000000000	nan	nan	nan
19.000000000000000	nan	nan	nan
19.000000000000000	nan	nan	nan
19.000000000000000	nan	nan	nan
19.000000000000000	nan	nan	nan
19.000000000000000	nan	nan	nan


20.000000000000000	nan	nan	nan
20.000000000000000	nan	nan	nan
20.000000000000000	nan	nan	nan
20.000000000000000	nan	nan	nan
20.000000000000000	nan	nan	nan
20.000000000000000	nan	nan	nan
20.000000000000000	nan	nan	nan
20.000000000000000	nan	nan	nan
20.000000000000000	nan	nan	nan
20.000000000000000	nan	nan	nan
20.000000000000000	nan	nan	nan
20.000000000000000	nan	nan	nan
20.000000000000000	nan	nan	nan
20.000000000000000	nan	nan	nan
20.000000000000000	nan	nan	nan
20.000000000000000	nan	nan	nan
20.000000000000000	nan	nan	nan
20.000000000000000	nan	nan	nan
20.000000000000000	nan	nan	nan
20.000000000000000	nan	nan	nan
20.000000000000000	nan	nan	nan
20.000000000000000	nan	nan	nan
20.000000000000000	nan	nan	nan
20.000000000000000	nan	nan	nan
20.000000000000000	nan	nan	nan
20.000000000000000	nan	nan	nan
20.000000000000000	nan	nan	nan
20.000000000000000	nan	nan	nan
20.000000000000000	nan	nan	nan
20.000000000000000	nan	nan	nan
20.000000000000000	nan	nan	nan
20.000000000000000	nan	nan	nan
20.000000000000000	nan	nan	nan
20.000000000000000	nan	nan	nan
20.000000000000000	nan	nan	nan
20.000000000000000	nan	nan	nan
20.000000000000000	nan	nan	nan
20.000000000000000	nan	nan	nan
20.000000000000000	nan	nan	nan
20.000000000000000	nan	nan	nan
20.000000000000000	nan	nan	nan
20.000000000000000	nan	nan	nan
20.000000000000000	nan	nan	nan
20.000000000000000	nan	nan	nan
20.000000000000000	nan	nan	nan
20.000000000000000	nan	nan	nan
20.000000000000000	nan	nan	nan
20.000000000000000	nan	nan	nan
20.000000000000000	nan	nan	nan
20.000000000000000	nan	nan	nan
20.000000000000000	nan	nan	nan
20.000000000000000	nan	nan	nan
20.000000000000000	nan	nan	nan
20.000000000000000	nan	nan	nan
20.000000000000000	nan	nan	nan
20.000000000000000	nan	nan	nan
20.000000000000000	nan	nan	nan
20.000000000000000	nan	nan	nan
20.000000000000000	nan	nan	nan
20.000000000000000	nan	nan	nan
20.000000000000000	nan	nan	nan
20.000000000000000	nan	nan	nan
20.000000000000000	nan	nan	nan
20.000000000000000	nan	nan	nan
20.000000000000000	nan	nan	nan
20.000000000000000	nan	nan	nan
20.000000000000000	nan	nan	nan
20.000000000000000	nan	nan	nan
20.000000000000000	nan	nan	nan
20.000000000000000	nan	nan	nan
20.000000000000000	nan	nan	nan
20.000000000000000	nan	nan	nan
20.000000000000000	nan	nan	nan
20.000000000000000	nan	nan	nan
20.000000000000000	nan	nan	nan
20.000000000000000	nan	nan	nan
20.000000000000000	nan	nan	nan
20.000000000000000	nan	nan	nan
20.000000000000000	nan	nan	nan
20.000000000000000	nan	nan	nan
20.000000000000000	nan	nan	nan
20.000000000000000	nan	nan	nan
20.000000000000000	nan	nan	nan
20.000000000000000	nan	nan	nan
20.000000000000000	nan	nan	nan
20.000000000000000	nan	nan	nan
20.000000000000000	nan	nan	nan
20.000000000000000	nan	nan	nan
20.000000000000000	nan	nan	nan
20.000000000000000	nan	nan	nan
20.000000000000000	nan	nan	nan
20.000000000000000	nan	nan	nan
20.000000000000000	nan	nan	nan
20.000000000000000	nan	nan	nan
20.000000000000000	nan	nan	nan
20.000000000000000	nan	nan	nan
20.000000000000000	nan	nan	nan
20.000000000000000	nan	nan	nan
20.000000000000000	nan	nan	nan
20.000000000000000	nan	nan	nan


21.000000000000000	0.201604324331165	0.771434072001908	-0.039392587440298
21.000000000000000	0.124256743862619	0.788477602903342	-0.045175260376002
21.000000000000000	0.045817433005412	0.800083264310118	-0.050660473052747
21.000000000000000	-0.033397760820300	0.806204324319898	-0.055826138455057
21.000000000000000	-0.113069865987490	0.806816135584411	-0.060651456271545
21.000000000000000	-0.192878071048421	0.801916234555631	-0.065116996650430
21.000000000000000	-0.272501016529124	0.791524351405611	-0.069204778436691
21.000000000000000	-0.351618088930569	0.775682330580046	-0.072898341575832
21.000000000000000	-0.429910711726073	0.754453962305458	-0.076182813392712
21.000000000000000	-0.507063628156533	0.727924725728468	-0.079044968478557
21.000000000000000	-0.582766170658124	0.696201444721443	-0.081473281945018
21.000000000000000	-0.656713511810933	0.659411857740464	-0.083457975830823
21.000000000000000	-0.728607891771390	0.617704103467647	-0.084991058474179
21.000000000000000	-0.798159817246069	0.571246124308958	-0.086066356692372
21.000000000000000	-0.865089227179001	0.520224990149415	-0.086679540639000
21.000000000000000	-0.929126620458705	0.464846145088686	-0.086828141238726
21.000000000000000	-0.990014141104042	0.405332580190213	-0.086511560129385
21.000000000000000	-1.047506616559245	0.341923935574899	-0.085731072071369
21.000000000000000	-1.101372544917266	0.274875535474926	-0.084489819814617
21.000000000000000	-1.151395027096251	0.204457360133180	-0.082792801443877
21.000000000000000	-1.197372640215590	0.130952958688106	-0.080646850253175
21.000000000000000	-1.239120248654762	0.054658307421404	-0.078060607230556
21.000000000000000	-1.276469749529141	-0.024119382033998	-0.075044486263873
21.000000000000000	-1.309270749580981	-0.105062899726758	-0.071610632207739
21.000000000000000	-1.337391170759979	-0.187846314679636	-0.067772871980480
21.000000000000000	-1.360717782054977	-0.272136287298508	-0.063546658888017
21.000000000000000	-1.379156655435271	-0.357593411613258	-0.058949010398859
21.000000000000000	-1.392633544065645	-0.443873581945830	-0.053998439620760
21.000000000000000	-1.401094181272167	-0.530629378502344	-0.048714880754970
21.000000000000000	-1.404504499054936	-0.617511466309984	-0.043119608828242
21.000000000000000	-1.402850765267891	-0.704170001865641	-0.037235154025810
21.000000000000000	-1.396139638913319	-0.790256041832221	-0.031085210970280
21.000000000000000	-1.384398143328397	-0.875422948110311	-0.024694543311754
21.000000000000000	-1.367673557371760	-0.959327783627459	-0.018088884013346
21.000000000000000	-1.346033225048217	-1.041632693224724	-0.011294831733624
21.000000000000000	-1.319564284338212	-1.122006264080165	-0.004339743723200
21.000000000000000	-1.288373316323939	-1.200124860191296	0.002748374333262
21.000000000000000	-1.252585916024932	-1.275673925543051	0.009940981086057
21.000000000000000	-1.212346186671257	-1.348349250713830	0.017209114446376
21.000000000000000	-1.167816159450658	-1.417858197819473	0.024523508206420
21.000000000000000	-1.119175141066157	-1.483920878862735	0.031854709884087
21.000000000000000	-1.066618991731245	-1.546271282743467	0.039173199317723
21.000000000000000	-1.010359336509927	-1.604658346391428	0.046449507533395
21.000000000000000	-0.950622713177284	-1.658846965708658	0.053654335406044
21.000000000000000	-0.887649660031810	-1.708618942250700	0.060758671636727
21.000000000000000	-0.821693747332573	-1.753773861834731	0.067733909570875
21.000000000000000	-0.753020556261286	-1.794129901536732	0.074551962387192
21.000000000000000	-0.681906609520616	-1.829524561828237	0.081185376193378
21.000000000000000	-0.608638257874865	-1.859815320904576	0.087607440573257
21.000000000000000	-0.533510527116503	-1.884880208569883	0.093792296140198
21.000000000000000	-0.456825930101427	-1.904618297368027	0.099715038663740
21.000000000000000	-0.378893248636468	-1.918950108981851	0.105351819350135
21.000000000000000	-0.300026290124031	-1.927817934264312	0.110679940873027
21.000000000000000	-0.220542623970443	-1.931186065612841	0.115677948767569
21.000000000000000	-0.140762302846040	-1.929040940751257	0.120325717819986
21.000000000000000	-0.061006573946024	-1.921391197340270	0.124604533104705
21.000000000000000	0.018403414558614	-1.908267638196667	0.128497165342756
21.000000000000000	0.097147906671425	-1.889723107261241	0.131987940277996
21.000000000000000	0.174909826115049	-1.865832276814891	0.135062801791809
21.000000000000000	0.251376053085472	-1.836691346799706	0.137709368502131
21.000000000000000	0.326238685074962	-1.802417657455747	0.139916983618909
21.000000000000000	0.399196276686796	-1.763149216833318	0.141676757855232
21.000000000000000	0.469955053449482	-1.719044145083253	0.142981605221352
21.000000000000000	0.538230094742864	-1.670280037762879	0.143826271557463
21.000000000000000	0.603746481072907	-1.617053250721388	0.144207355690350
21.000000000000000	0.666240401075457	-1.559578109444134	0.144123323128709
21.000000000000000	0.725460213791506	-1.498086046039545	0.143574512242009
21.000000000000000	0.781167461936508	-1.432824667343714	0.142563132897991
21.000000000000000	0.833137832083710	-1.364056757895050	0.141093257564313
21.000000000000000	0.881162057895148	-1.292059221793698	0.139170804910160
21.000000000000000	0.925046762763332	-1.217121967706456	0.136803515973853
21.000000000000000	0.964615238470588	-1.139546741506897	0.134000922992419
21.000000000000000	0.999708156730692	-1.059645911251235	0.130774311018636
21.000000000000000	1.030184210747636	-0.977741209382408	0.127136672480110
21.000000000000000	1.055920684208228	-0.894162437227087	0.123102654863353
21.000000000000000	1.076813945417370	-0.809246137002136	0.118688501733528
21.000000000000000	1.092779864586318	-0.723334236677882	0.113911987327340
21.000000000000000	1.103754152593653	-0.636772673154860	0.108792344982461
21.000000000000000	1.109692619854873	-0.549909999298012	0.103350189691669
21.000000000000000	1.110571354258264	-0.463095980437322	0.097607435093546
21.000000000000000	1.106386817450527	-0.376680185986274	0.091587205233987
21.000000000000000	1.097155859084480	-0.291010581849206	0.085313741453835
21.000000000000000	1.082915648971454	-0.206432129285425	0.078812304777553
21.000000000000000	1.063723527411581	-0.123285395871969	0.072109074195994
21.000000000000000	1.039656774304644	-0.041905184158171	0.065231041252847
21.000000000000000	1.010812297971192	0.037380816466037	0.058205901359216
21.000000000000000	0.977306244936942	0.114253349259639	0.051061942273971
21.000000000000000	0.939273532251712	0.188402875664757	0.043827930198935
21.000000000000000	0.896867304226075	0.259530821709172	0.036532993947534
21.000000000000000	0.850258315773276	0.327350780258329	0.029206507653349
21.000000000000000	0.799634244839464	0.391589664275780	0.021877972490849
21.000000000000000	0.745198936690838	0.451988806448302	0.014576897884574
21.000000000000000	0.687171583100709	0.508305000747867	0.007332682685094
21.000000000000000	0.625785839741592	0.560311481736481	0.000174496790216
21.000000000000000	0.561288885336280	0.607798837670566	-0.006868836311897
21.000000000000000	0.493940426356364	0.650575853728141	-0.013768955604745
21.000000000000000	0.424011651275936	0.688470281963424	-0.020498076743288
21.000000000000000	0.351784138591322	0.721329534888513	-0.027029103931704
21.000000000000000	0.277548723003850	0.749021299889349	-0.033335739028590
21.000000000000000	0.201604324331165	0.771434072001908	-0.039392587440298


22.000000000000000	nan	nan	nan
22.000000000000000	nan	nan	nan
22.000000000000000	nan	nan	nan
22.000000000000000	nan	nan	nan
22.000000000000000	nan	nan	nan
22.000000000000000	nan	nan	nan
22.000000000000000	nan	nan	nan
22.000000000000000	nan	nan	nan
22.000000000000000	nan	nan	nan
22.000000000000000	nan	nan	nan
22.000000000000000	nan	nan	nan
22.000000000000000	nan	nan	nan
22.000000000000000	nan	nan	nan
22.000000000000000	nan	nan	nan
22.000000000000000	nan	nan	nan
22.000000000000000	nan	nan	nan
22.000000000000000	nan	nan	nan
22.000000000000000	nan	nan	nan
22.000000000000000	nan	nan	nan
22.000000000000000	nan	nan	nan
22.000000000000000	nan	nan	nan
22.000000000000000	nan	nan	nan
22.000000000000000	nan	nan	nan
22.000000000000000	nan	nan	nan
22.000000000000000	nan	nan	nan
22.000000000000000	nan	nan	nan
22.000000000000000	nan	nan	nan
22.000000000000000	nan	nan	nan
22.000000000000000	nan	nan	nan
22.000000000000000	nan	nan	nan
22.000000000000000	nan	nan	nan
22.000000000000000	nan	nan	nan
22.000000000000000	nan	nan	nan
22.000000000000000	nan	nan	nan
22.000000000000000	nan	nan	nan
22.000000000000000	nan	nan	nan
22.000000000000000	nan	nan	nan
22.000000000000000	nan	nan	nan
22.000000000000000	nan	nan	nan
22.000000000000000	nan	nan	nan
22.000000000000000	nan	nan	nan
22.000000000000000	nan	nan	nan
22.000000000000000	nan	nan	nan
22.000000000000000	nan	nan	nan
22.000000000000000	nan	nan	nan
22.000000000000000	nan	nan	nan
22.000000000000000	nan	nan	nan
22.000000000000000	nan	nan	nan
22.000000000000000	nan	nan	nan
22.000000000000000	nan	nan	nan
22.000000000000000	nan	nan	nan
22.000000000000000	nan	nan	nan
22.000000000000000	nan	nan	nan
22.000000000000000	nan	nan	nan
22.000000000000000	nan	nan	nan
22.000000000000000	nan	nan	nan
22.000000000000000	nan	nan	nan
22.000000000000000	nan	nan	nan
22.000000000000000	nan	nan	nan
22.000000000000000	nan	nan	nan
22.000000000000000	nan	nan	nan
22.000000000000000	nan	nan	nan
22.000000000000000	nan	nan	nan
22.000000000000000	nan	nan	nan
22.000000000000000	nan	nan	nan
22.000000000000000	nan	nan	nan
22.000000000000000	nan	nan	nan
22.000000000000000	nan	nan	nan
22.000000000000000	nan	nan	nan
22.000000000000000	nan	nan	nan
22.000000000000000	nan	nan	nan
22.000000000000000	nan	nan	nan
22.000000000000000	nan	nan	nan
22.000000000000000	nan	nan	nan
22.000000000000000	nan	nan	nan
22.000000000000000	nan	nan	nan
22.000000000000000	nan	nan	nan
22.000000000000000	nan	nan	nan
22.000000000000000	nan	nan	nan
22.000000000000000	nan	nan	nan
22.000000000000000	nan	nan	nan
22.000000000000000	nan	nan	nan
22.000000000000000	nan	nan	nan
22.000000000000000	nan	nan	nan
22.000000000000000	nan	nan	nan
22.000000000000000	nan	nan	nan
22.000000000000000	nan	nan	nan
22.000000000000000	nan	nan	nan
22.000000000000000	nan	nan	nan
22.000000000000000	nan	nan	nan
22.000000000000000	nan	nan	nan
22.000000000000000	nan	nan	nan
22.000000000000000	nan	nan	nan
22.000000000000000	nan	nan	nan
22.000000000000000	nan	nan	nan
22.000000000000000	nan	nan	nan
22.000000000000000	nan	nan	nan
22.000000000000000	nan	nan	nan
22.000000000000000	nan	nan	nan
22.000000000000000	nan	nan	nan


23.000000000000000	-1.765627426043906	-0.658666790138478	0.039538429626892
23.000000000000000	-1.711993610486138	-0.788297176810618	0.058049821229305
23.000000000000000	-1.650045719559583	-0.914223458832884	0.076295657260315
23.000000000000000	-1.580033195556881	-1.035938575512469	0.094202468177977
23.000000000000000	-1.502237954201707	-1.152952423033097	0.111698149574825
23.000000000000000	-1.416973249473651	-1.264793827930111	0.128712252516864
23.000000000000000	-1.324582412245009	-1.371012444339717	0.145176267216569
23.000000000000000	-1.225437467808528	-1.471180567382832	0.161023898897616
23.000000000000000	-1.119937637862865	-1.564894855381677	0.176191334740547
23.000000000000000	-1.008507732987704	-1.651777953974355	0.190617500834475
23.000000000000000	-0.891596442081485	-1.731480015587680	0.204244308100166
23.000000000000000	-0.769674525649577	-1.803680108149883	0.217016886194256
23.000000000000000	-0.643232920217869	-1.868087507370787	0.228883804452764
23.000000000000000	-0.512780761504660	-1.924442867385921	0.239797278984217
23.000000000000000	-0.378843334310811	-1.972519265050777	0.249713365078519
23.000000000000000	-0.241959957383250	-2.012123113680222	0.258592134156790
23.000000000000000	-0.102681811768730	-2.043094942553759	0.266397834549657
23.000000000000000	0.038430278597713	-2.065310039047828	0.273099035456612
23.000000000000000	0.180808105132805	-2.078678950809526	0.278668753506750
23.000000000000000	0.323878362580458	-2.083147845949664	0.283084561411281
23.000000000000000	0.467064957509685	-2.078698729804780	0.286328678270303
23.000000000000000	0.609791328039523	-2.065349517395303	0.288388041170217
23.000000000000000	0.751482765450230	-2.043153961288084	0.289254357783465
23.000000000000000	0.891568728332465	-2.012201435153783	0.288924139758806
23.000000000000000	1.029485139956168	-1.972616573890643	0.287398716767676
23.000000000000000	1.164676659608469	-1.924558771763739	0.284684231150072
23.000000000000000	1.296598918754731	-1.868221540580535	0.280791613181517
23.000000000000000	1.424720713018513	-1.803831730487131	0.275736537060693
23.000000000000000	1.548526141154103	-1.731648616522792	0.269539357794982
23.000000000000000	1.667516682398754	-1.651962854610870	0.262225029238031
23.000000000000000	1.781213203839843	-1.565095311189993	0.253823003609392
23.000000000000000	1.889157889714006	-1.471395771198157	0.244367112900829
23.000000000000000	1.990916084869632	-1.371241529612242	0.233895432646828
23.000000000000000	2.086078044969750	-1.265035872214298	0.222450128607858
23.000000000000000	2.174260586387858	-1.153206451702042	0.210077286983734
23.000000000000000	2.255108629153143	-1.036203565682379	0.196826728840759
23.000000000000000	2.328296626732203	-0.914498343481872	0.182751809499874
23.000000000000000	2.393529876890035	-0.788580849075221	0.167909203693609
23.000000000000000	2.450545708351921	-0.658958107770608	0.152358677356941
23.000000000000000	2.499114538487948	-0.526152064597726	0.136162846970965
23.000000000000000	2.539040797761224	-0.390697482619369	0.119386927428430
23.000000000000000	2.570163717217379	-0.253139789629312	0.102098469436375
23.000000000000000	2.592357975844405	-0.114032881907096	0.084367087513283
23.000000000000000	2.605534205196134	0.026063106126800	0.066264179675977
23.000000000000000	2.609639349247438	0.166584057374566	0.047862639945008
23.000000000000000	2.604656878032104	0.306964143561524	0.029236564826164
23.000000000000000	2.590606854203186	0.446638103626875	0.010460954949993
23.000000000000000	2.567545852247773	0.585043519830490	-0.008388586929269
23.000000000000000	2.535566730681504	0.721623082410647	-0.027236160359303
23.000000000000000	2.494798258140095	0.855826833673738	-0.046005872814040
23.000000000000000	2.445404594873491	0.987114382479809	-0.064622145286077
23.000000000000000	2.387584631730482	1.114957080206936	-0.083010016616667
23.000000000000000	2.321571189295447	1.238840149432658	-0.101095445337846
23.000000000000000	2.247630080402041	1.358264756760959	-0.118805607811293
23.000000000000000	2.166059039798723	1.472750021448300	-0.136069191463420
23.000000000000000	2.077186525276012	1.581834951740645	-0.152816681935933
23.000000000000000	1.981370395082890	1.685080301124554	-0.168980642995622
23.000000000000000	1.878996466957941	1.782070337017859	-0.184495988076269
23.000000000000000	1.770476964577482	1.872414514778049	-0.199300242359279
23.000000000000000	1.656248857676319	1.955749050287696	-0.213333794337723
23.000000000000000	1.536772102524841	2.031738384784710	-0.226540135850838
23.000000000000000	1.412527789847471	2.100076536039031	-0.238866089622448
23.000000000000000	1.284016207640101	2.160488330435084	-0.250262023387083
23.000000000000000	1.151754826686921	2.212730510998802	-0.260682049741596
23.000000000000000	1.016276216888196	2.256592716907609	-0.270084210917541
23.000000000000000	0.878125902789258	2.291898330539199	-0.278430647730297
23.000000000000000	0.737860166945687	2.318505188648377	-0.285687752024641
23.000000000000000	0.596043809969811	2.336306154808260	-0.291826302002931
23.000000000000000	0.453247876277972	2.345229550810863	-0.296821579890966
23.000000000000000	0.310047354696210	2.345239445289941	-0.300653471467743
23.000000000000000	0.167018863183203	2.336335798403918	-0.303306547058326
23.000000000000000	0.024738326993261	2.318554461996319	-0.304770123663697
23.000000000000000	-0.116221340371408	2.291967035233043	-0.305038307977426
23.000000000000000	-0.255292544081164	2.256680576297802	-0.304110020115937
23.000000000000000	-0.391915293482983	2.212837171306589	-0.301988997966814
23.000000000000000	-0.525539456985170	2.160613362177051	-0.298683782137650
23.000000000000000	-0.655626977243118	2.100219435756481	-0.294207681566034
23.000000000000000	-0.781654037726329	2.031898577070917	-0.288578719929156
23.000000000000000	-0.903113171942703	1.955925890104863	-0.281819563068820
23.000000000000000	-1.019515306826994	1.872607290054646	-0.273957427724101
23.000000000000000	-1.130391732065431	1.782278271515887	-0.265023971939141
23.000000000000000	-1.235295987426724	1.685302557565176	-0.255055167587378
23.000000000000000	-1.333805660499835	1.582070635175621	-0.244091155525509
23.000000000000000	-1.425524087599673	1.472998182863620	-0.232176083960427
23.000000000000000	-1.510081950991755	1.358524396898191	-0.219357930679975
23.000000000000000	-1.587138766004374	1.239110222812606	-0.205688309863326
23.000000000000000	-1.656384252040195	1.115236499339421	-0.191222264248901
23.000000000000000	-1.717539581966714	0.987402022242604	-0.176018043496689
23.000000000000000	-1.770358504854710	0.856121535843040	-0.160136869637424
23.000000000000000	-1.814628337543825	0.721923660324829	-0.143642690553075
23.000000000000000	-1.850170821042578	0.585348763168384	-0.126601922481298
23.000000000000000	-1.876842838314419	0.446946783281291	-0.109083182580685
23.000000000000000	-1.894536990559518	0.307275016588440	-0.091157012633686
23.000000000000000	-1.903182029671823	0.166895871998022	-0.072895594999746
23.000000000000000	-1.902743145130043	0.026374606779361	-0.054372461962425
23.000000000000000	-1.893222104167324	-0.113722949528613	-0.035662199640839
23.000000000000000	-1.874657244655232	-0.252832673513211	-0.016840147657687
23.000000000000000	-1.847123320730671	-0.390394419413852	0.002017904226820
23.000000000000000	-1.810731201787358	-0.525854274631357	0.020836021293577
23.000000000000000	-1.765627426043907	-0.658666790138478	0.039538429626892


24.000000000000000	nan	nan	nan
24.000000000000000	nan	nan	nan
24.000000000000000	nan	nan	nan
24.000000000000000	nan	nan	nan
24.000000000000000	nan	nan	nan
24.000000000000000	nan	nan	nan
24.000000000000000	nan	nan	nan
24.000000000000000	nan	nan	nan
24.000000000000000	nan	nan	nan
24.000000000000000	nan	nan	nan
24.000000000000000	nan	nan	nan
24.000000000000000	nan	nan	nan
24.000000000000000	nan	nan	nan
24.000000000000000	nan	nan	nan
24.000000000000000	nan	nan	nan
24.000000000000000	nan	nan	nan
24.000000000000000	nan	nan	nan
24.000000000000000	nan	nan	nan
24.000000000000000	nan	nan	nan
24.000000000000000	nan	nan	nan
24.000000000000000	nan	nan	nan
24.000000000000000	nan	nan	nan
24.000000000000000	nan	nan	nan
24.000000000000000	nan	nan	nan
24.000000000000000	nan	nan	nan
24.000000000000000	nan	nan	nan
24.000000000000000	nan	nan	nan
24.000000000000000	nan	nan	nan
24.000000000000000	nan	nan	nan
24.000000000000000	nan	nan	nan
24.000000000000000	nan	nan	nan
24.000000000000000	nan	nan	nan
24.000000000000000	nan	nan	nan
24.000000000000000	nan	nan	nan
24.000000000000000	nan	nan	nan
24.000000000000000	nan	nan	nan
24.000000000000000	nan	nan	nan
24.000000000000000	nan	nan	nan
24.000000000000000	nan	nan	nan
24.000000000000000	nan	nan	nan
24.000000000000000	nan	nan	nan
24.000000000000000	nan	nan	nan
24.000000000000000	nan	nan	nan
24.000000000000000	nan	nan	nan
24.000000000000000	nan	nan	nan
24.000000000000000	nan	nan	nan
24.000000000000000	nan	nan	nan
24.000000000000000	nan	nan	nan
24.000000000000000	nan	nan	nan
24.000000000000000	nan	nan	nan
24.000000000000000	nan	nan	nan
24.000000000000000	nan	nan	nan
24.000000000000000	nan	nan	nan
24.000000000000000	nan	nan	nan
24.000000000000000	nan	nan	nan
24.000000000000000	nan	nan	nan
24.000000000000000	nan	nan	nan
24.000000000000000	nan	nan	nan
24.000000000000000	nan	nan	nan
24.000000000000000	nan	nan	nan
24.000000000000000	nan	nan	nan
24.000000000000000	nan	nan	nan
24.000000000000000	nan	nan	nan
24.000000000000000	nan	nan	nan
24.000000000000000	nan	nan	nan
24.000000000000000	nan	nan	nan
24.000000000000000	nan	nan	nan
24.000000000000000	nan	nan	nan
24.000000000000000	nan	nan	nan
24.000000000000000	nan	nan	nan
24.000000000000000	nan	nan	nan
24.000000000000000	nan	nan	nan
24.000000000000000	nan	nan	nan
24.000000000000000	nan	nan	nan
24.000000000000000	nan	nan	nan
24.000000000000000	nan	nan	nan
24.000000000000000	nan	nan	nan
24.000000000000000	nan	nan	nan
24.000000000000000	nan	nan	nan
24.000000000000000	nan	nan	nan
24.000000000000000	nan	nan	nan
24.000000000000000	nan	nan	nan
24.000000000000000	nan	nan	nan
24.000000000000000	nan	nan	nan
24.000000000000000	nan	nan	nan
24.000000000000000	nan	nan	nan
24.000000000000000	nan	nan	nan
24.000000000000000	nan	nan	nan
24.000000000000000	nan	nan	nan
24.000000000000000	nan	nan	nan
24.000000000000000	nan	nan	nan
24.000000000000000	nan	nan	nan
24.000000000000000	nan	nan	nan
24.000000000000000	nan	nan	nan
24.000000000000000	nan	nan	nan
24.000000000000000	nan	nan	nan
24.000000000000000	nan	nan	nan
24.000000000000000	nan	nan	nan
24.000000000000000	nan	nan	nan
24.000000000000000	nan	nan	nan


25.000000000000000	1.406626519384261	-0.308259805993586	0.212842494379101
25.000000000000000	1.424393113461144	-0.208999287047015	0.217198889408870
25.000000000000000	1.435874838379621	-0.108776814631165	0.220597578131259
25.000000000000000	1.441025461285849	-0.007995949269558	0.223024875226328
25.000000000000000	1.439824242439266	0.092937500062974	0.224471006825377
25.000000000000000	1.432276018724203	0.193617109989801	0.224930149866858
25.000000000000000	1.418411184173463	0.293637479255988	0.224400455543795
25.000000000000000	1.398285567582274	0.392595861136066	0.222884056748274
25.000000000000000	1.371980207705438	0.490093785152949	0.220387059483043
25.000000000000000	1.339601026942868	0.585738661577906	0.216919518274787
25.000000000000000	1.301278404827461	0.679145362250835	0.212495395688107
25.000000000000000	1.257166653032749	0.769937771355441	0.207132506103191
25.000000000000000	1.207443394014239	0.857750299904875	0.200852443983600
25.000000000000000	1.152308845786485	0.942229357839551	0.193680496922981
25.000000000000000	1.091985015715804	1.023034777809524	0.185645543820852
25.000000000000000	1.026714806574972	1.099841184908346	0.176779938597470
25.000000000000000	0.956761038459485	1.172339306842971	0.167119379916009
25.000000000000000	0.882405390503797	1.240237219264130	0.156702767436645
25.000000000000000	0.803947266658863	1.303261521242647	0.145572045181354
25.000000000000000	0.721702590098102	1.361158436158490	0.133772032640138
25.000000000000000	0.636002531106276	1.413694833569647	0.121350244298762
25.000000000000000	0.547192173573645	1.460659167946139	0.108356698314682
25.000000000000000	0.455629125464930	1.501862330489200	0.094843715111585
25.000000000000000	0.361682078858257	1.537138410605669	0.080865706703507
25.000000000000000	0.265729325352286	1.566345363971389	0.066478957596857
25.000000000000000	0.168157232819461	1.589365584493569	0.051741398152573
25.000000000000000	0.069358689638949	1.606106377869010	0.036712371321007
25.000000000000000	-0.030268477326194	1.616500334831347	0.021452393688810
25.000000000000000	-0.130323104637385	1.620505602584375	0.006022911799992
25.000000000000000	-0.230402307624100	1.618106053328488	-0.009513945267621
25.000000000000000	-0.330103102658242	1.609311349201632	-0.025095616074254
25.000000000000000	-0.429024029826984	1.594156903373290	-0.040659358731021
25.000000000000000	-0.526766769470142	1.572703737448147	-0.056142503539372
25.000000000000000	-0.622937746072864	1.545038235753621	-0.071482705339841
25.000000000000000	-0.717149713055316	1.511271797500669	-0.086618194554006
25.000000000000000	-0.809023312077989	1.471540388218483	-0.101488025908780
25.000000000000000	-0.898188600583831	1.426003992269288	-0.116032323841511
25.000000000000000	-0.984286541426363	1.374845968647785	-0.130192523597742
25.000000000000000	-1.066970448585544	1.318272312659192	-0.143911607050810
25.000000000000000	-1.145907383150012	1.256510826448855	-0.157134332293714
25.000000000000000	-1.220779493944577	1.189810201723412	-0.169807456078780
25.000000000000000	-1.291285297404714	1.118439018357062	-0.181879948209425
25.000000000000000	-1.357140891544472	1.042684662915208	-0.193303197020750
25.000000000000000	-1.418081099129574	0.962852171450185	-0.204031205121556
25.000000000000000	-1.473860535452538	0.879263001228743	-0.214020774609606
25.000000000000000	-1.524254596410298	0.792253736337087	-0.223231681014326
25.000000000000000	-1.569060362905647	0.702174732375558	-0.231626835266557
25.000000000000000	-1.608097417930824	0.609388705700286	-0.239172433043143
25.000000000000000	-1.641208573043128	0.514269272892441	-0.245838090885009
25.000000000000000	-1.668260501307297	0.417199446336131	-0.251596968540628
25.000000000000000	-1.689144274156021	0.318570091962707	-0.256425877042241
25.000000000000000	-1.703775800006836	0.218778355371615	-0.260305372079646
25.000000000000000	-1.712096162869247	0.118226062665235	-0.263219832295570
25.000000000000000	-1.714071859578626	0.017318102436992	-0.265157522187364
25.000000000000000	-1.709694934701635	-0.083539204572113	-0.266110639361730
25.000000000000000	-1.698983012569946	-0.183939741583710	-0.266075345952203
25.000000000000000	-1.681979226313275	-0.283479231071000	-0.265051784072887
25.000000000000000	-1.658752044177500	-0.381756862641657	-0.263044075246209
25.000000000000000	-1.629394993827191	-0.478376906959826	-0.260060303807008
25.000000000000000	-1.594026285742720	-0.572950309208479	-0.256112484349765
25.000000000000000	-1.552788337228380	-0.665096255675854	-0.251216513350075
25.000000000000000	-1.505847198948159	-0.754443707157865	-0.245392105155152
25.000000000000000	-1.453391886298331	-0.840632893002020	-0.238662712601109
25.000000000000000	-1.395633618309161	-0.923316759776861	-0.231055432576664
25.000000000000000	-1.332804967140419	-1.002162368733641	-0.222600896913533
25.000000000000000	-1.265158921595383	-1.076852236433156	-0.213333149042855
25.000000000000000	-1.192967868424209	-1.147085613139506	-0.203289506914312
25.000000000000000	-1.116522495518639	-1.212579693833125	-0.192510412729914
25.000000000000000	-1.036130621414444	-1.273070756966789	-0.181039270097530
25.000000000000000	-0.952115955814831	-1.328315226379201	-0.168922269259869
25.000000000000000	-0.864816796125714	-1.378090652090231	-0.156208201102686
25.000000000000000	-0.774584665251471	-1.422196606028464	-0.142948260691099
25.000000000000000	-0.681782896136263	-1.460455489084314	-0.129195841125132
25.000000000000000	-0.586785168750509	-1.492713246238949	-0.115006318544546
25.000000000000000	-0.489974005413536	-1.518839986889483	-0.100436829148669
25.000000000000000	-0.391739230511207	-1.538730507872584	-0.085546039129088
25.000000000000000	-0.292476400810700	-1.552304717080491	-0.070393908441601
25.000000000000000	-0.192585212693023	-1.559507955963655	-0.055041449368636
25.000000000000000	-0.092467892716752	-1.560311219621433	-0.039550480844325
25.000000000000000	0.007472422006351	-1.554711273594580	-0.023983379531475
25.000000000000000	0.106833307102208	-1.542730666889281	-0.008402828652761
25.000000000000000	0.205214671355344	-1.524417641180258	0.007128434412487
25.000000000000000	0.302220367735000	-1.499845936558574	0.022547870749568
25.000000000000000	0.397459788539412	-1.469114494606308	0.037793391730545
25.000000000000000	0.490549438235160	-1.432347059993734	0.052803609023241
25.000000000000000	0.581114477658333	-1.389691682203196	0.067518081780380
25.000000000000000	0.668790233359538	-1.341320119386110	0.081877560013551
25.000000000000000	0.753223666015178	-1.287427146753497	0.095824223171997
25.000000000000000	0.834074791992204	-1.228229772284961	0.109301912965567
25.000000000000000	0.911018052342207	-1.163966362914140	0.122256359494328
25.000000000000000	0.983743623712401	-1.094895684709203	0.134635399774302
25.000000000000000	1.051958665894917	-1.021295860913215	0.146389187779384
25.000000000000000	1.115388500990959	-0.943463252040002	0.157470395153706
25.000000000000000	1.173777719441761	-0.861711262534963	0.167834401786214
25.000000000000000	1.226891208472732	-0.776369078805980	0.177439475480110
25.000000000000000	1.274515098809618	-0.687780343705938	0.186246939993679
25.000000000000000	1.316457625854591	-0.596301772804241	0.194221330775867
25.000000000000000	1.352549901854591	-0.502301718019120	0.201330537769503
25.000000000000000	1.382646595952712	-0.406158684394461	0.207545934707175
25.000000000000000	1.406626519384261	-0.308259805993586	0.212842494379101


