# n	x	y	z
1.000000000000000	0.116990911536484	-0.325619150682554	-0.059088534972689
1.000000000000000	0.140257317993761	-0.316946986785142	-0.056066346519284
1.000000000000000	0.162897450613220	-0.306827397335226	-0.052787333309031
1.000000000000000	0.184820145571496	-0.295301130347873	-0.049264698770821
1.000000000000000	0.205937127913470	-0.282414598032118	-0.045512627310647
1.000000000000000	0.226163367004359	-0.268219689905375	-0.041546227196010
1.000000000000000	0.245417418918068	-0.252773563852666	-0.037381469720254
1.000000000000000	0.263621754383140	-0.236138415971992	-0.033035124891810
1.000000000000000	0.280703070965762	-0.218381230132596	-0.028524693907287
1.000000000000000	0.296592588232801	-0.199573508254565	-0.023868338680330
1.000000000000000	0.311226324706329	-0.179790982395834	-0.019084808710006
1.000000000000000	0.324545355494453	-0.159113309805917	-0.014193365583190
1.000000000000000	0.336496049561057	-0.137623752174277	-0.009213705414948
1.000000000000000	0.347030285679059	-0.115408840364893	-0.004165879539239
1.000000000000000	0.356105646197605	-0.092558025987005	0.000929786230736
1.000000000000000	0.363685587842978	-0.069163321205060	0.006052773447404
1.000000000000000	0.369739588865466	-0.045318928238201	0.011182453649369
1.000000000000000	0.374243271939672	-0.021120860041175	0.016298171424948
1.000000000000000	0.377178502323405	0.003333446305946	0.021379327584219
1.000000000000000	0.378533460879879	0.027945521942497	0.026405462104690
1.000000000000000	0.378302691669213	0.052616262726569	0.031356336516591
1.000000000000000	0.376487123917569	0.077246328292408	0.036212015396045
1.000000000000000	0.373094068275489	0.101736542059009	0.040952946637986
1.000000000000000	0.368137187380487	0.125988290579202	0.045560040185585
1.000000000000000	0.361636440842426	0.149903920621199	0.050014744899171
1.000000000000000	0.353618004873217	0.173387132383695	0.054299123255123
1.000000000000000	0.344114166884451	0.196343367261175	0.058395923573945
1.000000000000000	0.333163195477389	0.218680188598047	0.062288649486694
1.000000000000000	0.320809186348809	0.240307653898431	0.065961626360033
1.000000000000000	0.307101884733202	0.261138676992839	0.069400064412447
1.000000000000000	0.292096485096267	0.281089378703451	0.072590118267474
1.000000000000000	0.275853408886280	0.300079424595954	0.075518942704150
1.000000000000000	0.258438061238246	0.318032348457957	0.078174744380179
1.000000000000000	0.239920567610505	0.334875860201441	0.080546829319559
1.000000000000000	0.220375491414263	0.350542136949427	0.082625645973453
1.000000000000000	0.199881533773047	0.364968096134765	0.084402823680900
1.000000000000000	0.178521216621066	0.378095649511370	0.085871206374517
1.000000000000000	0.156380550416499	0.389871937055081	0.087024881395453
1.000000000000000	0.133548687807741	0.400249539812327	0.087859203301581
1.000000000000000	0.110117564647155	0.409186670839514	0.088370812573054
1.000000000000000	0.086181529797840	0.416647343464302	0.088557649139904
1.000000000000000	0.061836965224058	0.422601516191228	0.088418960677221
1.000000000000000	0.037181897895088	0.427025213668209	0.087955305634493
1.000000000000000	0.012315605065209	0.429900623226822	0.087168550986935
1.000000000000000	-0.012661785480755	0.431216166607631	0.086061864717830
1.000000000000000	-0.037649698606691	0.430966546581755	0.084639703062188
1.000000000000000	-0.062547516805767	0.429152768280937	0.082907792563052
1.000000000000000	-0.087254985351627	0.425782135150232	0.080873107012735
1.000000000000000	-0.111672615988783	0.420868219539614	0.078543839371819
1.000000000000000	-0.135702087536710	0.414430808052911	0.075929368778994
1.000000000000000	-0.159246641794537	0.406495821874135	0.073040222784574
1.000000000000000	-0.182211473152170	0.397095212392024	0.069888034959775
1.000000000000000	-0.204504110339028	0.386266832543076	0.066485498052421
1.000000000000000	-0.226034788773206	0.374054284391135	0.062846312877734
1.000000000000000	-0.246716812011768	0.360506743557264	0.058985133149985
1.000000000000000	-0.266466900846724	0.345678761206882	0.054917506477158
1.000000000000000	-0.285205528641006	0.329630044391469	0.050659811756221
1.000000000000000	-0.302857241554169	0.312425215629348	0.046229193221088
1.000000000000000	-0.319350962368374	0.294133552693605	0.041643491408842
1.000000000000000	-0.334620276691256	0.274828709654955	0.036921171322185
1.000000000000000	-0.348603700383249	0.254588420302790	0.032081248077393
1.000000000000000	-0.361244927132506	0.233494185138648	0.027143210337152
1.000000000000000	-0.372493055180550	0.211630943202454	0.022126941836591
1.000000000000000	-0.382302792285688	0.189086730052993	0.017052641318503
1.000000000000000	-0.390634638098885	0.165952323279776	0.011940741200131
1.000000000000000	-0.397455043217722	0.142320876973735	0.006811825299038
1.000000000000000	-0.402736544278006	0.118287546628573	0.001686545949339
1.000000000000000	-0.406457874539040	0.093949105983175	-0.003414459157961
1.000000000000000	-0.408604049517283	0.069403557347920	-0.008470650075661
1.000000000000000	-0.409166427323577	0.044749736983963	-0.013461667307488
1.000000000000000	-0.408142743460984	0.020086917124497	-0.018367413788598
1.000000000000000	-0.405537119943116	-0.004485593759492	-0.023168135809363
1.000000000000000	-0.401360048696240	-0.028868850839389	-0.027844502556591
1.000000000000000	-0.395628349311996	-0.052964671344851	-0.032377683951885
1.000000000000000	-0.388365101320837	-0.076676029911173	-0.036749426473726
1.000000000000000	-0.379599551258905	-0.099907449266185	-0.040942126657955
1.000000000000000	-0.369366994902554	-0.122565384683528	-0.044938901980720
1.000000000000000	-0.357708635144713	-0.144558600654254	-0.048723658838432
1.000000000000000	-0.344671416085382	-0.165798538260018	-0.052281157351031
1.000000000000000	-0.330307834004308	-0.186199671768585	-0.055597072727605
1.000000000000000	-0.314675725976994	-0.205679853015768	-0.058658052947263
1.000000000000000	-0.297838036985211	-0.224160642187094	-0.061451772523015
1.000000000000000	-0.279862566459772	-0.241567623667250	-0.063966982132155
1.000000000000000	-0.260821695276152	-0.257830705685500	-0.066193553913314
1.000000000000000	-0.240792094302251	-0.272884402550510	-0.068122522247785
1.000000000000000	-0.219854415671867	-0.286668098338114	-0.069746119860903
1.000000000000000	-0.198092968027023	-0.299126290970244	-0.071057809098116
1.000000000000000	-0.175595377036817	-0.310208815702212	-0.072052308249821
1.000000000000000	-0.152452232559781	-0.319871047118431	-0.072725612818935
1.000000000000000	-0.128756723870496	-0.328074078823211	-0.073075011645598
1.000000000000000	-0.104604264419272	-0.334784880103087	-0.073099097824051
1.000000000000000	-0.080092107635859	-0.339976428929841	-0.072797774367756
1.000000000000000	-0.055318955324211	-0.343627820768670	-0.072172254599922
1.000000000000000	-0.030384560225156	-0.345724352753378	-0.071225057267879
1.000000000000000	-0.005389324347319	-0.346257582889618	-0.069959996400976
1.000000000000000	0.019566105316332	-0.345225364047834	-0.068382165952830
1.000000000000000	0.044381242058405	-0.342631852608984	-0.066497919289769
1.000000000000000	0.068956164081588	-0.338487491728270	-0.064314843608073
1.000000000000000	0.093191916848459	-0.332808969284233	-0.061841729383008
1.000000000000000	0.116990911536484	-0.325619150682554	-0.059088534972689


2.000000000000000	nan	nan	nan
2.000000000000000	nan	nan	nan
2.000000000000000	nan	nan	nan
2.000000000000000	nan	nan	nan
2.000000000000000	nan	nan	nan
2.000000000000000	nan	nan	nan
2.000000000000000	nan	nan	nan
2.000000000000000	nan	nan	nan
2.000000000000000	nan	nan	nan
2.000000000000000	nan	nan	nan
2.000000000000000	nan	nan	nan
2.000000000000000	nan	nan	nan
2.000000000000000	nan	nan	nan
2.000000000000000	nan	nan	nan
2.000000000000000	nan	nan	nan
2.000000000000000	nan	nan	nan
2.000000000000000	nan	nan	nan
2.000000000000000	nan	nan	nan
2.000000000000000	nan	nan	nan
2.000000000000000	nan	nan	nan
2.000000000000000	nan	nan	nan
2.000000000000000	nan	nan	nan
2.000000000000000	nan	nan	nan
2.000000000000000	nan	nan	nan
2.000000000000000	nan	nan	nan
2.000000000000000	nan	nan	nan
2.000000000000000	nan	nan	nan
2.000000000000000	nan	nan	nan
2.000000000000000	nan	nan	nan
2.000000000000000	nan	nan	nan
2.000000000000000	nan	nan	nan
2.000000000000000	nan	nan	nan
2.000000000000000	nan	nan	nan
2.000000000000000	nan	nan	nan
2.000000000000000	nan	nan	nan
2.000000000000000	nan	nan	nan
2.000000000000000	nan	nan	nan
2.000000000000000	nan	nan	nan
2.000000000000000	nan	nan	nan
2.000000000000000	nan	nan	nan
2.000000000000000	nan	nan	nan
2.000000000000000	nan	nan	nan
2.000000000000000	nan	nan	nan
2.000000000000000	nan	nan	nan
2.000000000000000	nan	nan	nan
2.000000000000000	nan	nan	nan
2.000000000000000	nan	nan	nan
2.000000000000000	nan	nan	nan
2.000000000000000	nan	nan	nan
2.000000000000000	nan	nan	nan
2.000000000000000	nan	nan	nan
2.000000000000000	nan	nan	nan
2.000000000000000	nan	nan	nan
2.000000000000000	nan	nan	nan
2.000000000000000	nan	nan	nan
2.000000000000000	nan	nan	nan
2.000000000000000	nan	nan	nan
2.000000000000000	nan	nan	nan
2.000000000000000	nan	nan	nan
2.000000000000000	nan	nan	nan
2.000000000000000	nan	nan	nan
2.000000000000000	nan	nan	nan
2.000000000000000	nan	nan	nan
2.000000000000000	nan	nan	nan
2.000000000000000	nan	nan	nan
2.000000000000000	nan	nan	nan
2.000000000000000	nan	nan	nan
2.000000000000000	nan	nan	nan
2.000000000000000	nan	nan	nan
2.000000000000000	nan	nan	nan
2.000000000000000	nan	nan	nan
2.000000000000000	nan	nan	nan
2.000000000000000	nan	nan	nan
2.000000000000000	nan	nan	nan
2.000000000000000	nan	nan	nan
2.000000000000000	nan	nan	nan
2.000000000000000	nan	nan	nan
2.000000000000000	nan	nan	nan
2.000000000000000	nan	nan	nan
2.000000000000000	nan	nan	nan
2.000000000000000	nan	nan	nan
2.000000000000000	nan	nan	nan
2.000000000000000	nan	nan	nan
2.000000000000000	nan	nan	nan
2.000000000000000	nan	nan	nan
2.000000000000000	nan	nan	nan
2.000000000000000	nan	nan	nan
2.000000000000000	nan	nan	nan
2.000000000000000	nan	nan	nan
2.000000000000000	nan	nan	nan
2.000000000000000	nan	nan	nan
2.000000000000000	nan	nan	nan
2.000000000000000	nan	nan	nan
2.000000000000000	nan	nan	nan
2.000000000000000	nan	nan	nan
2.000000000000000	nan	nan	nan
2.000000000000000	nan	nan	nan
2.000000000000000	nan	nan	nan
2.000000000000000	nan	nan	nan
2.000000000000000	nan	nan	nan


3.000000000000000	nan	nan	nan
3.000000000000000	nan	nan	nan
3.000000000000000	nan	nan	nan
3.000000000000000	nan	nan	nan
3.000000000000000	nan	nan	nan
3.000000000000000	nan	nan	nan
3.000000000000000	nan	nan	nan
3.000000000000000	nan	nan	nan
3.000000000000000	nan	nan	nan
3.000000000000000	nan	nan	nan
3.000000000000000	nan	nan	nan
3.000000000000000	nan	nan	nan
3.000000000000000	nan	nan	nan
3.000000000000000	nan	nan	nan
3.000000000000000	nan	nan	nan
3.000000000000000	nan	nan	nan
3.000000000000000	nan	nan	nan
3.000000000000000	nan	nan	nan
3.000000000000000	nan	nan	nan
3.000000000000000	nan	nan	nan
3.000000000000000	nan	nan	nan
3.000000000000000	nan	nan	nan
3.000000000000000	nan	nan	nan
3.000000000000000	nan	nan	nan
3.000000000000000	nan	nan	nan
3.000000000000000	nan	nan	nan
3.000000000000000	nan	nan	nan
3.000000000000000	nan	nan	nan
3.000000000000000	nan	nan	nan
3.000000000000000	nan	nan	nan
3.000000000000000	nan	nan	nan
3.000000000000000	nan	nan	nan
3.000000000000000	nan	nan	nan
3.000000000000000	nan	nan	nan
3.000000000000000	nan	nan	nan
3.000000000000000	nan	nan	nan
3.000000000000000	nan	nan	nan
3.000000000000000	nan	nan	nan
3.000000000000000	nan	nan	nan
3.000000000000000	nan	nan	nan
3.000000000000000	nan	nan	nan
3.000000000000000	nan	nan	nan
3.000000000000000	nan	nan	nan
3.000000000000000	nan	nan	nan
3.000000000000000	nan	nan	nan
3.000000000000000	nan	nan	nan
3.000000000000000	nan	nan	nan
3.000000000000000	nan	nan	nan
3.000000000000000	nan	nan	nan
3.000000000000000	nan	nan	nan
3.000000000000000	nan	nan	nan
3.000000000000000	nan	nan	nan
3.000000000000000	nan	nan	nan
3.000000000000000	nan	nan	nan
3.000000000000000	nan	nan	nan
3.000000000000000	nan	nan	nan
3.000000000000000	nan	nan	nan
3.000000000000000	nan	nan	nan
3.000000000000000	nan	nan	nan
3.000000000000000	nan	nan	nan
3.000000000000000	nan	nan	nan
3.000000000000000	nan	nan	nan
3.000000000000000	nan	nan	nan
3.000000000000000	nan	nan	nan
3.000000000000000	nan	nan	nan
3.000000000000000	nan	nan	nan
3.000000000000000	nan	nan	nan
3.000000000000000	nan	nan	nan
3.000000000000000	nan	nan	nan
3.000000000000000	nan	nan	nan
3.000000000000000	nan	nan	nan
3.000000000000000	nan	nan	nan
3.000000000000000	nan	nan	nan
3.000000000000000	nan	nan	nan
3.000000000000000	nan	nan	nan
3.000000000000000	nan	nan	nan
3.000000000000000	nan	nan	nan
3.000000000000000	nan	nan	nan
3.000000000000000	nan	nan	nan
3.000000000000000	nan	nan	nan
3.000000000000000	nan	nan	nan
3.000000000000000	nan	nan	nan
3.000000000000000	nan	nan	nan
3.000000000000000	nan	nan	nan
3.000000000000000	nan	nan	nan
3.000000000000000	nan	nan	nan
3.000000000000000	nan	nan	nan
3.000000000000000	nan	nan	nan
3.000000000000000	nan	nan	nan
3.000000000000000	nan	nan	nan
3.000000000000000	nan	nan	nan
3.000000000000000	nan	nan	nan
3.000000000000000	nan	nan	nan
3.000000000000000	nan	nan	nan
3.000000000000000	nan	nan	nan
3.000000000000000	nan	nan	nan
3.000000000000000	nan	nan	nan
3.000000000000000	nan	nan	nan
3.000000000000000	nan	nan	nan
3.000000000000000	nan	nan	nan


4.000000000000000	nan	nan	nan
4.000000000000000	nan	nan	nan
4.000000000000000	nan	nan	nan
4.000000000000000	nan	nan	nan
4.000000000000000	nan	nan	nan
4.000000000000000	nan	nan	nan
4.000000000000000	nan	nan	nan
4.000000000000000	nan	nan	nan
4.000000000000000	nan	nan	nan
4.000000000000000	nan	nan	nan
4.000000000000000	nan	nan	nan
4.000000000000000	nan	nan	nan
4.000000000000000	nan	nan	nan
4.000000000000000	nan	nan	nan
4.000000000000000	nan	nan	nan
4.000000000000000	nan	nan	nan
4.000000000000000	nan	nan	nan
4.000000000000000	nan	nan	nan
4.000000000000000	nan	nan	nan
4.000000000000000	nan	nan	nan
4.000000000000000	nan	nan	nan
4.000000000000000	nan	nan	nan
4.000000000000000	nan	nan	nan
4.000000000000000	nan	nan	nan
4.000000000000000	nan	nan	nan
4.000000000000000	nan	nan	nan
4.000000000000000	nan	nan	nan
4.000000000000000	nan	nan	nan
4.000000000000000	nan	nan	nan
4.000000000000000	nan	nan	nan
4.000000000000000	nan	nan	nan
4.000000000000000	nan	nan	nan
4.000000000000000	nan	nan	nan
4.000000000000000	nan	nan	nan
4.000000000000000	nan	nan	nan
4.000000000000000	nan	nan	nan
4.000000000000000	nan	nan	nan
4.000000000000000	nan	nan	nan
4.000000000000000	nan	nan	nan
4.000000000000000	nan	nan	nan
4.000000000000000	nan	nan	nan
4.000000000000000	nan	nan	nan
4.000000000000000	nan	nan	nan
4.000000000000000	nan	nan	nan
4.000000000000000	nan	nan	nan
4.000000000000000	nan	nan	nan
4.000000000000000	nan	nan	nan
4.000000000000000	nan	nan	nan
4.000000000000000	nan	nan	nan
4.000000000000000	nan	nan	nan
4.000000000000000	nan	nan	nan
4.000000000000000	nan	nan	nan
4.000000000000000	nan	nan	nan
4.000000000000000	nan	nan	nan
4.000000000000000	nan	nan	nan
4.000000000000000	nan	nan	nan
4.000000000000000	nan	nan	nan
4.000000000000000	nan	nan	nan
4.000000000000000	nan	nan	nan
4.000000000000000	nan	nan	nan
4.000000000000000	nan	nan	nan
4.000000000000000	nan	nan	nan
4.000000000000000	nan	nan	nan
4.000000000000000	nan	nan	nan
4.000000000000000	nan	nan	nan
4.000000000000000	nan	nan	nan
4.000000000000000	nan	nan	nan
4.000000000000000	nan	nan	nan
4.000000000000000	nan	nan	nan
4.000000000000000	nan	nan	nan
4.000000000000000	nan	nan	nan
4.000000000000000	nan	nan	nan
4.000000000000000	nan	nan	nan
4.000000000000000	nan	nan	nan
4.000000000000000	nan	nan	nan
4.000000000000000	nan	nan	nan
4.000000000000000	nan	nan	nan
4.000000000000000	nan	nan	nan
4.000000000000000	nan	nan	nan
4.000000000000000	nan	nan	nan
4.000000000000000	nan	nan	nan
4.000000000000000	nan	nan	nan
4.000000000000000	nan	nan	nan
4.000000000000000	nan	nan	nan
4.000000000000000	nan	nan	nan
4.000000000000000	nan	nan	nan
4.000000000000000	nan	nan	nan
4.000000000000000	nan	nan	nan
4.000000000000000	nan	nan	nan
4.000000000000000	nan	nan	nan
4.000000000000000	nan	nan	nan
4.000000000000000	nan	nan	nan
4.000000000000000	nan	nan	nan
4.000000000000000	nan	nan	nan
4.000000000000000	nan	nan	nan
4.000000000000000	nan	nan	nan
4.000000000000000	nan	nan	nan
4.000000000000000	nan	nan	nan
4.000000000000000	nan	nan	nan
4.000000000000000	nan	nan	nan


5.000000000000000	nan	nan	nan
5.000000000000000	nan	nan	nan
5.000000000000000	nan	nan	nan
5.000000000000000	nan	nan	nan
5.000000000000000	nan	nan	nan
5.000000000000000	nan	nan	nan
5.000000000000000	nan	nan	nan
5.000000000000000	nan	nan	nan
5.000000000000000	nan	nan	nan
5.000000000000000	nan	nan	nan
5.000000000000000	nan	nan	nan
5.000000000000000	nan	nan	nan
5.000000000000000	nan	nan	nan
5.000000000000000	nan	nan	nan
5.000000000000000	nan	nan	nan
5.000000000000000	nan	nan	nan
5.000000000000000	nan	nan	nan
5.000000000000000	nan	nan	nan
5.000000000000000	nan	nan	nan
5.000000000000000	nan	nan	nan
5.000000000000000	nan	nan	nan
5.000000000000000	nan	nan	nan
5.000000000000000	nan	nan	nan
5.000000000000000	nan	nan	nan
5.000000000000000	nan	nan	nan
5.000000000000000	nan	nan	nan
5.000000000000000	nan	nan	nan
5.000000000000000	nan	nan	nan
5.000000000000000	nan	nan	nan
5.000000000000000	nan	nan	nan
5.000000000000000	nan	nan	nan
5.000000000000000	nan	nan	nan
5.000000000000000	nan	nan	nan
5.000000000000000	nan	nan	nan
5.000000000000000	nan	nan	nan
5.000000000000000	nan	nan	nan
5.000000000000000	nan	nan	nan
5.000000000000000	nan	nan	nan
5.000000000000000	nan	nan	nan
5.000000000000000	nan	nan	nan
5.000000000000000	nan	nan	nan
5.000000000000000	nan	nan	nan
5.000000000000000	nan	nan	nan
5.000000000000000	nan	nan	nan
5.000000000000000	nan	nan	nan
5.000000000000000	nan	nan	nan
5.000000000000000	nan	nan	nan
5.000000000000000	nan	nan	nan
5.000000000000000	nan	nan	nan
5.000000000000000	nan	nan	nan
5.000000000000000	nan	nan	nan
5.000000000000000	nan	nan	nan
5.000000000000000	nan	nan	nan
5.000000000000000	nan	nan	nan
5.000000000000000	nan	nan	nan
5.000000000000000	nan	nan	nan
5.000000000000000	nan	nan	nan
5.000000000000000	nan	nan	nan
5.000000000000000	nan	nan	nan
5.000000000000000	nan	nan	nan
5.000000000000000	nan	nan	nan
5.000000000000000	nan	nan	nan
5.000000000000000	nan	nan	nan
5.000000000000000	nan	nan	nan
5.000000000000000	nan	nan	nan
5.000000000000000	nan	nan	nan
5.000000000000000	nan	nan	nan
5.000000000000000	nan	nan	nan
5.000000000000000	nan	nan	nan
5.000000000000000	nan	nan	nan
5.000000000000000	nan	nan	nan
5.000000000000000	nan	nan	nan
5.000000000000000	nan	nan	nan
5.000000000000000	nan	nan	nan
5.000000000000000	nan	nan	nan
5.000000000000000	nan	nan	nan
5.000000000000000	nan	nan	nan
5.000000000000000	nan	nan	nan
5.000000000000000	nan	nan	nan
5.000000000000000	nan	nan	nan
5.000000000000000	nan	nan	nan
5.000000000000000	nan	nan	nan
5.000000000000000	nan	nan	nan
5.000000000000000	nan	nan	nan
5.000000000000000	nan	nan	nan
5.000000000000000	nan	nan	nan
5.000000000000000	nan	nan	nan
5.000000000000000	nan	nan	nan
5.000000000000000	nan	nan	nan
5.000000000000000	nan	nan	nan
5.000000000000000	nan	nan	nan
5.000000000000000	nan	nan	nan
5.000000000000000	nan	nan	nan
5.000000000000000	nan	nan	nan
5.000000000000000	nan	nan	nan
5.000000000000000	nan	nan	nan
5.000000000000000	nan	nan	nan
5.000000000000000	nan	nan	nan
5.000000000000000	nan	nan	nan
5.000000000000000	nan	nan	nan


6.000000000000000	nan	nan	nan
6.000000000000000	nan	nan	nan
6.000000000000000	nan	nan	nan
6.000000000000000	nan	nan	nan
6.000000000000000	nan	nan	nan
6.000000000000000	nan	nan	nan
6.000000000000000	nan	nan	nan
6.000000000000000	nan	nan	nan
6.000000000000000	nan	nan	nan
6.000000000000000	nan	nan	nan
6.000000000000000	nan	nan	nan
6.000000000000000	nan	nan	nan
6.000000000000000	nan	nan	nan
6.000000000000000	nan	nan	nan
6.000000000000000	nan	nan	nan
6.000000000000000	nan	nan	nan
6.000000000000000	nan	nan	nan
6.000000000000000	nan	nan	nan
6.000000000000000	nan	nan	nan
6.000000000000000	nan	nan	nan
6.000000000000000	nan	nan	nan
6.000000000000000	nan	nan	nan
6.000000000000000	nan	nan	nan
6.000000000000000	nan	nan	nan
6.000000000000000	nan	nan	nan
6.000000000000000	nan	nan	nan
6.000000000000000	nan	nan	nan
6.000000000000000	nan	nan	nan
6.000000000000000	nan	nan	nan
6.000000000000000	nan	nan	nan
6.000000000000000	nan	nan	nan
6.000000000000000	nan	nan	nan
6.000000000000000	nan	nan	nan
6.000000000000000	nan	nan	nan
6.000000000000000	nan	nan	nan
6.000000000000000	nan	nan	nan
6.000000000000000	nan	nan	nan
6.000000000000000	nan	nan	nan
6.000000000000000	nan	nan	nan
6.000000000000000	nan	nan	nan
6.000000000000000	nan	nan	nan
6.000000000000000	nan	nan	nan
6.000000000000000	nan	nan	nan
6.000000000000000	nan	nan	nan
6.000000000000000	nan	nan	nan
6.000000000000000	nan	nan	nan
6.000000000000000	nan	nan	nan
6.000000000000000	nan	nan	nan
6.000000000000000	nan	nan	nan
6.000000000000000	nan	nan	nan
6.000000000000000	nan	nan	nan
6.000000000000000	nan	nan	nan
6.000000000000000	nan	nan	nan
6.000000000000000	nan	nan	nan
6.000000000000000	nan	nan	nan
6.000000000000000	nan	nan	nan
6.000000000000000	nan	nan	nan
6.000000000000000	nan	nan	nan
6.000000000000000	nan	nan	nan
6.000000000000000	nan	nan	nan
6.000000000000000	nan	nan	nan
6.000000000000000	nan	nan	nan
6.000000000000000	nan	nan	nan
6.000000000000000	nan	nan	nan
6.000000000000000	nan	nan	nan
6.000000000000000	nan	nan	nan
6.000000000000000	nan	nan	nan
6.000000000000000	nan	nan	nan
6.000000000000000	nan	nan	nan
6.000000000000000	nan	nan	nan
6.000000000000000	nan	nan	nan
6.000000000000000	nan	nan	nan
6.000000000000000	nan	nan	nan
6.000000000000000	nan	nan	nan
6.000000000000000	nan	nan	nan
6.000000000000000	nan	nan	nan
6.000000000000000	nan	nan	nan
6.000000000000000	nan	nan	nan
6.000000000000000	nan	nan	nan
6.000000000000000	nan	nan	nan
6.000000000000000	nan	nan	nan
6.000000000000000	nan	nan	nan
6.000000000000000	nan	nan	nan
6.000000000000000	nan	nan	nan
6.000000000000000	nan	nan	nan
6.000000000000000	nan	nan	nan
6.000000000000000	nan	nan	nan
6.000000000000000	nan	nan	nan
6.000000000000000	nan	nan	nan
6.000000000000000	nan	nan	nan
6.000000000000000	nan	nan	nan
6.000000000000000	nan	nan	nan
6.000000000000000	nan	nan	nan
6.000000000000000	nan	nan	nan
6.000000000000000	nan	nan	nan
6.000000000000000	nan	nan	nan
6.000000000000000	nan	nan	nan
6.000000000000000	nan	nan	nan
6.000000000000000	nan	nan	nan
6.000000000000000	nan	nan	nan


7.000000000000000	nan	nan	nan
7.000000000000000	nan	nan	nan
7.000000000000000	nan	nan	nan
7.000000000000000	nan	nan	nan
7.000000000000000	nan	nan	nan
7.000000000000000	nan	nan	nan
7.000000000000000	nan	nan	nan
7.000000000000000	nan	nan	nan
7.000000000000000	nan	nan	nan
7.000000000000000	nan	nan	nan
7.000000000000000	nan	nan	nan
7.000000000000000	nan	nan	nan
7.000000000000000	nan	nan	nan
7.000000000000000	nan	nan	nan
7.000000000000000	nan	nan	nan
7.000000000000000	nan	nan	nan
7.000000000000000	nan	nan	nan
7.000000000000000	nan	nan	nan
7.000000000000000	nan	nan	nan
7.000000000000000	nan	nan	nan
7.000000000000000	nan	nan	nan
7.000000000000000	nan	nan	nan
7.000000000000000	nan	nan	nan
7.000000000000000	nan	nan	nan
7.000000000000000	nan	nan	nan
7.000000000000000	nan	nan	nan
7.000000000000000	nan	nan	nan
7.000000000000000	nan	nan	nan
7.000000000000000	nan	nan	nan
7.000000000000000	nan	nan	nan
7.000000000000000	nan	nan	nan
7.000000000000000	nan	nan	nan
7.000000000000000	nan	nan	nan
7.000000000000000	nan	nan	nan
7.000000000000000	nan	nan	nan
7.000000000000000	nan	nan	nan
7.000000000000000	nan	nan	nan
7.000000000000000	nan	nan	nan
7.000000000000000	nan	nan	nan
7.000000000000000	nan	nan	nan
7.000000000000000	nan	nan	nan
7.000000000000000	nan	nan	nan
7.000000000000000	nan	nan	nan
7.000000000000000	nan	nan	nan
7.000000000000000	nan	nan	nan
7.000000000000000	nan	nan	nan
7.000000000000000	nan	nan	nan
7.000000000000000	nan	nan	nan
7.000000000000000	nan	nan	nan
7.000000000000000	nan	nan	nan
7.000000000000000	nan	nan	nan
7.000000000000000	nan	nan	nan
7.000000000000000	nan	nan	nan
7.000000000000000	nan	nan	nan
7.000000000000000	nan	nan	nan
7.000000000000000	nan	nan	nan
7.000000000000000	nan	nan	nan
7.000000000000000	nan	nan	nan
7.000000000000000	nan	nan	nan
7.000000000000000	nan	nan	nan
7.000000000000000	nan	nan	nan
7.000000000000000	nan	nan	nan
7.000000000000000	nan	nan	nan
7.000000000000000	nan	nan	nan
7.000000000000000	nan	nan	nan
7.000000000000000	nan	nan	nan
7.000000000000000	nan	nan	nan
7.000000000000000	nan	nan	nan
7.000000000000000	nan	nan	nan
7.000000000000000	nan	nan	nan
7.000000000000000	nan	nan	nan
7.000000000000000	nan	nan	nan
7.000000000000000	nan	nan	nan
7.000000000000000	nan	nan	nan
7.000000000000000	nan	nan	nan
7.000000000000000	nan	nan	nan
7.000000000000000	nan	nan	nan
7.000000000000000	nan	nan	nan
7.000000000000000	nan	nan	nan
7.000000000000000	nan	nan	nan
7.000000000000000	nan	nan	nan
7.000000000000000	nan	nan	nan
7.000000000000000	nan	nan	nan
7.000000000000000	nan	nan	nan
7.000000000000000	nan	nan	nan
7.000000000000000	nan	nan	nan
7.000000000000000	nan	nan	nan
7.000000000000000	nan	nan	nan
7.000000000000000	nan	nan	nan
7.000000000000000	nan	nan	nan
7.000000000000000	nan	nan	nan
7.000000000000000	nan	nan	nan
7.000000000000000	nan	nan	nan
7.000000000000000	nan	nan	nan
7.000000000000000	nan	nan	nan
7.000000000000000	nan	nan	nan
7.000000000000000	nan	nan	nan
7.000000000000000	nan	nan	nan
7.000000000000000	nan	nan	nan
7.000000000000000	nan	nan	nan


8.000000000000000	nan	nan	nan
8.000000000000000	nan	nan	nan
8.000000000000000	nan	nan	nan
8.000000000000000	nan	nan	nan
8.000000000000000	nan	nan	nan
8.000000000000000	nan	nan	nan
8.000000000000000	nan	nan	nan
8.000000000000000	nan	nan	nan
8.000000000000000	nan	nan	nan
8.000000000000000	nan	nan	nan
8.000000000000000	nan	nan	nan
8.000000000000000	nan	nan	nan
8.000000000000000	nan	nan	nan
8.000000000000000	nan	nan	nan
8.000000000000000	nan	nan	nan
8.000000000000000	nan	nan	nan
8.000000000000000	nan	nan	nan
8.000000000000000	nan	nan	nan
8.000000000000000	nan	nan	nan
8.000000000000000	nan	nan	nan
8.000000000000000	nan	nan	nan
8.000000000000000	nan	nan	nan
8.000000000000000	nan	nan	nan
8.000000000000000	nan	nan	nan
8.000000000000000	nan	nan	nan
8.000000000000000	nan	nan	nan
8.000000000000000	nan	nan	nan
8.000000000000000	nan	nan	nan
8.000000000000000	nan	nan	nan
8.000000000000000	nan	nan	nan
8.000000000000000	nan	nan	nan
8.000000000000000	nan	nan	nan
8.000000000000000	nan	nan	nan
8.000000000000000	nan	nan	nan
8.000000000000000	nan	nan	nan
8.000000000000000	nan	nan	nan
8.000000000000000	nan	nan	nan
8.000000000000000	nan	nan	nan
8.000000000000000	nan	nan	nan
8.000000000000000	nan	nan	nan
8.000000000000000	nan	nan	nan
8.000000000000000	nan	nan	nan
8.000000000000000	nan	nan	nan
8.000000000000000	nan	nan	nan
8.000000000000000	nan	nan	nan
8.000000000000000	nan	nan	nan
8.000000000000000	nan	nan	nan
8.000000000000000	nan	nan	nan
8.000000000000000	nan	nan	nan
8.000000000000000	nan	nan	nan
8.000000000000000	nan	nan	nan
8.000000000000000	nan	nan	nan
8.000000000000000	nan	nan	nan
8.000000000000000	nan	nan	nan
8.000000000000000	nan	nan	nan
8.000000000000000	nan	nan	nan
8.000000000000000	nan	nan	nan
8.000000000000000	nan	nan	nan
8.000000000000000	nan	nan	nan
8.000000000000000	nan	nan	nan
8.000000000000000	nan	nan	nan
8.000000000000000	nan	nan	nan
8.000000000000000	nan	nan	nan
8.000000000000000	nan	nan	nan
8.000000000000000	nan	nan	nan
8.000000000000000	nan	nan	nan
8.000000000000000	nan	nan	nan
8.000000000000000	nan	nan	nan
8.000000000000000	nan	nan	nan
8.000000000000000	nan	nan	nan
8.000000000000000	nan	nan	nan
8.000000000000000	nan	nan	nan
8.000000000000000	nan	nan	nan
8.000000000000000	nan	nan	nan
8.000000000000000	nan	nan	nan
8.000000000000000	nan	nan	nan
8.000000000000000	nan	nan	nan
8.000000000000000	nan	nan	nan
8.000000000000000	nan	nan	nan
8.000000000000000	nan	nan	nan
8.000000000000000	nan	nan	nan
8.000000000000000	nan	nan	nan
8.000000000000000	nan	nan	nan
8.000000000000000	nan	nan	nan
8.000000000000000	nan	nan	nan
8.000000000000000	nan	nan	nan
8.000000000000000	nan	nan	nan
8.000000000000000	nan	nan	nan
8.000000000000000	nan	nan	nan
8.000000000000000	nan	nan	nan
8.000000000000000	nan	nan	nan
8.000000000000000	nan	nan	nan
8.000000000000000	nan	nan	nan
8.000000000000000	nan	nan	nan
8.000000000000000	nan	nan	nan
8.000000000000000	nan	nan	nan
8.000000000000000	nan	nan	nan
8.000000000000000	nan	nan	nan
8.000000000000000	nan	nan	nan
8.000000000000000	nan	nan	nan


9.000000000000000	nan	nan	nan
9.000000000000000	nan	nan	nan
9.000000000000000	nan	nan	nan
9.000000000000000	nan	nan	nan
9.000000000000000	nan	nan	nan
9.000000000000000	nan	nan	nan
9.000000000000000	nan	nan	nan
9.000000000000000	nan	nan	nan
9.000000000000000	nan	nan	nan
9.000000000000000	nan	nan	nan
9.000000000000000	nan	nan	nan
9.000000000000000	nan	nan	nan
9.000000000000000	nan	nan	nan
9.000000000000000	nan	nan	nan
9.000000000000000	nan	nan	nan
9.000000000000000	nan	nan	nan
9.000000000000000	nan	nan	nan
9.000000000000000	nan	nan	nan
9.000000000000000	nan	nan	nan
9.000000000000000	nan	nan	nan
9.000000000000000	nan	nan	nan
9.000000000000000	nan	nan	nan
9.000000000000000	nan	nan	nan
9.000000000000000	nan	nan	nan
9.000000000000000	nan	nan	nan
9.000000000000000	nan	nan	nan
9.000000000000000	nan	nan	nan
9.000000000000000	nan	nan	nan
9.000000000000000	nan	nan	nan
9.000000000000000	nan	nan	nan
9.000000000000000	nan	nan	nan
9.000000000000000	nan	nan	nan
9.000000000000000	nan	nan	nan
9.000000000000000	nan	nan	nan
9.000000000000000	nan	nan	nan
9.000000000000000	nan	nan	nan
9.000000000000000	nan	nan	nan
9.000000000000000	nan	nan	nan
9.000000000000000	nan	nan	nan
9.000000000000000	nan	nan	nan
9.000000000000000	nan	nan	nan
9.000000000000000	nan	nan	nan
9.000000000000000	nan	nan	nan
9.000000000000000	nan	nan	nan
9.000000000000000	nan	nan	nan
9.000000000000000	nan	nan	nan
9.000000000000000	nan	nan	nan
9.000000000000000	nan	nan	nan
9.000000000000000	nan	nan	nan
9.000000000000000	nan	nan	nan
9.000000000000000	nan	nan	nan
9.000000000000000	nan	nan	nan
9.000000000000000	nan	nan	nan
9.000000000000000	nan	nan	nan
9.000000000000000	nan	nan	nan
9.000000000000000	nan	nan	nan
9.000000000000000	nan	nan	nan
9.000000000000000	nan	nan	nan
9.000000000000000	nan	nan	nan
9.000000000000000	nan	nan	nan
9.000000000000000	nan	nan	nan
9.000000000000000	nan	nan	nan
9.000000000000000	nan	nan	nan
9.000000000000000	nan	nan	nan
9.000000000000000	nan	nan	nan
9.000000000000000	nan	nan	nan
9.000000000000000	nan	nan	nan
9.000000000000000	nan	nan	nan
9.000000000000000	nan	nan	nan
9.000000000000000	nan	nan	nan
9.000000000000000	nan	nan	nan
9.000000000000000	nan	nan	nan
9.000000000000000	nan	nan	nan
9.000000000000000	nan	nan	nan
9.000000000000000	nan	nan	nan
9.000000000000000	nan	nan	nan
9.000000000000000	nan	nan	nan
9.000000000000000	nan	nan	nan
9.000000000000000	nan	nan	nan
9.000000000000000	nan	nan	nan
9.000000000000000	nan	nan	nan
9.000000000000000	nan	nan	nan
9.000000000000000	nan	nan	nan
9.000000000000000	nan	nan	nan
9.000000000000000	nan	nan	nan
9.000000000000000	nan	nan	nan
9.000000000000000	nan	nan	nan
9.000000000000000	nan	nan	nan
9.000000000000000	nan	nan	nan
9.000000000000000	nan	nan	nan
9.000000000000000	nan	nan	nan
9.000000000000000	nan	nan	nan
9.000000000000000	nan	nan	nan
9.000000000000000	nan	nan	nan
9.000000000000000	nan	nan	nan
9.000000000000000	nan	nan	nan
9.000000000000000	nan	nan	nan
9.000000000000000	nan	nan	nan
9.000000000000000	nan	nan	nan
9.000000000000000	nan	nan	nan


10.000000000000000	-0.972592506472544	-0.032400341014799	0.069046585139952
10.000000000000000	-0.967094204061107	-0.119867031722277	0.063664795346705
10.000000000000000	-0.955721190723710	-0.206785080927223	0.057886045093902
10.000000000000000	-0.938519261571026	-0.292804500322674	0.051733603369235
10.000000000000000	-0.915557682700441	-0.377578920066741	0.045232243884065
10.000000000000000	-0.886928912285920	-0.460766983491718	0.038408145318424
10.000000000000000	-0.852748228281577	-0.542033721626903	0.031288785908712
10.000000000000000	-0.813153264238037	-0.621051902000412	0.023902832802540
10.000000000000000	-0.768303455100708	-0.697503346288857	0.016280026626239
10.000000000000000	-0.718379395221525	-0.771080211509148	0.008451061729860
10.000000000000000	-0.663582111169236	-0.841486229593540	0.000447462591856
10.000000000000000	-0.604132252266360	-0.908437900356572	-0.007698543118865
10.000000000000000	-0.540269202112240	-0.971665633050258	-0.015954154312388
10.000000000000000	-0.472250114669783	-1.030914831910872	-0.024286128556203
10.000000000000000	-0.400348878797206	-1.085946921326239	-0.032660915930748
10.000000000000000	-0.324855015394274	-1.136540306495517	-0.041044794123096
10.000000000000000	-0.246072511603823	-1.182491265713248	-0.049404004214802
10.000000000000000	-0.164318596762822	-1.223614770684769	-0.057704886617160
10.000000000000000	-0.079922465031802	-1.259745231569843	-0.065914016606479
10.000000000000000	0.006776050153845	-1.290737163754507	-0.073998338913654
10.000000000000000	0.095427844473167	-1.316465773666262	-0.081925300826064
10.000000000000000	0.185675948439540	-1.336827461273748	-0.089662983265861
10.000000000000000	0.277156964790795	-1.351740237247499	-0.097180229316826
10.000000000000000	0.369502531761742	-1.361144053102040	-0.104446769682277
10.000000000000000	0.462340806346981	-1.365001042989943	-0.111433344568843
10.000000000000000	0.555297961581448	-1.363295676174230	-0.118111821505323
10.000000000000000	0.647999691809661	-1.356034819565170	-0.124455308622221
10.000000000000000	0.740072719882490	-1.343247710069653	-0.130438262935812
10.000000000000000	0.831146300212488	-1.324985836864486	-0.136036593200721
10.000000000000000	0.920853711635518	-1.301322734067654	-0.141227756916867
10.000000000000000	1.008833734067452	-1.272353684642373	-0.145990851100154
10.000000000000000	1.094732103009956	-1.238195336726234	-0.150306696451411
10.000000000000000	1.178202936048593	-1.198985233930320	-0.154157914584658
10.000000000000000	1.258910125599229	-1.154881261499628	-0.157528998003736
10.000000000000000	1.336528692294639	-1.106061010564913	-0.160406372545521
10.000000000000000	1.410746093561734	-1.052721063045887	-0.162778452038282
10.000000000000000	1.481263482120179	-0.995076200085208	-0.164635684955115
10.000000000000000	1.547796909334922	-0.933358537200621	-0.165970592874561
10.000000000000000	1.610078468577128	-0.867816589637700	-0.166777800593576
10.000000000000000	1.667857373989617	-0.798714271686657	-0.167054057771575
10.000000000000000	1.720900970312997	-0.726329833992650	-0.166798252018405
10.000000000000000	1.768995669706282	-0.650954743138636	-0.166011413373549
10.000000000000000	1.811947811789738	-0.572892508012315	-0.164696710158520
10.000000000000000	1.849584443446886	-0.492457457682961	-0.162859436219150
10.000000000000000	1.881754015245658	-0.409973475709201	-0.160506989609136
10.000000000000000	1.908326991674471	-0.325772695974236	-0.157648842800696
10.000000000000000	1.929196372736010	-0.240194165299918	-0.154296504542264
10.000000000000000	1.944278124798461	-0.153582478224863	-0.150463473516818
10.000000000000000	1.953511518969278	-0.066286389443867	-0.146165183987454
10.000000000000000	1.956859375629002	0.021342590504158	-0.141418943649052
10.000000000000000	1.954308214140473	0.108951610645066	-0.136243863936299
10.000000000000000	1.945868307130587	0.196187900375805	-0.130660783068685
10.000000000000000	1.931573639126059	0.282700189947137	-0.124692182142352
10.000000000000000	1.911481769709731	0.368140124902929	-0.118362094606649
10.000000000000000	1.885673601748443	0.452163668780608	-0.111696009489917
10.000000000000000	1.854253055625740	0.534432488424565	-0.104720768764168
10.000000000000000	1.817346650791176	0.614615316334361	-0.097464459261937
10.000000000000000	1.775102996311131	0.692389284562032	-0.089956299580521
10.000000000000000	1.727692192472563	0.767441224787363	-0.082226522428998
10.000000000000000	1.675305145849183	0.839468929336182	-0.074306252891780
10.000000000000000	1.618152800588059	0.908182368063999	-0.066227383098885
10.000000000000000	1.556465289011996	0.973304856205038	-0.058022443807581
10.000000000000000	1.490491004957887	1.034574168484132	-0.049724473412513
10.000000000000000	1.420495603582405	1.091743595005353	-0.041366884911744
10.000000000000000	1.346760931662449	1.144582934665695	-0.032983331364408
10.000000000000000	1.269583892697647	1.192879422093661	-0.024607570381718
10.000000000000000	1.189275251384755	1.236438584380323	-0.016273328196977
10.000000000000000	1.106158382277908	1.275085024153086	-0.008014163861946
10.000000000000000	1.020567967673416	1.308663125839007	0.000136665883619
10.000000000000000	0.932848649962288	1.337037682273778	0.008146340525118
10.000000000000000	0.843353643876959	1.360094439133258	0.015982607929734
10.000000000000000	0.752443314220232	1.377740554995314	0.023613914214391
10.000000000000000	0.660483724803400	1.389904975179456	0.031009530802101
10.000000000000000	0.567845164436480	1.396538717858958	0.038139678155103
10.000000000000000	0.474900655905866	1.397615071293388	0.044975645686548
10.000000000000000	0.382024453943228	1.393129701387358	0.051489907367899
10.000000000000000	0.289590538233791	1.383100669142397	0.057656232566532
10.000000000000000	0.197971107532142	1.367568357931669	0.063449791667240
10.000000000000000	0.107535080949210	1.346595310890389	0.068847256052323
10.000000000000000	0.018646612445213	1.320265979076685	0.073826892037706
10.000000000000000	-0.068336375489815	1.288686381416998	0.078368648386805
10.000000000000000	-0.153063633063564	1.251983677805280	0.082454237049789
10.000000000000000	-0.235193993513740	1.210305657074986	0.086067206803093
10.000000000000000	-0.314396746866211	1.163820141905599	0.089193009492697
10.000000000000000	-0.390352971587344	1.112714313059934	0.091819058614403
10.000000000000000	-0.462756818768464	1.057193955673266	0.093934779995244
10.000000000000000	-0.531316743671459	0.997482630629229	0.095531654371951
10.000000000000000	-0.595756679676542	0.933820774359036	0.096603251695016
10.000000000000000	-0.655817149905095	0.866464730688830	0.097145257020233
10.000000000000000	-0.711256312041478	0.795685718633574	0.097155487883453
10.000000000000000	-0.761850932146672	0.721768740293807	0.096633903088603
10.000000000000000	-0.807397283542570	0.645011433252763	0.095582602873559
10.000000000000000	-0.847711967147402	0.565722872094884	0.094005820453240
10.000000000000000	-0.882632649959109	0.484222323871549	0.091909904973936
10.000000000000000	-0.912018718713044	0.400837962525344	0.089303295947541
10.000000000000000	-0.935751846081964	0.315905547449418	0.086196489268618
10.000000000000000	-0.953736467138416	0.229767071502915	0.082601994951136
10.000000000000000	-0.965900164160964	0.142769383926435	0.078534286755057
10.000000000000000	-0.972193958234800	0.055262793702555	0.074009743905614
10.000000000000000	-0.972592506472544	-0.032400341014799	0.069046585139952


11.000000000000000	nan	nan	nan
11.000000000000000	nan	nan	nan
11.000000000000000	nan	nan	nan
11.000000000000000	nan	nan	nan
11.000000000000000	nan	nan	nan
11.000000000000000	nan	nan	nan
11.000000000000000	nan	nan	nan
11.000000000000000	nan	nan	nan
11.000000000000000	nan	nan	nan
11.000000000000000	nan	nan	nan
11.000000000000000	nan	nan	nan
11.000000000000000	nan	nan	nan
11.000000000000000	nan	nan	nan
11.000000000000000	nan	nan	nan
11.000000000000000	nan	nan	nan
11.000000000000000	nan	nan	nan
11.000000000000000	nan	nan	nan
11.000000000000000	nan	nan	nan
11.000000000000000	nan	nan	nan
11.000000000000000	nan	nan	nan
11.000000000000000	nan	nan	nan
11.000000000000000	nan	nan	nan
11.000000000000000	nan	nan	nan
11.000000000000000	nan	nan	nan
11.000000000000000	nan	nan	nan
11.000000000000000	nan	nan	nan
11.000000000000000	nan	nan	nan
11.000000000000000	nan	nan	nan
11.000000000000000	nan	nan	nan
11.000000000000000	nan	nan	nan
11.000000000000000	nan	nan	nan
11.000000000000000	nan	nan	nan
11.000000000000000	nan	nan	nan
11.000000000000000	nan	nan	nan
11.000000000000000	nan	nan	nan
11.000000000000000	nan	nan	nan
11.000000000000000	nan	nan	nan
11.000000000000000	nan	nan	nan
11.000000000000000	nan	nan	nan
11.000000000000000	nan	nan	nan
11.000000000000000	nan	nan	nan
11.000000000000000	nan	nan	nan
11.000000000000000	nan	nan	nan
11.000000000000000	nan	nan	nan
11.000000000000000	nan	nan	nan
11.000000000000000	nan	nan	nan
11.000000000000000	nan	nan	nan
11.000000000000000	nan	nan	nan
11.000000000000000	nan	nan	nan
11.000000000000000	nan	nan	nan
11.000000000000000	nan	nan	nan
11.000000000000000	nan	nan	nan
11.000000000000000	nan	nan	nan
11.000000000000000	nan	nan	nan
11.000000000000000	nan	nan	nan
11.000000000000000	nan	nan	nan
11.000000000000000	nan	nan	nan
11.000000000000000	nan	nan	nan
11.000000000000000	nan	nan	nan
11.000000000000000	nan	nan	nan
11.000000000000000	nan	nan	nan
11.000000000000000	nan	nan	nan
11.000000000000000	nan	nan	nan
11.000000000000000	nan	nan	nan
11.000000000000000	nan	nan	nan
11.000000000000000	nan	nan	nan
11.000000000000000	nan	nan	nan
11.000000000000000	nan	nan	nan
11.000000000000000	nan	nan	nan
11.000000000000000	nan	nan	nan
11.000000000000000	nan	nan	nan
11.000000000000000	nan	nan	nan
11.000000000000000	nan	nan	nan
11.000000000000000	nan	nan	nan
11.000000000000000	nan	nan	nan
11.000000000000000	nan	nan	nan
11.000000000000000	nan	nan	nan
11.000000000000000	nan	nan	nan
11.000000000000000	nan	nan	nan
11.000000000000000	nan	nan	nan
11.000000000000000	nan	nan	nan
11.000000000000000	nan	nan	nan
11.000000000000000	nan	nan	nan
11.000000000000000	nan	nan	nan
11.000000000000000	nan	nan	nan
11.000000000000000	nan	nan	nan
11.000000000000000	nan	nan	nan
11.000000000000000	nan	nan	nan
11.000000000000000	nan	nan	nan
11.000000000000000	nan	nan	nan
11.000000000000000	nan	nan	nan
11.000000000000000	nan	nan	nan
11.000000000000000	nan	nan	nan
11.000000000000000	nan	nan	nan
11.000000000000000	nan	nan	nan
11.000000000000000	nan	nan	nan
11.000000000000000	nan	nan	nan
11.000000000000000	nan	nan	nan
11.000000000000000	nan	nan	nan
11.000000000000000	nan	nan	nan


12.000000000000000	nan	nan	nan
12.000000000000000	nan	nan	nan
12.000000000000000	nan	nan	nan
12.000000000000000	nan	nan	nan
12.000000000000000	nan	nan	nan
12.000000000000000	nan	nan	nan
12.000000000000000	nan	nan	nan
12.000000000000000	nan	nan	nan
12.000000000000000	nan	nan	nan
12.000000000000000	nan	nan	nan
12.000000000000000	nan	nan	nan
12.000000000000000	nan	nan	nan
12.000000000000000	nan	nan	nan
12.000000000000000	nan	nan	nan
12.000000000000000	nan	nan	nan
12.000000000000000	nan	nan	nan
12.000000000000000	nan	nan	nan
12.000000000000000	nan	nan	nan
12.000000000000000	nan	nan	nan
12.000000000000000	nan	nan	nan
12.000000000000000	nan	nan	nan
12.000000000000000	nan	nan	nan
12.000000000000000	nan	nan	nan
12.000000000000000	nan	nan	nan
12.000000000000000	nan	nan	nan
12.000000000000000	nan	nan	nan
12.000000000000000	nan	nan	nan
12.000000000000000	nan	nan	nan
12.000000000000000	nan	nan	nan
12.000000000000000	nan	nan	nan
12.000000000000000	nan	nan	nan
12.000000000000000	nan	nan	nan
12.000000000000000	nan	nan	nan
12.000000000000000	nan	nan	nan
12.000000000000000	nan	nan	nan
12.000000000000000	nan	nan	nan
12.000000000000000	nan	nan	nan
12.000000000000000	nan	nan	nan
12.000000000000000	nan	nan	nan
12.000000000000000	nan	nan	nan
12.000000000000000	nan	nan	nan
12.000000000000000	nan	nan	nan
12.000000000000000	nan	nan	nan
12.000000000000000	nan	nan	nan
12.000000000000000	nan	nan	nan
12.000000000000000	nan	nan	nan
12.000000000000000	nan	nan	nan
12.000000000000000	nan	nan	nan
12.000000000000000	nan	nan	nan
12.000000000000000	nan	nan	nan
12.000000000000000	nan	nan	nan
12.000000000000000	nan	nan	nan
12.000000000000000	nan	nan	nan
12.000000000000000	nan	nan	nan
12.000000000000000	nan	nan	nan
12.000000000000000	nan	nan	nan
12.000000000000000	nan	nan	nan
12.000000000000000	nan	nan	nan
12.000000000000000	nan	nan	nan
12.000000000000000	nan	nan	nan
12.000000000000000	nan	nan	nan
12.000000000000000	nan	nan	nan
12.000000000000000	nan	nan	nan
12.000000000000000	nan	nan	nan
12.000000000000000	nan	nan	nan
12.000000000000000	nan	nan	nan
12.000000000000000	nan	nan	nan
12.000000000000000	nan	nan	nan
12.000000000000000	nan	nan	nan
12.000000000000000	nan	nan	nan
12.000000000000000	nan	nan	nan
12.000000000000000	nan	nan	nan
12.000000000000000	nan	nan	nan
12.000000000000000	nan	nan	nan
12.000000000000000	nan	nan	nan
12.000000000000000	nan	nan	nan
12.000000000000000	nan	nan	nan
12.000000000000000	nan	nan	nan
12.000000000000000	nan	nan	nan
12.000000000000000	nan	nan	nan
12.000000000000000	nan	nan	nan
12.000000000000000	nan	nan	nan
12.000000000000000	nan	nan	nan
12.000000000000000	nan	nan	nan
12.000000000000000	nan	nan	nan
12.000000000000000	nan	nan	nan
12.000000000000000	nan	nan	nan
12.000000000000000	nan	nan	nan
12.000000000000000	nan	nan	nan
12.000000000000000	nan	nan	nan
12.000000000000000	nan	nan	nan
12.000000000000000	nan	nan	nan
12.000000000000000	nan	nan	nan
12.000000000000000	nan	nan	nan
12.000000000000000	nan	nan	nan
12.000000000000000	nan	nan	nan
12.000000000000000	nan	nan	nan
12.000000000000000	nan	nan	nan
12.000000000000000	nan	nan	nan
12.000000000000000	nan	nan	nan


13.000000000000000	0.536978300665935	0.152756378968933	0.004440451404118
13.000000000000000	0.525717797665372	0.188121262212037	0.000461774905781
13.000000000000000	0.512221378093067	0.222694784722022	-0.003519745349771
13.000000000000000	0.496543387267160	0.256337731126251	-0.007488077185721
13.000000000000000	0.478746954923257	0.288914633153621	-0.011427241530363
13.000000000000000	0.458903741013268	0.320294315117484	-0.015321376759185
13.000000000000000	0.437093647156070	0.350350422113834	-0.019154802564031
13.000000000000000	0.413404494901888	0.378961928807911	-0.022912083092170
13.000000000000000	0.387931672105912	0.406013626760514	-0.026578089101022
13.000000000000000	0.360777748835067	0.431396588331713	-0.030138058878284
13.000000000000000	0.332052064354557	0.455008605294021	-0.033577657682133
13.000000000000000	0.301870286857232	0.476754600388844	-0.036883035462170
13.000000000000000	0.270353947708606	0.496547010169049	-0.040040882628687
13.000000000000000	0.237629952082933	0.514306137586058	-0.043038483645688
13.000000000000000	0.203830067960868	0.529960472901738	-0.045863768231862
13.000000000000000	0.169090395546312	0.543446981632871	-0.048505359963346
13.000000000000000	0.133550819238928	0.554711358368776	-0.050952622082571
13.000000000000000	0.097354444369033	0.563708245440030	-0.053195700328729
13.000000000000000	0.060647020962944	0.570401415557793	-0.055225562617404
13.000000000000000	0.023576356859060	0.574763917688311	-0.057034035409585
13.000000000000000	-0.013708277462132	0.576778185575225	-0.058613836623629
13.000000000000000	-0.051056749937600	0.576436108472675	-0.059958604957627
13.000000000000000	-0.088318671450596	0.573739063804422	-0.061062925504125
13.000000000000000	-0.125344001394551	0.568697911617437	-0.061922351554047
13.000000000000000	-0.161983651833638	0.561332950852336	-0.062533422502017
13.000000000000000	-0.198090087827277	0.551673837606702	-0.062893677781003
13.000000000000000	-0.233517921501263	0.539759465720452	-0.063001666770146
13.000000000000000	-0.268124497473423	0.525637810164068	-0.062856954635900
13.000000000000000	-0.301770467276494	0.509365733860325	-0.062460124082955
13.000000000000000	-0.334320350465213	0.491008758717370	-0.061812773007888
13.000000000000000	-0.365643080148257	0.470640801795125	-0.060917508065001
13.000000000000000	-0.395612530748357	0.448343877667372	-0.059777934170240
13.000000000000000	-0.424108025865475	0.424207768178012	-0.058398639985474
13.000000000000000	-0.451014824198084	0.398329660921270	-0.056785179441572
13.000000000000000	-0.476224581565883	0.370813757901553	-0.054944049374683
13.000000000000000	-0.499635787173580	0.341770855948753	-0.052882663365771
13.000000000000000	-0.521154172359031	0.311317900578524	-0.050609321888740
13.000000000000000	-0.540693090179876	0.279577515093960	-0.048133178887358
13.000000000000000	-0.558173864310188	0.246677506824838	-0.045464204915551
13.000000000000000	-0.573526105842275	0.212750352492603	-0.042613146989506
13.000000000000000	-0.586687996717965	0.177932664773374	-0.039591485313227
13.000000000000000	-0.597606538648110	0.142364642206910	-0.036411387051810
13.000000000000000	-0.606237766517988	0.106189504666575	-0.033085657338556
13.000000000000000	-0.612546925419305	0.069552916663454	-0.029627687713226
13.000000000000000	-0.616508610595944	0.032602400806780	-0.026051402199031
13.000000000000000	-0.618106869739950	-0.004513256217547	-0.022371201235510
13.000000000000000	-0.617335267225847	-0.041644602758429	-0.018601903693039
13.000000000000000	-0.614196910024626	-0.078642123988623	-0.014758687202471
13.000000000000000	-0.608704435193073	-0.115356843948181	-0.010857027040174
13.000000000000000	-0.600879958988799	-0.151640925418056	-0.006912633814556
13.000000000000000	-0.590754987815880	-0.187348265208410	-0.002941390204987
13.000000000000000	-0.578370291359684	-0.222335082464590	0.001040712992144
13.000000000000000	-0.563775738421737	-0.256460497621885	0.005017641252719
13.000000000000000	-0.547030096115665	-0.289587099677809	0.008973380890265
13.000000000000000	-0.528200793232763	-0.321581499497710	0.012892003537416
13.000000000000000	-0.507363648730057	-0.352314866925738	0.016757730283826
13.000000000000000	-0.484602566434118	-0.381663449538411	0.020554995212269
13.000000000000000	-0.460009197189970	-0.409509070951947	0.024268508077101
13.000000000000000	-0.433682569815483	-0.435739606676851	0.027883315872677
13.000000000000000	-0.405728692347274	-0.460249435603665	0.031384863043826
13.000000000000000	-0.376260125183762	-0.482939865301891	0.034759050095941
13.000000000000000	-0.345395527844166	-0.503719529419579	0.037992290368661
13.000000000000000	-0.313259181168506	-0.522504755583382	0.041071564744559
13.000000000000000	-0.279980486882521	-0.539219902317666	0.043984474072534
13.000000000000000	-0.245693446542594	-0.553797663626040	0.046719289094816
13.000000000000000	-0.210536121958775	-0.566179340008843	0.049264997676546
13.000000000000000	-0.174650079268605	-0.576315074825318	0.051611349147758
13.000000000000000	-0.138179818900244	-0.584164055048704	0.053748895579207
13.000000000000000	-0.101272193720242	-0.589694675605890	0.055669029825846
13.000000000000000	-0.064075817708883	-0.592884666639889	0.057364020184766
13.000000000000000	-0.026740467544136	-0.593721183182696	0.058827041528025
13.000000000000000	0.010583520496165	-0.592200856877437	0.060052202785040
13.000000000000000	0.047745855885451	-0.588329809541551	0.061034570663841
13.000000000000000	0.084596899015323	-0.582123628516400	0.061770189515701
13.000000000000000	0.120988263741444	-0.573607303902538	0.062256097263136
13.000000000000000	0.156773414882167	-0.562815127933402	0.062490337327145
13.000000000000000	0.191808258263994	-0.549790556892589	0.062471966505663
13.000000000000000	0.225951720937957	-0.534586036130738	0.062201058771506
13.000000000000000	0.259066319230590	-0.517262788886616	0.061678704974502
13.000000000000000	0.291018712342160	-0.497890569762744	0.060907008449031
13.000000000000000	0.321680239263003	-0.476547383848229	0.059889076544637
13.000000000000000	0.350927436846006	-0.453319172619804	0.058629008113824
13.000000000000000	0.378642536949117	-0.428299467885835	0.057131877007431
13.000000000000000	0.404713940646093	-0.401589015166735	0.055403711644020
13.000000000000000	0.429036667595985	-0.373295368028317	0.053451470735564
13.000000000000000	0.451512778761923	-0.343532455001541	0.051283015267171
13.000000000000000	0.472051770777043	-0.312420120832530	0.048907076843668
13.000000000000000	0.490570940369609	-0.280083643910080	0.046333222530514
13.000000000000000	0.506995717379899	-0.246653231813798	0.043571816330604
13.000000000000000	0.521259965027915	-0.212263497014141	0.040633977452082
13.000000000000000	0.533306246222854	-0.177052914835504	0.037531535535220
13.000000000000000	0.543086054842006	-0.141163265864966	0.034276983018631
13.000000000000000	0.550560011047783	-0.104739065051902	0.030883424836624
13.000000000000000	0.555698019856431	-0.067926979797291	0.027364525650263
13.000000000000000	0.558479392319905	-0.030875239375860	0.023734454824599
13.000000000000000	0.558892928832964	0.006266961930898	0.020007829373634
13.000000000000000	0.556936964230024	0.043350065587427	0.016199655102772
13.000000000000000	0.552619374490196	0.080224751023553	0.012325266185729
13.000000000000000	0.545957545023496	0.116742536895716	0.008400263419232
13.000000000000000	0.536978300665935	0.152756378968933	0.004440451404118


14.000000000000000	-0.585008638595985	-1.377438729973555	-0.193787667667907
14.000000000000000	-0.448157032740326	-1.429392118008753	-0.198142333655525
14.000000000000000	-0.307924328877027	-1.471877817028401	-0.201176915977862
14.000000000000000	-0.164875194610284	-1.504724752117611	-0.202879195442941
14.000000000000000	-0.019585638315490	-1.527800660261901	-0.203242317572166
14.000000000000000	0.127359310243199	-1.541012622923669	-0.202264820200885
14.000000000000000	0.275367955621242	-1.544307440192359	-0.199950639366009
14.000000000000000	0.423844319242431	-1.537671845001713	-0.196309093456986
14.000000000000000	0.572190539194270	-1.521132556551574	-0.191354845693929
14.000000000000000	0.719809277606887	-1.494756172719089	-0.185107845084011
14.000000000000000	0.866106125921808	-1.458648901892574	-0.177593246093846
14.000000000000000	1.010491998365431	-1.412956135307809	-0.168841307361338
14.000000000000000	1.152385503989519	-1.357861861608854	-0.158887269854820
14.000000000000000	1.291215287727352	-1.293587925990715	-0.147771214970116
14.000000000000000	1.426422331038925	-1.220393136907040	-0.135537903136903
14.000000000000000	1.557462202881306	-1.138572223939826	-0.122236593584263
14.000000000000000	1.683807251940292	-1.048454651027408	-0.107920845991150
14.000000000000000	1.804948731296020	-0.950403289829471	-0.092648304820468
14.000000000000000	1.920398846967254	-0.844812958570941	-0.076480467205163
14.000000000000000	2.029692722085586	-0.732108832248346	-0.059482435320973
14.000000000000000	2.132390268790506	-0.612744730600170	-0.041722654242948
14.000000000000000	2.228077960307894	-0.487201290734932	-0.023272636341285
14.000000000000000	2.316370496076382	-0.355984031775196	-0.004206673326253
14.000000000000000	2.396912353216731	-0.219621319310478	0.015398462898297
14.000000000000000	2.469379218096984	-0.078662237855504	0.035463829368300
14.000000000000000	2.533479292228997	0.066325620119336	0.055908629934928
14.000000000000000	2.588954467237961	0.214758439682537	0.076650540602163
14.000000000000000	2.635581364173733	0.366038534258160	0.097606041016478
14.000000000000000	2.673172232979025	0.519556752298712	0.118690750773816
14.000000000000000	2.701575708492621	0.674694930123445	0.139819769189702
14.000000000000000	2.720677419943458	0.830828381045311	0.160908017164330
14.000000000000000	2.730400451481353	0.987328410763776	0.181870579766073
14.000000000000000	2.730705651889986	1.143564848894874	0.202623048153939
14.000000000000000	2.721591792235031	1.298908586444929	0.223081859462184
14.000000000000000	2.703095570812637	1.452734109010430	0.243164633278480
14.000000000000000	2.675291465378348	1.604422015503767	0.262790503360760
14.000000000000000	2.638291433251461	1.753361512262791	0.281880443257029
14.000000000000000	2.592244460502419	1.898952872501322	0.300357584517001
14.000000000000000	2.537335962038492	2.040609851197241	0.318147526214214
14.000000000000000	2.473787035003381	2.177762045694291	0.335178634532303
14.000000000000000	2.401853568497060	2.309857192512242	0.351382331209093
14.000000000000000	2.321825213200679	2.436363391117017	0.366693369677062
14.000000000000000	2.234024215055509	2.556771245696410	0.381050097788235
14.000000000000000	2.138804117692264	2.670595916317233	0.394394706065625
14.000000000000000	2.036548338835686	2.777379071204601	0.406673460481595
14.000000000000000	1.927668626416692	2.876690732282234	0.417836918825824
14.000000000000000	1.812603400608776	2.968131006542403	0.427840129791630
14.000000000000000	1.691815988464711	3.051331696273939	0.436642813979027
14.000000000000000	1.565792758262038	3.125957781664457	0.444209526085644
14.000000000000000	1.435041161069670	3.191708769806902	0.450509797632451
14.000000000000000	1.300087687421538	3.248319904678424	0.455518259649571
14.000000000000000	1.161475747325036	3.295563233219444	0.459214744828167
14.000000000000000	1.019763482140712	3.333248523220167	0.461584368727075
14.000000000000000	0.875521517144002	3.361224029318546	0.462617589707200
14.000000000000000	0.729330663818645	3.379377104025305	0.462310247352322
14.000000000000000	0.581779581133832	3.387634651315614	0.460663579221631
14.000000000000000	0.433462405222299	3.385963420960984	0.457684215866507
14.000000000000000	0.284976357003819	3.374370142416204	0.453384154131634
14.000000000000000	0.136919337387342	3.352901497722198	0.447780708847938
14.000000000000000	-0.010112480264938	3.321643933533924	0.440896443111875
14.000000000000000	-0.155527050717301	3.280723313030206	0.432759077431807
14.000000000000000	-0.298738840817700	3.230304409107135	0.423401378107293
14.000000000000000	-0.439171187233110	3.170590240895770	0.412861025290772
14.000000000000000	-0.576258618469238	3.101821256275756	0.401180461262885
14.000000000000000	-0.709449131824652	3.024274363676572	0.388406719532389
14.000000000000000	-0.838206416110829	2.938261817065023	0.374591235448821
14.000000000000000	-0.962012011188033	2.844129958608720	0.359789639090496
14.000000000000000	-1.080367395621298	2.742257824078416	0.344061531261818
14.000000000000000	-1.192795994050307	2.633055616604729	0.327470243501875
14.000000000000000	-1.298845096190162	2.516963054934915	0.310082583070685
14.000000000000000	-1.398087679735915	2.394447602840672	0.291968563939938
14.000000000000000	-1.490124129830677	2.266002586806521	0.273201124871443
14.000000000000000	-1.574583848173609	2.132145209578163	0.253855835718479
14.000000000000000	-1.651126745288476	1.993414467569567	0.234010593132665
14.000000000000000	-1.719444609943935	1.850368980514650	0.213745306901640
14.000000000000000	-1.779262350211381	1.703584742102773	0.193141578180549
14.000000000000000	-1.830339101163058	1.553652800655436	0.172282370912994
14.000000000000000	-1.872469194750103	1.401176879183303	0.151251677764516
14.000000000000000	-1.905482987955197	1.246770944406714	0.130134181913769
14.000000000000000	-1.929247545885113	1.091056734528406	0.109014916063258
14.000000000000000	-1.943667177052622	0.934661255713196	0.087978920042649
14.000000000000000	-1.948683818692331	0.778214257355462	0.067110898383392
14.000000000000000	-1.944277270558948	0.622345696300601	0.046494879243472
14.000000000000000	-1.930465276266544	0.467683200231142	0.026213876055670
14.000000000000000	-1.907303451841276	0.314849540431592	0.006349553261769
14.000000000000000	-1.874885061775284	0.164460124108273	-0.013018102521329
14.000000000000000	-1.833340643483494	0.017120516361718	-0.031811104579479
14.000000000000000	-1.782837481675525	-0.126575998210278	-0.049953780126265
14.000000000000000	-1.723578934759200	-0.266050804460323	-0.067373075010605
14.000000000000000	-1.655803615988016	-0.400742286570413	-0.083998847880031
14.000000000000000	-1.579784432649789	-0.530108089480606	-0.099764152615161
14.000000000000000	-1.495827487165325	-0.653627302761439	-0.114605507898093
14.000000000000000	-1.404270844522009	-0.770802558136367	-0.128463152829266
14.000000000000000	-1.305483171005417	-0.881162032208272	-0.141281287563511
14.000000000000000	-1.199862249710311	-0.984261346325753	-0.153008297996336
14.000000000000000	-1.087833378808497	-1.079685355939121	-0.163596963595701
14.000000000000000	-0.969847659023204	-1.167049822240973	-0.173004647542442
14.000000000000000	-0.846380177205686	-1.246002959360254	-0.181193468413689
14.000000000000000	-0.717928093328143	-1.316226850879803	-0.188130452717987
14.000000000000000	-0.585008638595985	-1.377438729973555	-0.193787667667907


15.000000000000000	nan	nan	nan
15.000000000000000	nan	nan	nan
15.000000000000000	nan	nan	nan
15.000000000000000	nan	nan	nan
15.000000000000000	nan	nan	nan
15.000000000000000	nan	nan	nan
15.000000000000000	nan	nan	nan
15.000000000000000	nan	nan	nan
15.000000000000000	nan	nan	nan
15.000000000000000	nan	nan	nan
15.000000000000000	nan	nan	nan
15.000000000000000	nan	nan	nan
15.000000000000000	nan	nan	nan
15.000000000000000	nan	nan	nan
15.000000000000000	nan	nan	nan
15.000000000000000	nan	nan	nan
15.000000000000000	nan	nan	nan
15.000000000000000	nan	nan	nan
15.000000000000000	nan	nan	nan
15.000000000000000	nan	nan	nan
15.000000000000000	nan	nan	nan
15.000000000000000	nan	nan	nan
15.000000000000000	nan	nan	nan
15.000000000000000	nan	nan	nan
15.000000000000000	nan	nan	nan
15.000000000000000	nan	nan	nan
15.000000000000000	nan	nan	nan
15.000000000000000	nan	nan	nan
15.000000000000000	nan	nan	nan
15.000000000000000	nan	nan	nan
15.000000000000000	nan	nan	nan
15.000000000000000	nan	nan	nan
15.000000000000000	nan	nan	nan
15.000000000000000	nan	nan	nan
15.000000000000000	nan	nan	nan
15.000000000000000	nan	nan	nan
15.000000000000000	nan	nan	nan
15.000000000000000	nan	nan	nan
15.000000000000000	nan	nan	nan
15.000000000000000	nan	nan	nan
15.000000000000000	nan	nan	nan
15.000000000000000	nan	nan	nan
15.000000000000000	nan	nan	nan
15.000000000000000	nan	nan	nan
15.000000000000000	nan	nan	nan
15.000000000000000	nan	nan	nan
15.000000000000000	nan	nan	nan
15.000000000000000	nan	nan	nan
15.000000000000000	nan	nan	nan
15.000000000000000	nan	nan	nan
15.000000000000000	nan	nan	nan
15.000000000000000	nan	nan	nan
15.000000000000000	nan	nan	nan
15.000000000000000	nan	nan	nan
15.000000000000000	nan	nan	nan
15.000000000000000	nan	nan	nan
15.000000000000000	nan	nan	nan
15.000000000000000	nan	nan	nan
15.000000000000000	nan	nan	nan
15.000000000000000	nan	nan	nan
15.000000000000000	nan	nan	nan
15.000000000000000	nan	nan	nan
15.000000000000000	nan	nan	nan
15.000000000000000	nan	nan	nan
15.000000000000000	nan	nan	nan
15.000000000000000	nan	nan	nan
15.000000000000000	nan	nan	nan
15.000000000000000	nan	nan	nan
15.000000000000000	nan	nan	nan
15.000000000000000	nan	nan	nan
15.000000000000000	nan	nan	nan
15.000000000000000	nan	nan	nan
15.000000000000000	nan	nan	nan
15.000000000000000	nan	nan	nan
15.000000000000000	nan	nan	nan
15.000000000000000	nan	nan	nan
15.000000000000000	nan	nan	nan
15.000000000000000	nan	nan	nan
15.000000000000000	nan	nan	nan
15.000000000000000	nan	nan	nan
15.000000000000000	nan	nan	nan
15.000000000000000	nan	nan	nan
15.000000000000000	nan	nan	nan
15.000000000000000	nan	nan	nan
15.000000000000000	nan	nan	nan
15.000000000000000	nan	nan	nan
15.000000000000000	nan	nan	nan
15.000000000000000	nan	nan	nan
15.000000000000000	nan	nan	nan
15.000000000000000	nan	nan	nan
15.000000000000000	nan	nan	nan
15.000000000000000	nan	nan	nan
15.000000000000000	nan	nan	nan
15.000000000000000	nan	nan	nan
15.000000000000000	nan	nan	nan
15.000000000000000	nan	nan	nan
15.000000000000000	nan	nan	nan
15.000000000000000	nan	nan	nan
15.000000000000000	nan	nan	nan
15.000000000000000	nan	nan	nan


16.000000000000000	-0.675134175955978	-0.291401728881161	0.016546805594174
16.000000000000000	-0.651663558650167	-0.341349932487960	0.015616490098592
16.000000000000000	-0.625027264977385	-0.389689850052602	0.014610017078870
16.000000000000000	-0.595332549891137	-0.436226833788329	0.013531439246630
16.000000000000000	-0.562698983528512	-0.480773495686574	0.012385099654125
16.000000000000000	-0.527257969743437	-0.523150462062339	0.011175614206300
16.000000000000000	-0.489152216989741	-0.563187095828717	0.009907853074174
16.000000000000000	-0.448535163684574	-0.600722183592210	0.008586921084377
16.000000000000000	-0.405570360366061	-0.635604584802169	0.007218137163817
16.000000000000000	-0.360430811133006	-0.667693840340449	0.005807012922239
16.000000000000000	-0.313298277018447	-0.696860738100700	0.004359230458917
16.000000000000000	-0.264362544102130	-0.722987833279916	0.002880619482843
16.000000000000000	-0.213820659308946	-0.745969921287205	0.001377133838553
16.000000000000000	-0.161876136970514	-0.765714461365548	-0.000145172467911
16.000000000000000	-0.108738139344797	-0.782141949220760	-0.001680169646340
16.000000000000000	-0.054620634393507	-0.795186237157229	-0.003221676804864
16.000000000000000	0.000258465791354	-0.804794800431334	-0.004763486838223
16.000000000000000	0.055678182442576	-0.810928948750054	-0.006299391421583
16.000000000000000	0.111415359921248	-0.813563982063117	-0.007823206009275
16.000000000000000	0.167245564285755	-0.812689290021392	-0.009328794737775
16.000000000000000	0.222943987008043	-0.808308394701013	-0.010810095132663
16.000000000000000	0.278286350198220	-0.800438936421225	-0.012261142520063
16.000000000000000	0.333049809692462	-0.789112602713045	-0.013676094044285
16.000000000000000	0.387013852367807	-0.774375000724757	-0.015049252194939
16.000000000000000	0.439961184070675	-0.756285473578022	-0.016375087748800
16.000000000000000	0.491678604583728	-0.734916861414076	-0.017648262034037
16.000000000000000	0.541957866107902	-0.710355208092182	-0.018863648427163
16.000000000000000	0.590596511802791	-0.682699414721388	-0.020016352996137
16.000000000000000	0.637398691008888	-0.652060841420656	-0.021101734206498
16.000000000000000	0.682175947869069	-0.618562858910974	-0.022115421611192
16.000000000000000	0.724747980173811	-0.582340351745007	-0.023053333448813
16.000000000000000	0.764943365374556	-0.543539175174602	-0.023911693079423
16.000000000000000	0.802600250841812	-0.502315567843175	-0.024687044191741
16.000000000000000	0.837567005588565	-0.458835522667834	-0.025376264720493
16.000000000000000	0.869702830834748	-0.413274118444490	-0.025976579417866
16.000000000000000	0.898878326954235	-0.365814814867336	-0.026485571028452
16.000000000000000	0.924976014521461	-0.316648713801412	-0.026901190022679
16.000000000000000	0.947890807359609	-0.265973789782841	-0.027221762849548
16.000000000000000	0.967530435685554	-0.213994092845248	-0.027445998675430
16.000000000000000	0.983815817647711	-0.160918926882289	-0.027572994581796
16.000000000000000	0.996681377760744	-0.106962006854750	-0.027602239200954
16.000000000000000	1.006075310954895	-0.052340598235821	-0.027533614775144
16.000000000000000	1.011959791176722	0.002725357840273	-0.027367397630709
16.000000000000000	1.014311123701264	0.058014130203603	-0.027104257065423
16.000000000000000	1.013119840542331	0.113303090481686	-0.026745252653469
16.000000000000000	1.008390738576748	0.168369609545379	-0.026291829978907
16.000000000000000	1.000142860229024	0.222991953957795	-0.025745814814812
16.000000000000000	0.988409416794228	0.276950178816603	-0.025109405771540
16.000000000000000	0.973237654707826	0.330027013394515	-0.024385165443690
16.000000000000000	0.954688665300962	0.382008736011824	-0.023576010091446
16.000000000000000	0.932837138807226	0.432686034618175	-0.022685197897826
16.000000000000000	0.907771063611448	0.481854849618318	-0.021716315849127
16.000000000000000	0.879591371951527	0.529317195548073	-0.020673265291398
16.000000000000000	0.848411533499931	0.574881958291920	-0.019560246221097
16.000000000000000	0.814357098461375	0.618365664632090	-0.018381740373186
16.000000000000000	0.777565192026458	0.659593221030452	-0.017142493174769
16.000000000000000	0.738183962216919	0.698398618668402	-0.015847494636930
16.000000000000000	0.696371983345843	0.734625601905773	-0.014501959261718
16.000000000000000	0.652297617494864	0.768128297467157	-0.013111305045192
16.000000000000000	0.606138336579493	0.798771801822096	-0.011681131661058
16.000000000000000	0.558080007732346	0.826432724393986	-0.010217197912764
16.000000000000000	0.508316144881801	0.850999684410381	-0.008725398544827
16.000000000000000	0.457047129539713	0.872373759394050	-0.007211740506782
16.000000000000000	0.404479403935784	0.890468883488880	-0.005682318765311
16.000000000000000	0.350824639747571	0.905212194016703	-0.004143291761966
16.000000000000000	0.296298885773345	0.916544324869582	-0.002600856615302
16.000000000000000	0.241121697979835	0.924419645556179	-0.001061224167260
16.000000000000000	0.185515255427841	0.928806444939634	0.000469406025695
16.000000000000000	0.129703465635572	0.929687058927123	0.001984870656003
16.000000000000000	0.073911062982099	0.927057941596925	0.003479067482470
16.000000000000000	0.018362703781324	0.920929679476599	0.004945979901845
16.000000000000000	-0.036717938329695	0.911326948914772	0.006379701175552
16.000000000000000	-0.091109073045548	0.898288416718191	0.007774458214044
16.000000000000000	-0.144591686463747	0.881866584454144	0.009124634822999
16.000000000000000	-0.196950422976412	0.862127577045175	0.010424794317749
16.000000000000000	-0.247974452431294	0.839150876507360	0.011669701414891
16.000000000000000	-0.297458319070395	0.813029001904282	0.012854343312928
16.000000000000000	-0.345202768827779	0.783867136805414	0.013973949877048
16.000000000000000	-0.391015551655380	0.751782705749011	0.015024012846776
16.000000000000000	-0.434712195646088	0.716904901414937	0.016000303989145
16.000000000000000	-0.476116749837009	0.679374164411341	0.016898892124301
16.000000000000000	-0.515062492701898	0.639341617769898	0.017716158954976
16.000000000000000	-0.551392603479894	0.596968458426694	0.018448813636091
16.000000000000000	-0.584960793637379	0.552425308139063	0.019093906025830
16.000000000000000	-0.615631895920274	0.505891526451984	0.019648838564823
16.000000000000000	-0.643282408624861	0.457554488480504	0.020111376735595
16.000000000000000	-0.667800992895552	0.407608830416277	0.020479658060181
16.000000000000000	-0.689088921047173	0.356255665796320	0.020752199599671
16.000000000000000	-0.707060474106498	0.303701775689777	0.020927903925476
16.000000000000000	-0.721643286972304	0.250158776063539	0.021006063538291
16.000000000000000	-0.732778639804095	0.195842265679433	0.020986363716939
16.000000000000000	-0.740421694466170	0.140970957954103	0.020868883785651
16.000000000000000	-0.744541675074973	0.085765800277271	0.020654096794643
16.000000000000000	-0.745121991922714	0.030449084334586	0.020342867615323
16.000000000000000	-0.742160308278267	-0.024756448982541	0.019936449457747
16.000000000000000	-0.735668549796360	-0.079628506475891	0.019436478824395
16.000000000000000	-0.725672856497173	-0.133946137736689	0.018844968920545
16.000000000000000	-0.712213477509705	-0.187490624834917	0.018164301547811
16.000000000000000	-0.695344609002735	-0.240046363019223	0.017397217513464
16.000000000000000	-0.675134175955978	-0.291401728881161	0.016546805594174


17.000000000000000	-1.018365631470718	0.730566667445253	-0.048502384571555
17.000000000000000	-1.064346632373057	0.662276647455673	-0.044003859252290
17.000000000000000	-1.105891865769950	0.591212250629656	-0.039321000854009
17.000000000000000	-1.142834043669638	0.517659628211486	-0.034472665594695
17.000000000000000	-1.175024412960230	0.441914950651699	-0.029478376009248
17.000000000000000	-1.202333354385984	0.364283215033218	-0.024358242339125
17.000000000000000	-1.224650904478298	0.285077016955741	-0.019132881555496
17.000000000000000	-1.241887198339792	0.204615291823592	-0.013823334341979
17.000000000000000	-1.253972831498527	0.123222030605413	-0.008450980371231
17.000000000000000	-1.260859139375323	0.041224975236887	-0.003037452216553
17.000000000000000	-1.262518393238838	-0.041045701080370	0.002395451754847
17.000000000000000	-1.258943911859389	-0.123258723369748	0.007825855156185
17.000000000000000	-1.250150088411897	-0.205083048807063	0.013231891669592
17.000000000000000	-1.236172332519663	-0.286189199713164	0.018591793094055
17.000000000000000	-1.217066927672302	-0.366250590244263	0.023883976998282
17.000000000000000	-1.192910804592000	-0.444944841437860	0.029087133625533
17.000000000000000	-1.163801231460649	-0.521955079319045	0.034180311700492
17.000000000000000	-1.129855422255207	-0.596971210840152	0.039143002792657
17.000000000000000	-1.091210064768381	-0.669691172516024	0.043955223896551
17.000000000000000	-1.048020770215134	-0.739822146727048	0.048597597896232
17.000000000000000	-1.000461446641238	-0.807081740792367	0.053051431590099
17.000000000000000	-0.948723598656960	-0.871199124065535	0.057298790961821
17.000000000000000	-0.893015556315580	-0.931916118473942	0.061322573394287
17.000000000000000	-0.833561636241800	-0.988988238110789	0.065106576535810
17.000000000000000	-0.770601238387868	-1.042185673693548	0.068635563541279
17.000000000000000	-0.704387882054461	-1.091294217924831	0.071895324425558
17.000000000000000	-0.635188185057943	-1.136116128029574	0.074872733282077
17.000000000000000	-0.563280790154515	-1.176470921995397	0.077555801136230
17.000000000000000	-0.488955243044188	-1.212196105309974	0.079933724220740
17.000000000000000	-0.412510826472436	-1.243147825269078	0.081996927478618
17.000000000000000	-0.334255355124213	-1.269201450220649	0.083737103118541
17.000000000000000	-0.254503936162857	-1.290252071412475	0.085147244067389
17.000000000000000	-0.173577700404760	-1.306214925422698	0.086221672185263
17.000000000000000	-0.091802509238908	-1.317025735472212	0.086956061129345
17.000000000000000	-0.009507642498082	-1.322640970244554	0.087347453774555
17.000000000000000	0.072975527434813	-1.323038019171158	0.087394274120849
17.000000000000000	0.155314869946378	-1.318215283476133	0.087096333639219
17.000000000000000	0.237178833565477	-1.308192182613968	0.086454832030828
17.000000000000000	0.318237781003990	-1.293009076074243	0.085472352396239
17.000000000000000	0.398165316489836	-1.272727100868212	0.084152850834180
17.000000000000000	0.476639600047536	-1.247427925351634	0.082501640511732
17.000000000000000	0.553344643434214	-1.217213420375125	0.080525370270079
17.000000000000000	0.627971582512718	-1.182205249086206	0.078231997851971
17.000000000000000	0.700219920938494	-1.142544377034741	0.075630757858706
17.000000000000000	0.769798740152300	-1.098390504554424	0.072732124565643
17.000000000000000	0.836427870806574	-1.049921423705898	0.069547769746001
17.000000000000000	0.899839020908507	-0.997332302370882	0.066090515672740
17.000000000000000	0.959776856137209	-0.940834898379987	0.062374283487796
17.000000000000000	1.016000027984900	-0.880656706838680	0.058414037146556
17.000000000000000	1.068282145582166	-0.817040044084779	0.054225723163294
17.000000000000000	1.116412687294092	-0.750241071966088	0.049826206400180
17.000000000000000	1.160197848416579	-0.680528766367050	0.045233202158437
17.000000000000000	1.199461321559486	-0.608183834137787	0.040465204845075
17.000000000000000	1.234045006574264	-0.533497582786695	0.035541413502439
17.000000000000000	1.263809647167455	-0.456770747487916	0.030481654500445
17.000000000000000	1.288635391636636	-0.378312280126941	0.025306301702784
17.000000000000000	1.308422275470919	-0.298438105260404	0.020036194428563
17.000000000000000	1.323090623872762	-0.217469847999402	0.014692553539723
17.000000000000000	1.332581372580254	-0.135733538938682	0.009296895992120
17.000000000000000	1.336856305698049	-0.053558301346512	0.003870948194334
17.000000000000000	1.335898209579293	0.028724974098565	-0.001563441476908
17.000000000000000	1.329710942138903	0.110784961687699	-0.006984390652433
17.000000000000000	1.318319417319102	0.192291234813430	-0.012370071083203
17.000000000000000	1.301769504769774	0.272915596481012	-0.017698796534965
17.000000000000000	1.280127845147565	0.352333400841877	-0.022949110111064
17.000000000000000	1.253481581777486	0.430224860427881	-0.028099870651796
17.000000000000000	1.221938009757494	0.506276333822578	-0.033130337862391
17.000000000000000	1.185624143919007	0.580181588584500	-0.038020255826866
17.000000000000000	1.144686207383005	0.651643034337121	-0.042749934571442
17.000000000000000	1.099289042771128	0.720372921060266	-0.047300329349126
17.000000000000000	1.049615448442621	0.786094497757888	-0.051653117326182
17.000000000000000	0.995865442429861	0.848543126836644	-0.055790771361716
17.000000000000000	0.938255457036331	0.907467349708090	-0.059696630583285
17.000000000000000	0.877017467340124	0.962629899323660	-0.063354967474354
17.000000000000000	0.812398057112181	1.013808655565331	-0.066751051203449
17.000000000000000	0.744657425910472	1.060797539644939	-0.069871206940019
17.000000000000000	0.674068341348212	1.103407343910730	-0.072702870918154
17.000000000000000	0.600915040754957	1.141466493719790	-0.075234641026430
17.000000000000000	0.525492086653191	1.174821738308580	-0.077456322720195
17.000000000000000	0.448103180659024	1.203338767879665	-0.079358970071397
17.000000000000000	0.369059940582961	1.226902754419869	-0.080934921790679
17.000000000000000	0.288680645654968	1.245418814072159	-0.082177832076691
17.000000000000000	0.207288954926351	1.258812389199442	-0.083082696168388
17.000000000000000	0.125212604008982	1.267029548601859	-0.083645870497439
17.000000000000000	0.042782085399670	1.270037204678693	-0.083865087359590
17.000000000000000	-0.039670682296484	1.267823246660455	-0.083739464045908
17.000000000000000	-0.121813690885158	1.260396589374682	-0.083269506397140
17.000000000000000	-0.203316179462628	1.247787137349071	-0.082457106766868
17.000000000000000	-0.283849966273188	1.230045664396502	-0.081305536401672
17.000000000000000	-0.363090770181251	1.207243609166812	-0.079819432268974
17.000000000000000	-0.440719516437027	1.179472787488570	-0.078004778385603
17.000000000000000	-0.516423621477925	1.146845022659133	-0.075868881722279
17.000000000000000	-0.589898251592238	1.109491695171704	-0.073420342781013
17.000000000000000	-0.660847550376910	1.067563213692450	-0.070669020963924
17.000000000000000	-0.728985830046846	1.021228409417894	-0.067625994872908
17.000000000000000	-0.794038721798798	0.970673856251266	-0.064303517700017
17.000000000000000	-0.855744280597693	0.916103119535256	-0.060714967888178
17.000000000000000	-0.913854039936840	0.857735936366216	-0.056874795260927
17.000000000000000	-0.968134012324858	0.795807330790436	-0.052798462838069
17.000000000000000	-1.018365631470718	0.730566667445253	-0.048502384571555


18.000000000000000	nan	nan	nan
18.000000000000000	nan	nan	nan
18.000000000000000	nan	nan	nan
18.000000000000000	nan	nan	nan
18.000000000000000	nan	nan	nan
18.000000000000000	nan	nan	nan
18.000000000000000	nan	nan	nan
18.000000000000000	nan	nan	nan
18.000000000000000	nan	nan	nan
18.000000000000000	nan	nan	nan
18.000000000000000	nan	nan	nan
18.000000000000000	nan	nan	nan
18.000000000000000	nan	nan	nan
18.000000000000000	nan	nan	nan
18.000000000000000	nan	nan	nan
18.000000000000000	nan	nan	nan
18.000000000000000	nan	nan	nan
18.000000000000000	nan	nan	nan
18.000000000000000	nan	nan	nan
18.000000000000000	nan	nan	nan
18.000000000000000	nan	nan	nan
18.000000000000000	nan	nan	nan
18.000000000000000	nan	nan	nan
18.000000000000000	nan	nan	nan
18.000000000000000	nan	nan	nan
18.000000000000000	nan	nan	nan
18.000000000000000	nan	nan	nan
18.000000000000000	nan	nan	nan
18.000000000000000	nan	nan	nan
18.000000000000000	nan	nan	nan
18.000000000000000	nan	nan	nan
18.000000000000000	nan	nan	nan
18.000000000000000	nan	nan	nan
18.000000000000000	nan	nan	nan
18.000000000000000	nan	nan	nan
18.000000000000000	nan	nan	nan
18.000000000000000	nan	nan	nan
18.000000000000000	nan	nan	nan
18.000000000000000	nan	nan	nan
18.000000000000000	nan	nan	nan
18.000000000000000	nan	nan	nan
18.000000000000000	nan	nan	nan
18.000000000000000	nan	nan	nan
18.000000000000000	nan	nan	nan
18.000000000000000	nan	nan	nan
18.000000000000000	nan	nan	nan
18.000000000000000	nan	nan	nan
18.000000000000000	nan	nan	nan
18.000000000000000	nan	nan	nan
18.000000000000000	nan	nan	nan
18.000000000000000	nan	nan	nan
18.000000000000000	nan	nan	nan
18.000000000000000	nan	nan	nan
18.000000000000000	nan	nan	nan
18.000000000000000	nan	nan	nan
18.000000000000000	nan	nan	nan
18.000000000000000	nan	nan	nan
18.000000000000000	nan	nan	nan
18.000000000000000	nan	nan	nan
18.000000000000000	nan	nan	nan
18.000000000000000	nan	nan	nan
18.000000000000000	nan	nan	nan
18.000000000000000	nan	nan	nan
18.000000000000000	nan	nan	nan
18.000000000000000	nan	nan	nan
18.000000000000000	nan	nan	nan
18.000000000000000	nan	nan	nan
18.000000000000000	nan	nan	nan
18.000000000000000	nan	nan	nan
18.000000000000000	nan	nan	nan
18.000000000000000	nan	nan	nan
18.000000000000000	nan	nan	nan
18.000000000000000	nan	nan	nan
18.000000000000000	nan	nan	nan
18.000000000000000	nan	nan	nan
18.000000000000000	nan	nan	nan
18.000000000000000	nan	nan	nan
18.000000000000000	nan	nan	nan
18.000000000000000	nan	nan	nan
18.000000000000000	nan	nan	nan
18.000000000000000	nan	nan	nan
18.000000000000000	nan	nan	nan
18.000000000000000	nan	nan	nan
18.000000000000000	nan	nan	nan
18.000000000000000	nan	nan	nan
18.000000000000000	nan	nan	nan
18.000000000000000	nan	nan	nan
18.000000000000000	nan	nan	nan
18.000000000000000	nan	nan	nan
18.000000000000000	nan	nan	nan
18.000000000000000	nan	nan	nan
18.000000000000000	nan	nan	nan
18.000000000000000	nan	nan	nan
18.000000000000000	nan	nan	nan
18.000000000000000	nan	nan	nan
18.000000000000000	nan	nan	nan
18.000000000000000	nan	nan	nan
18.000000000000000	nan	nan	nan
18.000000000000000	nan	nan	nan
18.000000000000000	nan	nan	nan


