# n	x	y	z
1.000000000000000	0.244392182247710	0.338014435106705	0.010680832222079
1.000000000000000	0.218391963414199	0.355479731034479	0.013344030894733
1.000000000000000	0.191310850911695	0.371234935790468	0.015944691301810
1.000000000000000	0.163257890822135	0.385216608725822	0.018472341501738
1.000000000000000	0.134346042514684	0.397368450578375	0.020916803539281
1.000000000000000	0.104691723798218	0.407641530169902	0.023268234428570
1.000000000000000	0.074414342147901	0.415994481434709	0.025517165787337
1.000000000000000	0.043635813893427	0.422393669986174	0.027654541962747
1.000000000000000	0.012480073304986	0.426813328550554	0.029671756495316
1.000000000000000	-0.018927426446297	0.429235660722701	0.031560686774083
1.000000000000000	-0.050460218444004	0.429650912625905	0.033313726743503
1.000000000000000	-0.081991331264063	0.428057412187313	0.034923817530343
1.000000000000000	-0.113393800243859	0.424461575870774	0.036384475867276
1.000000000000000	-0.144541178724114	0.418877882840008	0.037689820198709
1.000000000000000	-0.175308047204961	0.411328816656119	0.038834594363733
1.000000000000000	-0.205570518366004	0.401844774744234	0.039814188760826
1.000000000000000	-0.235206735916828	0.390463945993799	0.040624658909094
1.000000000000000	-0.264097365269272	0.377232156985399	0.041262741331298
1.000000000000000	-0.292126074055703	0.362202687463294	0.041725866694733
1.000000000000000	-0.319180000558396	0.345436055796692	0.042012170157016
1.000000000000000	-0.345150208163839	0.326999775293635	0.042120498875155
1.000000000000000	-0.369932124012028	0.306968082348739	0.042050416647635
1.000000000000000	-0.393425960074465	0.285421637519433	0.041802205670851
1.000000000000000	-0.415537114965330	0.262447200734359	0.041376865402803
1.000000000000000	-0.436176554867872	0.238137281941768	0.040776108538629
1.000000000000000	-0.455261172042164	0.212589768604603	0.040002354114186
1.000000000000000	-0.472714119470643	0.185907531542237	0.039058717765452
1.000000000000000	-0.488465120293924	0.158198010705991	0.037948999182951
1.000000000000000	-0.502450750790907	0.129572782556370	0.036677666811747
1.000000000000000	-0.514614695763724	0.100147110784036	0.035249839858589
1.000000000000000	-0.524907975299157	0.070039482183608	0.033671267678677
1.000000000000000	-0.533289141993466	0.039371129549162	0.031948306625030
1.000000000000000	-0.539724447846454	0.008265543512552	0.030087894453704
1.000000000000000	-0.544187980152751	-0.023152024709776	0.028097522387892
1.000000000000000	-0.546661765843136	-0.054755067659224	0.025985204953413
1.000000000000000	-0.547135843855741	-0.086416331035934	0.023759447707047
1.000000000000000	-0.545608305245733	-0.118008326106931	0.021429212987657
1.000000000000000	-0.542085300871958	-0.149403843058264	0.019003883828018
1.000000000000000	-0.536581016629607	-0.180476463224021	0.016493226172649
1.000000000000000	-0.529117616328622	-0.211101068129682	0.013907349553808
1.000000000000000	-0.519725152447854	-0.241154343300056	0.011256666383970
1.000000000000000	-0.508441445124339	-0.270515274803148	0.008551850028718
1.000000000000000	-0.495311929864954	-0.299065636530552	0.005803791828867
1.000000000000000	-0.480389474593669	-0.326690466252266	0.003023557244876
1.000000000000000	-0.463734166771074	-0.353278528529010	0.000222341300150
1.000000000000000	-0.445413071443382	-0.378722762618088	-0.002588576497373
1.000000000000000	-0.425499961195163	-0.402920713569206	-0.005397877573820
1.000000000000000	-0.404075019093178	-0.425774944774401	-0.008194249865280
1.000000000000000	-0.381224515817470	-0.447193430310867	-0.010966433367499
1.000000000000000	-0.357040462279790	-0.467089925496870	-0.013703265475937
1.000000000000000	-0.331620239128122	-0.485384314168641	-0.016393725933641
1.000000000000000	-0.305066204629189	-0.502002931279888	-0.019026981205930
1.000000000000000	-0.277485282507836	-0.516878859524942	-0.021592428103214
1.000000000000000	-0.248988531402932	-0.529952198791126	-0.024079736476295
1.000000000000000	-0.219690697673426	-0.541170307355368	-0.026478890812235
1.000000000000000	-0.189709753355259	-0.550488013853843	-0.028780230563290
1.000000000000000	-0.159166421129611	-0.557867799171108	-0.030974489046525
1.000000000000000	-0.128183688215278	-0.563279947516338	-0.033052830757479
1.000000000000000	-0.096886311142543	-0.566702666078332	-0.035006886947620
1.000000000000000	-0.065400313402663	-0.568122172777467	-0.036828789322341
1.000000000000000	-0.033852477995750	-0.567532751761273	-0.038511201723809
1.000000000000000	-0.002369836920375	-0.564936776420149	-0.040047349671080
1.000000000000000	0.028920840339451	-0.560344699830560	-0.041431047638544
1.000000000000000	0.059893557270255	-0.553775012664189	-0.042656723962854
1.000000000000000	0.090423597672583	-0.545254168732523	-0.043719443278047
1.000000000000000	0.120388027849122	-0.534816478466697	-0.044614926388520
1.000000000000000	0.149666191615310	-0.522503970761493	-0.045339567499842
1.000000000000000	0.178140196139206	-0.508366223739818	-0.045890448738017
1.000000000000000	0.205695386654316	-0.492460165119098	-0.046265351898728
1.000000000000000	0.232220808133867	-0.474849842983455	-0.046462767379267
1.000000000000000	0.257609652067544	-0.455606167884674	-0.046481900257169
1.000000000000000	0.281759686541659	-0.434806627310445	-0.046322673491089
1.000000000000000	0.304573667890990	-0.412534973669590	-0.045985728231016
1.000000000000000	0.325959732264696	-0.388880887050681	-0.045472421236588
1.000000000000000	0.345831765529622	-0.363939614111969	-0.044784819413905
1.000000000000000	0.364109750021520	-0.337811584556712	-0.043925691492821
1.000000000000000	0.380720086747943	-0.310602006738203	-0.042898496878250
1.000000000000000	0.395595891745407	-0.282420444022866	-0.041707371720364
1.000000000000000	0.408677265397511	-0.253380373617250	-0.040357112259774
1.000000000000000	0.419911533629546	-0.223598729635365	-0.038853155514760
1.000000000000000	0.429253460008409	-0.193195432246281	-0.037201557388324
1.000000000000000	0.436665427893744	-0.162292904797930	-0.035408968283199
1.000000000000000	0.442117591906887	-0.131015580861492	-0.033482606323028
1.000000000000000	0.445587998107664	-0.099489403181322	-0.031430228287528
1.000000000000000	0.447062672395161	-0.067841316547970	-0.029260098378673
1.000000000000000	0.446535676776501	-0.036198756636313	-0.026980954943673
1.000000000000000	0.444009133277041	-0.004689136867072	-0.024601975288731
1.000000000000000	0.439493215395724	0.026560664642066	-0.022132738725271
1.000000000000000	0.433006107139994	0.057424815969847	-0.019583187997433
1.000000000000000	0.424573929805211	0.087779038072185	-0.016963589246149
1.000000000000000	0.414230636793420	0.117501105210006	-0.014284490671020
1.000000000000000	0.402017876894977	0.146471337109165	-0.011556680056438
1.000000000000000	0.387984826583576	0.174573080870666	-0.008791141332982
1.000000000000000	0.372187991999943	0.201693180690719	-0.005999010349013
1.000000000000000	0.354690981421552	0.227722433499216	-0.003191530030538
1.000000000000000	0.335564249134542	0.252556028681961	-0.000380005109916
1.000000000000000	0.314884811739171	0.276093970116017	0.002424243394306
1.000000000000000	0.292735938031153	0.298241478818797	0.005209923763145
1.000000000000000	0.269206813707602	0.318909374589581	0.007965819044944
1.000000000000000	0.244392182247711	0.338014435106705	0.010680832222079


2.000000000000000	nan	nan	nan
2.000000000000000	nan	nan	nan
2.000000000000000	nan	nan	nan
2.000000000000000	nan	nan	nan
2.000000000000000	nan	nan	nan
2.000000000000000	nan	nan	nan
2.000000000000000	nan	nan	nan
2.000000000000000	nan	nan	nan
2.000000000000000	nan	nan	nan
2.000000000000000	nan	nan	nan
2.000000000000000	nan	nan	nan
2.000000000000000	nan	nan	nan
2.000000000000000	nan	nan	nan
2.000000000000000	nan	nan	nan
2.000000000000000	nan	nan	nan
2.000000000000000	nan	nan	nan
2.000000000000000	nan	nan	nan
2.000000000000000	nan	nan	nan
2.000000000000000	nan	nan	nan
2.000000000000000	nan	nan	nan
2.000000000000000	nan	nan	nan
2.000000000000000	nan	nan	nan
2.000000000000000	nan	nan	nan
2.000000000000000	nan	nan	nan
2.000000000000000	nan	nan	nan
2.000000000000000	nan	nan	nan
2.000000000000000	nan	nan	nan
2.000000000000000	nan	nan	nan
2.000000000000000	nan	nan	nan
2.000000000000000	nan	nan	nan
2.000000000000000	nan	nan	nan
2.000000000000000	nan	nan	nan
2.000000000000000	nan	nan	nan
2.000000000000000	nan	nan	nan
2.000000000000000	nan	nan	nan
2.000000000000000	nan	nan	nan
2.000000000000000	nan	nan	nan
2.000000000000000	nan	nan	nan
2.000000000000000	nan	nan	nan
2.000000000000000	nan	nan	nan
2.000000000000000	nan	nan	nan
2.000000000000000	nan	nan	nan
2.000000000000000	nan	nan	nan
2.000000000000000	nan	nan	nan
2.000000000000000	nan	nan	nan
2.000000000000000	nan	nan	nan
2.000000000000000	nan	nan	nan
2.000000000000000	nan	nan	nan
2.000000000000000	nan	nan	nan
2.000000000000000	nan	nan	nan
2.000000000000000	nan	nan	nan
2.000000000000000	nan	nan	nan
2.000000000000000	nan	nan	nan
2.000000000000000	nan	nan	nan
2.000000000000000	nan	nan	nan
2.000000000000000	nan	nan	nan
2.000000000000000	nan	nan	nan
2.000000000000000	nan	nan	nan
2.000000000000000	nan	nan	nan
2.000000000000000	nan	nan	nan
2.000000000000000	nan	nan	nan
2.000000000000000	nan	nan	nan
2.000000000000000	nan	nan	nan
2.000000000000000	nan	nan	nan
2.000000000000000	nan	nan	nan
2.000000000000000	nan	nan	nan
2.000000000000000	nan	nan	nan
2.000000000000000	nan	nan	nan
2.000000000000000	nan	nan	nan
2.000000000000000	nan	nan	nan
2.000000000000000	nan	nan	nan
2.000000000000000	nan	nan	nan
2.000000000000000	nan	nan	nan
2.000000000000000	nan	nan	nan
2.000000000000000	nan	nan	nan
2.000000000000000	nan	nan	nan
2.000000000000000	nan	nan	nan
2.000000000000000	nan	nan	nan
2.000000000000000	nan	nan	nan
2.000000000000000	nan	nan	nan
2.000000000000000	nan	nan	nan
2.000000000000000	nan	nan	nan
2.000000000000000	nan	nan	nan
2.000000000000000	nan	nan	nan
2.000000000000000	nan	nan	nan
2.000000000000000	nan	nan	nan
2.000000000000000	nan	nan	nan
2.000000000000000	nan	nan	nan
2.000000000000000	nan	nan	nan
2.000000000000000	nan	nan	nan
2.000000000000000	nan	nan	nan
2.000000000000000	nan	nan	nan
2.000000000000000	nan	nan	nan
2.000000000000000	nan	nan	nan
2.000000000000000	nan	nan	nan
2.000000000000000	nan	nan	nan
2.000000000000000	nan	nan	nan
2.000000000000000	nan	nan	nan
2.000000000000000	nan	nan	nan
2.000000000000000	nan	nan	nan


3.000000000000000	nan	nan	nan
3.000000000000000	nan	nan	nan
3.000000000000000	nan	nan	nan
3.000000000000000	nan	nan	nan
3.000000000000000	nan	nan	nan
3.000000000000000	nan	nan	nan
3.000000000000000	nan	nan	nan
3.000000000000000	nan	nan	nan
3.000000000000000	nan	nan	nan
3.000000000000000	nan	nan	nan
3.000000000000000	nan	nan	nan
3.000000000000000	nan	nan	nan
3.000000000000000	nan	nan	nan
3.000000000000000	nan	nan	nan
3.000000000000000	nan	nan	nan
3.000000000000000	nan	nan	nan
3.000000000000000	nan	nan	nan
3.000000000000000	nan	nan	nan
3.000000000000000	nan	nan	nan
3.000000000000000	nan	nan	nan
3.000000000000000	nan	nan	nan
3.000000000000000	nan	nan	nan
3.000000000000000	nan	nan	nan
3.000000000000000	nan	nan	nan
3.000000000000000	nan	nan	nan
3.000000000000000	nan	nan	nan
3.000000000000000	nan	nan	nan
3.000000000000000	nan	nan	nan
3.000000000000000	nan	nan	nan
3.000000000000000	nan	nan	nan
3.000000000000000	nan	nan	nan
3.000000000000000	nan	nan	nan
3.000000000000000	nan	nan	nan
3.000000000000000	nan	nan	nan
3.000000000000000	nan	nan	nan
3.000000000000000	nan	nan	nan
3.000000000000000	nan	nan	nan
3.000000000000000	nan	nan	nan
3.000000000000000	nan	nan	nan
3.000000000000000	nan	nan	nan
3.000000000000000	nan	nan	nan
3.000000000000000	nan	nan	nan
3.000000000000000	nan	nan	nan
3.000000000000000	nan	nan	nan
3.000000000000000	nan	nan	nan
3.000000000000000	nan	nan	nan
3.000000000000000	nan	nan	nan
3.000000000000000	nan	nan	nan
3.000000000000000	nan	nan	nan
3.000000000000000	nan	nan	nan
3.000000000000000	nan	nan	nan
3.000000000000000	nan	nan	nan
3.000000000000000	nan	nan	nan
3.000000000000000	nan	nan	nan
3.000000000000000	nan	nan	nan
3.000000000000000	nan	nan	nan
3.000000000000000	nan	nan	nan
3.000000000000000	nan	nan	nan
3.000000000000000	nan	nan	nan
3.000000000000000	nan	nan	nan
3.000000000000000	nan	nan	nan
3.000000000000000	nan	nan	nan
3.000000000000000	nan	nan	nan
3.000000000000000	nan	nan	nan
3.000000000000000	nan	nan	nan
3.000000000000000	nan	nan	nan
3.000000000000000	nan	nan	nan
3.000000000000000	nan	nan	nan
3.000000000000000	nan	nan	nan
3.000000000000000	nan	nan	nan
3.000000000000000	nan	nan	nan
3.000000000000000	nan	nan	nan
3.000000000000000	nan	nan	nan
3.000000000000000	nan	nan	nan
3.000000000000000	nan	nan	nan
3.000000000000000	nan	nan	nan
3.000000000000000	nan	nan	nan
3.000000000000000	nan	nan	nan
3.000000000000000	nan	nan	nan
3.000000000000000	nan	nan	nan
3.000000000000000	nan	nan	nan
3.000000000000000	nan	nan	nan
3.000000000000000	nan	nan	nan
3.000000000000000	nan	nan	nan
3.000000000000000	nan	nan	nan
3.000000000000000	nan	nan	nan
3.000000000000000	nan	nan	nan
3.000000000000000	nan	nan	nan
3.000000000000000	nan	nan	nan
3.000000000000000	nan	nan	nan
3.000000000000000	nan	nan	nan
3.000000000000000	nan	nan	nan
3.000000000000000	nan	nan	nan
3.000000000000000	nan	nan	nan
3.000000000000000	nan	nan	nan
3.000000000000000	nan	nan	nan
3.000000000000000	nan	nan	nan
3.000000000000000	nan	nan	nan
3.000000000000000	nan	nan	nan
3.000000000000000	nan	nan	nan


4.000000000000000	nan	nan	nan
4.000000000000000	nan	nan	nan
4.000000000000000	nan	nan	nan
4.000000000000000	nan	nan	nan
4.000000000000000	nan	nan	nan
4.000000000000000	nan	nan	nan
4.000000000000000	nan	nan	nan
4.000000000000000	nan	nan	nan
4.000000000000000	nan	nan	nan
4.000000000000000	nan	nan	nan
4.000000000000000	nan	nan	nan
4.000000000000000	nan	nan	nan
4.000000000000000	nan	nan	nan
4.000000000000000	nan	nan	nan
4.000000000000000	nan	nan	nan
4.000000000000000	nan	nan	nan
4.000000000000000	nan	nan	nan
4.000000000000000	nan	nan	nan
4.000000000000000	nan	nan	nan
4.000000000000000	nan	nan	nan
4.000000000000000	nan	nan	nan
4.000000000000000	nan	nan	nan
4.000000000000000	nan	nan	nan
4.000000000000000	nan	nan	nan
4.000000000000000	nan	nan	nan
4.000000000000000	nan	nan	nan
4.000000000000000	nan	nan	nan
4.000000000000000	nan	nan	nan
4.000000000000000	nan	nan	nan
4.000000000000000	nan	nan	nan
4.000000000000000	nan	nan	nan
4.000000000000000	nan	nan	nan
4.000000000000000	nan	nan	nan
4.000000000000000	nan	nan	nan
4.000000000000000	nan	nan	nan
4.000000000000000	nan	nan	nan
4.000000000000000	nan	nan	nan
4.000000000000000	nan	nan	nan
4.000000000000000	nan	nan	nan
4.000000000000000	nan	nan	nan
4.000000000000000	nan	nan	nan
4.000000000000000	nan	nan	nan
4.000000000000000	nan	nan	nan
4.000000000000000	nan	nan	nan
4.000000000000000	nan	nan	nan
4.000000000000000	nan	nan	nan
4.000000000000000	nan	nan	nan
4.000000000000000	nan	nan	nan
4.000000000000000	nan	nan	nan
4.000000000000000	nan	nan	nan
4.000000000000000	nan	nan	nan
4.000000000000000	nan	nan	nan
4.000000000000000	nan	nan	nan
4.000000000000000	nan	nan	nan
4.000000000000000	nan	nan	nan
4.000000000000000	nan	nan	nan
4.000000000000000	nan	nan	nan
4.000000000000000	nan	nan	nan
4.000000000000000	nan	nan	nan
4.000000000000000	nan	nan	nan
4.000000000000000	nan	nan	nan
4.000000000000000	nan	nan	nan
4.000000000000000	nan	nan	nan
4.000000000000000	nan	nan	nan
4.000000000000000	nan	nan	nan
4.000000000000000	nan	nan	nan
4.000000000000000	nan	nan	nan
4.000000000000000	nan	nan	nan
4.000000000000000	nan	nan	nan
4.000000000000000	nan	nan	nan
4.000000000000000	nan	nan	nan
4.000000000000000	nan	nan	nan
4.000000000000000	nan	nan	nan
4.000000000000000	nan	nan	nan
4.000000000000000	nan	nan	nan
4.000000000000000	nan	nan	nan
4.000000000000000	nan	nan	nan
4.000000000000000	nan	nan	nan
4.000000000000000	nan	nan	nan
4.000000000000000	nan	nan	nan
4.000000000000000	nan	nan	nan
4.000000000000000	nan	nan	nan
4.000000000000000	nan	nan	nan
4.000000000000000	nan	nan	nan
4.000000000000000	nan	nan	nan
4.000000000000000	nan	nan	nan
4.000000000000000	nan	nan	nan
4.000000000000000	nan	nan	nan
4.000000000000000	nan	nan	nan
4.000000000000000	nan	nan	nan
4.000000000000000	nan	nan	nan
4.000000000000000	nan	nan	nan
4.000000000000000	nan	nan	nan
4.000000000000000	nan	nan	nan
4.000000000000000	nan	nan	nan
4.000000000000000	nan	nan	nan
4.000000000000000	nan	nan	nan
4.000000000000000	nan	nan	nan
4.000000000000000	nan	nan	nan
4.000000000000000	nan	nan	nan


5.000000000000000	nan	nan	nan
5.000000000000000	nan	nan	nan
5.000000000000000	nan	nan	nan
5.000000000000000	nan	nan	nan
5.000000000000000	nan	nan	nan
5.000000000000000	nan	nan	nan
5.000000000000000	nan	nan	nan
5.000000000000000	nan	nan	nan
5.000000000000000	nan	nan	nan
5.000000000000000	nan	nan	nan
5.000000000000000	nan	nan	nan
5.000000000000000	nan	nan	nan
5.000000000000000	nan	nan	nan
5.000000000000000	nan	nan	nan
5.000000000000000	nan	nan	nan
5.000000000000000	nan	nan	nan
5.000000000000000	nan	nan	nan
5.000000000000000	nan	nan	nan
5.000000000000000	nan	nan	nan
5.000000000000000	nan	nan	nan
5.000000000000000	nan	nan	nan
5.000000000000000	nan	nan	nan
5.000000000000000	nan	nan	nan
5.000000000000000	nan	nan	nan
5.000000000000000	nan	nan	nan
5.000000000000000	nan	nan	nan
5.000000000000000	nan	nan	nan
5.000000000000000	nan	nan	nan
5.000000000000000	nan	nan	nan
5.000000000000000	nan	nan	nan
5.000000000000000	nan	nan	nan
5.000000000000000	nan	nan	nan
5.000000000000000	nan	nan	nan
5.000000000000000	nan	nan	nan
5.000000000000000	nan	nan	nan
5.000000000000000	nan	nan	nan
5.000000000000000	nan	nan	nan
5.000000000000000	nan	nan	nan
5.000000000000000	nan	nan	nan
5.000000000000000	nan	nan	nan
5.000000000000000	nan	nan	nan
5.000000000000000	nan	nan	nan
5.000000000000000	nan	nan	nan
5.000000000000000	nan	nan	nan
5.000000000000000	nan	nan	nan
5.000000000000000	nan	nan	nan
5.000000000000000	nan	nan	nan
5.000000000000000	nan	nan	nan
5.000000000000000	nan	nan	nan
5.000000000000000	nan	nan	nan
5.000000000000000	nan	nan	nan
5.000000000000000	nan	nan	nan
5.000000000000000	nan	nan	nan
5.000000000000000	nan	nan	nan
5.000000000000000	nan	nan	nan
5.000000000000000	nan	nan	nan
5.000000000000000	nan	nan	nan
5.000000000000000	nan	nan	nan
5.000000000000000	nan	nan	nan
5.000000000000000	nan	nan	nan
5.000000000000000	nan	nan	nan
5.000000000000000	nan	nan	nan
5.000000000000000	nan	nan	nan
5.000000000000000	nan	nan	nan
5.000000000000000	nan	nan	nan
5.000000000000000	nan	nan	nan
5.000000000000000	nan	nan	nan
5.000000000000000	nan	nan	nan
5.000000000000000	nan	nan	nan
5.000000000000000	nan	nan	nan
5.000000000000000	nan	nan	nan
5.000000000000000	nan	nan	nan
5.000000000000000	nan	nan	nan
5.000000000000000	nan	nan	nan
5.000000000000000	nan	nan	nan
5.000000000000000	nan	nan	nan
5.000000000000000	nan	nan	nan
5.000000000000000	nan	nan	nan
5.000000000000000	nan	nan	nan
5.000000000000000	nan	nan	nan
5.000000000000000	nan	nan	nan
5.000000000000000	nan	nan	nan
5.000000000000000	nan	nan	nan
5.000000000000000	nan	nan	nan
5.000000000000000	nan	nan	nan
5.000000000000000	nan	nan	nan
5.000000000000000	nan	nan	nan
5.000000000000000	nan	nan	nan
5.000000000000000	nan	nan	nan
5.000000000000000	nan	nan	nan
5.000000000000000	nan	nan	nan
5.000000000000000	nan	nan	nan
5.000000000000000	nan	nan	nan
5.000000000000000	nan	nan	nan
5.000000000000000	nan	nan	nan
5.000000000000000	nan	nan	nan
5.000000000000000	nan	nan	nan
5.000000000000000	nan	nan	nan
5.000000000000000	nan	nan	nan
5.000000000000000	nan	nan	nan


6.000000000000000	nan	nan	nan
6.000000000000000	nan	nan	nan
6.000000000000000	nan	nan	nan
6.000000000000000	nan	nan	nan
6.000000000000000	nan	nan	nan
6.000000000000000	nan	nan	nan
6.000000000000000	nan	nan	nan
6.000000000000000	nan	nan	nan
6.000000000000000	nan	nan	nan
6.000000000000000	nan	nan	nan
6.000000000000000	nan	nan	nan
6.000000000000000	nan	nan	nan
6.000000000000000	nan	nan	nan
6.000000000000000	nan	nan	nan
6.000000000000000	nan	nan	nan
6.000000000000000	nan	nan	nan
6.000000000000000	nan	nan	nan
6.000000000000000	nan	nan	nan
6.000000000000000	nan	nan	nan
6.000000000000000	nan	nan	nan
6.000000000000000	nan	nan	nan
6.000000000000000	nan	nan	nan
6.000000000000000	nan	nan	nan
6.000000000000000	nan	nan	nan
6.000000000000000	nan	nan	nan
6.000000000000000	nan	nan	nan
6.000000000000000	nan	nan	nan
6.000000000000000	nan	nan	nan
6.000000000000000	nan	nan	nan
6.000000000000000	nan	nan	nan
6.000000000000000	nan	nan	nan
6.000000000000000	nan	nan	nan
6.000000000000000	nan	nan	nan
6.000000000000000	nan	nan	nan
6.000000000000000	nan	nan	nan
6.000000000000000	nan	nan	nan
6.000000000000000	nan	nan	nan
6.000000000000000	nan	nan	nan
6.000000000000000	nan	nan	nan
6.000000000000000	nan	nan	nan
6.000000000000000	nan	nan	nan
6.000000000000000	nan	nan	nan
6.000000000000000	nan	nan	nan
6.000000000000000	nan	nan	nan
6.000000000000000	nan	nan	nan
6.000000000000000	nan	nan	nan
6.000000000000000	nan	nan	nan
6.000000000000000	nan	nan	nan
6.000000000000000	nan	nan	nan
6.000000000000000	nan	nan	nan
6.000000000000000	nan	nan	nan
6.000000000000000	nan	nan	nan
6.000000000000000	nan	nan	nan
6.000000000000000	nan	nan	nan
6.000000000000000	nan	nan	nan
6.000000000000000	nan	nan	nan
6.000000000000000	nan	nan	nan
6.000000000000000	nan	nan	nan
6.000000000000000	nan	nan	nan
6.000000000000000	nan	nan	nan
6.000000000000000	nan	nan	nan
6.000000000000000	nan	nan	nan
6.000000000000000	nan	nan	nan
6.000000000000000	nan	nan	nan
6.000000000000000	nan	nan	nan
6.000000000000000	nan	nan	nan
6.000000000000000	nan	nan	nan
6.000000000000000	nan	nan	nan
6.000000000000000	nan	nan	nan
6.000000000000000	nan	nan	nan
6.000000000000000	nan	nan	nan
6.000000000000000	nan	nan	nan
6.000000000000000	nan	nan	nan
6.000000000000000	nan	nan	nan
6.000000000000000	nan	nan	nan
6.000000000000000	nan	nan	nan
6.000000000000000	nan	nan	nan
6.000000000000000	nan	nan	nan
6.000000000000000	nan	nan	nan
6.000000000000000	nan	nan	nan
6.000000000000000	nan	nan	nan
6.000000000000000	nan	nan	nan
6.000000000000000	nan	nan	nan
6.000000000000000	nan	nan	nan
6.000000000000000	nan	nan	nan
6.000000000000000	nan	nan	nan
6.000000000000000	nan	nan	nan
6.000000000000000	nan	nan	nan
6.000000000000000	nan	nan	nan
6.000000000000000	nan	nan	nan
6.000000000000000	nan	nan	nan
6.000000000000000	nan	nan	nan
6.000000000000000	nan	nan	nan
6.000000000000000	nan	nan	nan
6.000000000000000	nan	nan	nan
6.000000000000000	nan	nan	nan
6.000000000000000	nan	nan	nan
6.000000000000000	nan	nan	nan
6.000000000000000	nan	nan	nan
6.000000000000000	nan	nan	nan


7.000000000000000	nan	nan	nan
7.000000000000000	nan	nan	nan
7.000000000000000	nan	nan	nan
7.000000000000000	nan	nan	nan
7.000000000000000	nan	nan	nan
7.000000000000000	nan	nan	nan
7.000000000000000	nan	nan	nan
7.000000000000000	nan	nan	nan
7.000000000000000	nan	nan	nan
7.000000000000000	nan	nan	nan
7.000000000000000	nan	nan	nan
7.000000000000000	nan	nan	nan
7.000000000000000	nan	nan	nan
7.000000000000000	nan	nan	nan
7.000000000000000	nan	nan	nan
7.000000000000000	nan	nan	nan
7.000000000000000	nan	nan	nan
7.000000000000000	nan	nan	nan
7.000000000000000	nan	nan	nan
7.000000000000000	nan	nan	nan
7.000000000000000	nan	nan	nan
7.000000000000000	nan	nan	nan
7.000000000000000	nan	nan	nan
7.000000000000000	nan	nan	nan
7.000000000000000	nan	nan	nan
7.000000000000000	nan	nan	nan
7.000000000000000	nan	nan	nan
7.000000000000000	nan	nan	nan
7.000000000000000	nan	nan	nan
7.000000000000000	nan	nan	nan
7.000000000000000	nan	nan	nan
7.000000000000000	nan	nan	nan
7.000000000000000	nan	nan	nan
7.000000000000000	nan	nan	nan
7.000000000000000	nan	nan	nan
7.000000000000000	nan	nan	nan
7.000000000000000	nan	nan	nan
7.000000000000000	nan	nan	nan
7.000000000000000	nan	nan	nan
7.000000000000000	nan	nan	nan
7.000000000000000	nan	nan	nan
7.000000000000000	nan	nan	nan
7.000000000000000	nan	nan	nan
7.000000000000000	nan	nan	nan
7.000000000000000	nan	nan	nan
7.000000000000000	nan	nan	nan
7.000000000000000	nan	nan	nan
7.000000000000000	nan	nan	nan
7.000000000000000	nan	nan	nan
7.000000000000000	nan	nan	nan
7.000000000000000	nan	nan	nan
7.000000000000000	nan	nan	nan
7.000000000000000	nan	nan	nan
7.000000000000000	nan	nan	nan
7.000000000000000	nan	nan	nan
7.000000000000000	nan	nan	nan
7.000000000000000	nan	nan	nan
7.000000000000000	nan	nan	nan
7.000000000000000	nan	nan	nan
7.000000000000000	nan	nan	nan
7.000000000000000	nan	nan	nan
7.000000000000000	nan	nan	nan
7.000000000000000	nan	nan	nan
7.000000000000000	nan	nan	nan
7.000000000000000	nan	nan	nan
7.000000000000000	nan	nan	nan
7.000000000000000	nan	nan	nan
7.000000000000000	nan	nan	nan
7.000000000000000	nan	nan	nan
7.000000000000000	nan	nan	nan
7.000000000000000	nan	nan	nan
7.000000000000000	nan	nan	nan
7.000000000000000	nan	nan	nan
7.000000000000000	nan	nan	nan
7.000000000000000	nan	nan	nan
7.000000000000000	nan	nan	nan
7.000000000000000	nan	nan	nan
7.000000000000000	nan	nan	nan
7.000000000000000	nan	nan	nan
7.000000000000000	nan	nan	nan
7.000000000000000	nan	nan	nan
7.000000000000000	nan	nan	nan
7.000000000000000	nan	nan	nan
7.000000000000000	nan	nan	nan
7.000000000000000	nan	nan	nan
7.000000000000000	nan	nan	nan
7.000000000000000	nan	nan	nan
7.000000000000000	nan	nan	nan
7.000000000000000	nan	nan	nan
7.000000000000000	nan	nan	nan
7.000000000000000	nan	nan	nan
7.000000000000000	nan	nan	nan
7.000000000000000	nan	nan	nan
7.000000000000000	nan	nan	nan
7.000000000000000	nan	nan	nan
7.000000000000000	nan	nan	nan
7.000000000000000	nan	nan	nan
7.000000000000000	nan	nan	nan
7.000000000000000	nan	nan	nan
7.000000000000000	nan	nan	nan


8.000000000000000	nan	nan	nan
8.000000000000000	nan	nan	nan
8.000000000000000	nan	nan	nan
8.000000000000000	nan	nan	nan
8.000000000000000	nan	nan	nan
8.000000000000000	nan	nan	nan
8.000000000000000	nan	nan	nan
8.000000000000000	nan	nan	nan
8.000000000000000	nan	nan	nan
8.000000000000000	nan	nan	nan
8.000000000000000	nan	nan	nan
8.000000000000000	nan	nan	nan
8.000000000000000	nan	nan	nan
8.000000000000000	nan	nan	nan
8.000000000000000	nan	nan	nan
8.000000000000000	nan	nan	nan
8.000000000000000	nan	nan	nan
8.000000000000000	nan	nan	nan
8.000000000000000	nan	nan	nan
8.000000000000000	nan	nan	nan
8.000000000000000	nan	nan	nan
8.000000000000000	nan	nan	nan
8.000000000000000	nan	nan	nan
8.000000000000000	nan	nan	nan
8.000000000000000	nan	nan	nan
8.000000000000000	nan	nan	nan
8.000000000000000	nan	nan	nan
8.000000000000000	nan	nan	nan
8.000000000000000	nan	nan	nan
8.000000000000000	nan	nan	nan
8.000000000000000	nan	nan	nan
8.000000000000000	nan	nan	nan
8.000000000000000	nan	nan	nan
8.000000000000000	nan	nan	nan
8.000000000000000	nan	nan	nan
8.000000000000000	nan	nan	nan
8.000000000000000	nan	nan	nan
8.000000000000000	nan	nan	nan
8.000000000000000	nan	nan	nan
8.000000000000000	nan	nan	nan
8.000000000000000	nan	nan	nan
8.000000000000000	nan	nan	nan
8.000000000000000	nan	nan	nan
8.000000000000000	nan	nan	nan
8.000000000000000	nan	nan	nan
8.000000000000000	nan	nan	nan
8.000000000000000	nan	nan	nan
8.000000000000000	nan	nan	nan
8.000000000000000	nan	nan	nan
8.000000000000000	nan	nan	nan
8.000000000000000	nan	nan	nan
8.000000000000000	nan	nan	nan
8.000000000000000	nan	nan	nan
8.000000000000000	nan	nan	nan
8.000000000000000	nan	nan	nan
8.000000000000000	nan	nan	nan
8.000000000000000	nan	nan	nan
8.000000000000000	nan	nan	nan
8.000000000000000	nan	nan	nan
8.000000000000000	nan	nan	nan
8.000000000000000	nan	nan	nan
8.000000000000000	nan	nan	nan
8.000000000000000	nan	nan	nan
8.000000000000000	nan	nan	nan
8.000000000000000	nan	nan	nan
8.000000000000000	nan	nan	nan
8.000000000000000	nan	nan	nan
8.000000000000000	nan	nan	nan
8.000000000000000	nan	nan	nan
8.000000000000000	nan	nan	nan
8.000000000000000	nan	nan	nan
8.000000000000000	nan	nan	nan
8.000000000000000	nan	nan	nan
8.000000000000000	nan	nan	nan
8.000000000000000	nan	nan	nan
8.000000000000000	nan	nan	nan
8.000000000000000	nan	nan	nan
8.000000000000000	nan	nan	nan
8.000000000000000	nan	nan	nan
8.000000000000000	nan	nan	nan
8.000000000000000	nan	nan	nan
8.000000000000000	nan	nan	nan
8.000000000000000	nan	nan	nan
8.000000000000000	nan	nan	nan
8.000000000000000	nan	nan	nan
8.000000000000000	nan	nan	nan
8.000000000000000	nan	nan	nan
8.000000000000000	nan	nan	nan
8.000000000000000	nan	nan	nan
8.000000000000000	nan	nan	nan
8.000000000000000	nan	nan	nan
8.000000000000000	nan	nan	nan
8.000000000000000	nan	nan	nan
8.000000000000000	nan	nan	nan
8.000000000000000	nan	nan	nan
8.000000000000000	nan	nan	nan
8.000000000000000	nan	nan	nan
8.000000000000000	nan	nan	nan
8.000000000000000	nan	nan	nan
8.000000000000000	nan	nan	nan


9.000000000000000	nan	nan	nan
9.000000000000000	nan	nan	nan
9.000000000000000	nan	nan	nan
9.000000000000000	nan	nan	nan
9.000000000000000	nan	nan	nan
9.000000000000000	nan	nan	nan
9.000000000000000	nan	nan	nan
9.000000000000000	nan	nan	nan
9.000000000000000	nan	nan	nan
9.000000000000000	nan	nan	nan
9.000000000000000	nan	nan	nan
9.000000000000000	nan	nan	nan
9.000000000000000	nan	nan	nan
9.000000000000000	nan	nan	nan
9.000000000000000	nan	nan	nan
9.000000000000000	nan	nan	nan
9.000000000000000	nan	nan	nan
9.000000000000000	nan	nan	nan
9.000000000000000	nan	nan	nan
9.000000000000000	nan	nan	nan
9.000000000000000	nan	nan	nan
9.000000000000000	nan	nan	nan
9.000000000000000	nan	nan	nan
9.000000000000000	nan	nan	nan
9.000000000000000	nan	nan	nan
9.000000000000000	nan	nan	nan
9.000000000000000	nan	nan	nan
9.000000000000000	nan	nan	nan
9.000000000000000	nan	nan	nan
9.000000000000000	nan	nan	nan
9.000000000000000	nan	nan	nan
9.000000000000000	nan	nan	nan
9.000000000000000	nan	nan	nan
9.000000000000000	nan	nan	nan
9.000000000000000	nan	nan	nan
9.000000000000000	nan	nan	nan
9.000000000000000	nan	nan	nan
9.000000000000000	nan	nan	nan
9.000000000000000	nan	nan	nan
9.000000000000000	nan	nan	nan
9.000000000000000	nan	nan	nan
9.000000000000000	nan	nan	nan
9.000000000000000	nan	nan	nan
9.000000000000000	nan	nan	nan
9.000000000000000	nan	nan	nan
9.000000000000000	nan	nan	nan
9.000000000000000	nan	nan	nan
9.000000000000000	nan	nan	nan
9.000000000000000	nan	nan	nan
9.000000000000000	nan	nan	nan
9.000000000000000	nan	nan	nan
9.000000000000000	nan	nan	nan
9.000000000000000	nan	nan	nan
9.000000000000000	nan	nan	nan
9.000000000000000	nan	nan	nan
9.000000000000000	nan	nan	nan
9.000000000000000	nan	nan	nan
9.000000000000000	nan	nan	nan
9.000000000000000	nan	nan	nan
9.000000000000000	nan	nan	nan
9.000000000000000	nan	nan	nan
9.000000000000000	nan	nan	nan
9.000000000000000	nan	nan	nan
9.000000000000000	nan	nan	nan
9.000000000000000	nan	nan	nan
9.000000000000000	nan	nan	nan
9.000000000000000	nan	nan	nan
9.000000000000000	nan	nan	nan
9.000000000000000	nan	nan	nan
9.000000000000000	nan	nan	nan
9.000000000000000	nan	nan	nan
9.000000000000000	nan	nan	nan
9.000000000000000	nan	nan	nan
9.000000000000000	nan	nan	nan
9.000000000000000	nan	nan	nan
9.000000000000000	nan	nan	nan
9.000000000000000	nan	nan	nan
9.000000000000000	nan	nan	nan
9.000000000000000	nan	nan	nan
9.000000000000000	nan	nan	nan
9.000000000000000	nan	nan	nan
9.000000000000000	nan	nan	nan
9.000000000000000	nan	nan	nan
9.000000000000000	nan	nan	nan
9.000000000000000	nan	nan	nan
9.000000000000000	nan	nan	nan
9.000000000000000	nan	nan	nan
9.000000000000000	nan	nan	nan
9.000000000000000	nan	nan	nan
9.000000000000000	nan	nan	nan
9.000000000000000	nan	nan	nan
9.000000000000000	nan	nan	nan
9.000000000000000	nan	nan	nan
9.000000000000000	nan	nan	nan
9.000000000000000	nan	nan	nan
9.000000000000000	nan	nan	nan
9.000000000000000	nan	nan	nan
9.000000000000000	nan	nan	nan
9.000000000000000	nan	nan	nan
9.000000000000000	nan	nan	nan


10.000000000000000	-0.141524632827055	1.640581916240493	0.255426033606551
10.000000000000000	-0.284475934732735	1.626112394169526	0.237702398613360
10.000000000000000	-0.426032642741777	1.602207361697124	0.218572022566562
10.000000000000000	-0.565624757952587	1.568963075951920	0.198111936738550
10.000000000000000	-0.702690192185377	1.526513399939246	0.176404526673695
10.000000000000000	-0.836677031312884	1.475029263522057	0.153537200450833
10.000000000000000	-0.967045757623761	1.414717975146701	0.129602036721782
10.000000000000000	-1.093271422269983	1.345822387084970	0.104695413943112
10.000000000000000	-1.214845759050582	1.268619917553721	0.078917622294117
10.000000000000000	-1.331279231020247	1.183421433649626	0.052372459843655
10.000000000000000	-1.442103001681825	1.090569999597093	0.025166814591964
10.000000000000000	-1.546870822825420	0.990439495349715	-0.002589765929589
10.000000000000000	-1.645160831412438	0.883433111107660	-0.030785515767756
10.000000000000000	-1.736577248269144	0.769981723813035	-0.059306900589454
10.000000000000000	-1.820751971749712	0.650542162160514	-0.088039074844450
10.000000000000000	-1.897346059951628	0.525595367109422	-0.116866344207862
10.000000000000000	-1.966051095515110	0.395644455304239	-0.145672631440368
10.000000000000000	-2.026590427510958	0.261212693201438	-0.174341943790282
10.000000000000000	-2.078720285416205	0.122841390060155	-0.202758840055426
10.000000000000000	-2.122230760691975	-0.018912281719149	-0.230808895424108
10.000000000000000	-2.156946652011083	-0.163477530131294	-0.258379162223449
10.000000000000000	-2.182728170731945	-0.310272241944328	-0.285358624719803
10.000000000000000	-2.199471503778098	-0.458705326664059	-0.311638646139930
10.000000000000000	-2.207109231656821	-0.608179096646853	-0.337113406112941
10.000000000000000	-2.205610599933635	-0.758091673776825	-0.361680326771582
10.000000000000000	-2.194981643069555	-0.907839413016581	-0.385240485797103
10.000000000000000	-2.175265160122450	-1.056819333072736	-0.407699014744519
10.000000000000000	-2.146540542410337	-1.204431544388758	-0.428965481044357
10.000000000000000	-2.108923453830570	-1.350081664688487	-0.448954252142694
10.000000000000000	-2.062565365122141	-1.493183212343778	-0.467584840313229
10.000000000000000	-2.007652943946479	-1.633159967929025	-0.484782226752950
10.000000000000000	-1.944407303242665	-1.769448294453406	-0.500477163656374
10.000000000000000	-1.873083110883656	-1.901499406928126	-0.514606453052021
10.000000000000000	-1.793967564218652	-2.028781582129866	-0.527113201278340
10.000000000000000	-1.707379233630736	-2.150782299662538	-0.537947048074402
10.000000000000000	-1.613666779766372	-2.267010305696032	-0.547064369362898
10.000000000000000	-1.513207549602047	-2.376997591072001	-0.554428452908901
10.000000000000000	-1.406406057001170	-2.480301275811565	-0.560009646147079
10.000000000000000	-1.293692353879527	-2.576505392436667	-0.563785475582109
10.000000000000000	-1.175520298537988	-2.665222560924302	-0.565740737281511
10.000000000000000	-1.052365728135323	-2.746095548549143	-0.565867558096520
10.000000000000000	-0.924724542659906	-2.818798708333641	-0.564165427364474
10.000000000000000	-0.793110708115484	-2.883039290313470	-0.560641198965074
10.000000000000000	-0.658054186961485	-2.938558620338314	-0.555309063722231
10.000000000000000	-0.520098804141241	-2.985133141661360	-0.548190492262624
10.000000000000000	-0.379800057290872	-3.022575315123430	-0.539314148561064
10.000000000000000	-0.237722879946380	-3.050734374306973	-0.528715774520788
10.000000000000000	-0.094439366755675	-3.069496932619221	-0.516438046053426
10.000000000000000	0.049473530144648	-3.078787439859980	-0.502530401238169
10.000000000000000	0.193436324311929	-3.078568486435618	-0.487048841252071
10.000000000000000	0.336869328384831	-3.068840953994295	-0.470055704873075
10.000000000000000	0.479194988279734	-3.049644011875882	-0.451619417463758
10.000000000000000	0.619840208797198	-3.021054959390847	-0.431814215446545
10.000000000000000	0.758238661274052	-2.983188914563221	-0.410719847379837
10.000000000000000	0.893833063989046	-2.936198350590940	-0.388421252838713
10.000000000000000	1.026077426139643	-2.880272481890092	-0.365008220393238
10.000000000000000	1.154439246354288	-2.815636502195251	-0.340575026061589
10.000000000000000	1.278401656887479	-2.742550677783780	-0.315220053693793
10.000000000000000	1.397465504863763	-2.661309299475398	-0.289045398814698
10.000000000000000	1.511151362190179	-2.572239497626915	-0.262156457521320
10.000000000000000	1.619001456043991	-2.475699924893743	-0.234661502089962
10.000000000000000	1.720581512162267	-2.372079312062239	-0.206671245001974
10.000000000000000	1.815482503511066	-2.261794902768023	-0.178298393143663
10.000000000000000	1.903322297292942	-2.145290773403131	-0.149657193975440
10.000000000000000	1.983747193660842	-2.023036044977106	-0.120862975497623
10.000000000000000	2.056433349942558	-1.895522994132278	-0.092031681865283
10.000000000000000	2.121088084640871	-1.763265070919459	-0.063279406522050
10.000000000000000	2.177451055958634	-1.626794831315821	-0.034721924732797
10.000000000000000	2.225295310103312	-1.486661792809925	-0.006474227397503
10.000000000000000	2.264428195149796	-1.343430221688751	0.021349941976511
10.000000000000000	2.294692136781710	-1.197676860936513	0.048638545279544
10.000000000000000	2.315965272787574	-1.049988607894223	0.075281700937436
10.000000000000000	2.328161943756911	-0.900960151031231	0.101172126365890
10.000000000000000	2.331233038000468	-0.751191575344660	0.126205569959568
10.000000000000000	2.325166189305650	-0.601285946028912	0.150281230876518
10.000000000000000	2.309985826730893	-0.451846880144988	0.173302164927580
10.000000000000000	2.285753076238473	-0.303476116067612	0.195175674936428
10.000000000000000	2.252565514561823	-0.156771090497189	0.215813683998373
10.000000000000000	2.210556776298473	-0.012322532793063	0.235133090134981
10.000000000000000	2.159896015810687	0.129287913685105	0.253056100916403
10.000000000000000	2.100787226100549	0.267490033649874	0.269510546704038
10.000000000000000	2.033468417402142	0.401727335941726	0.284430171252192
10.000000000000000	1.958210658798343	0.531459294322546	0.297754898498599
10.000000000000000	1.875316986721290	0.656163523984024	0.309431074469518
10.000000000000000	1.785121184731634	0.775337885006893	0.319411683325345
10.000000000000000	1.687986439489939	0.888502504301163	0.327656536676814
10.000000000000000	1.584303878332192	0.995201707885682	0.334132435409448
10.000000000000000	1.474490994338062	1.095005855726435	0.338813303364677
10.000000000000000	1.358989965233619	1.187513071745318	0.341680292339329
10.000000000000000	1.238265872897696	1.272350862033271	0.342721857980691
10.000000000000000	1.112804830641317	1.349177614751771	0.341933806271536
10.000000000000000	0.983112025800955	1.417683975683146	0.339319310417962
10.000000000000000	0.849709685527434	1.477594093890818	0.334888898072000
10.000000000000000	0.713134973961509	1.528666732473668	0.328660408940480
10.000000000000000	0.573937829263466	1.570696239941892	0.320658922950829
10.000000000000000	0.432678749206237	1.603513378302968	0.310916659263053
10.000000000000000	0.289926534248699	1.626986004523322	0.299472846534550
10.000000000000000	0.146255997176985	1.641019602621680	0.286373564960157
10.000000000000000	0.002245648536260	1.645557664251571	0.271671560723464
10.000000000000000	-0.141524632827054	1.640581916240493	0.255426033606551


11.000000000000000	nan	nan	nan
11.000000000000000	nan	nan	nan
11.000000000000000	nan	nan	nan
11.000000000000000	nan	nan	nan
11.000000000000000	nan	nan	nan
11.000000000000000	nan	nan	nan
11.000000000000000	nan	nan	nan
11.000000000000000	nan	nan	nan
11.000000000000000	nan	nan	nan
11.000000000000000	nan	nan	nan
11.000000000000000	nan	nan	nan
11.000000000000000	nan	nan	nan
11.000000000000000	nan	nan	nan
11.000000000000000	nan	nan	nan
11.000000000000000	nan	nan	nan
11.000000000000000	nan	nan	nan
11.000000000000000	nan	nan	nan
11.000000000000000	nan	nan	nan
11.000000000000000	nan	nan	nan
11.000000000000000	nan	nan	nan
11.000000000000000	nan	nan	nan
11.000000000000000	nan	nan	nan
11.000000000000000	nan	nan	nan
11.000000000000000	nan	nan	nan
11.000000000000000	nan	nan	nan
11.000000000000000	nan	nan	nan
11.000000000000000	nan	nan	nan
11.000000000000000	nan	nan	nan
11.000000000000000	nan	nan	nan
11.000000000000000	nan	nan	nan
11.000000000000000	nan	nan	nan
11.000000000000000	nan	nan	nan
11.000000000000000	nan	nan	nan
11.000000000000000	nan	nan	nan
11.000000000000000	nan	nan	nan
11.000000000000000	nan	nan	nan
11.000000000000000	nan	nan	nan
11.000000000000000	nan	nan	nan
11.000000000000000	nan	nan	nan
11.000000000000000	nan	nan	nan
11.000000000000000	nan	nan	nan
11.000000000000000	nan	nan	nan
11.000000000000000	nan	nan	nan
11.000000000000000	nan	nan	nan
11.000000000000000	nan	nan	nan
11.000000000000000	nan	nan	nan
11.000000000000000	nan	nan	nan
11.000000000000000	nan	nan	nan
11.000000000000000	nan	nan	nan
11.000000000000000	nan	nan	nan
11.000000000000000	nan	nan	nan
11.000000000000000	nan	nan	nan
11.000000000000000	nan	nan	nan
11.000000000000000	nan	nan	nan
11.000000000000000	nan	nan	nan
11.000000000000000	nan	nan	nan
11.000000000000000	nan	nan	nan
11.000000000000000	nan	nan	nan
11.000000000000000	nan	nan	nan
11.000000000000000	nan	nan	nan
11.000000000000000	nan	nan	nan
11.000000000000000	nan	nan	nan
11.000000000000000	nan	nan	nan
11.000000000000000	nan	nan	nan
11.000000000000000	nan	nan	nan
11.000000000000000	nan	nan	nan
11.000000000000000	nan	nan	nan
11.000000000000000	nan	nan	nan
11.000000000000000	nan	nan	nan
11.000000000000000	nan	nan	nan
11.000000000000000	nan	nan	nan
11.000000000000000	nan	nan	nan
11.000000000000000	nan	nan	nan
11.000000000000000	nan	nan	nan
11.000000000000000	nan	nan	nan
11.000000000000000	nan	nan	nan
11.000000000000000	nan	nan	nan
11.000000000000000	nan	nan	nan
11.000000000000000	nan	nan	nan
11.000000000000000	nan	nan	nan
11.000000000000000	nan	nan	nan
11.000000000000000	nan	nan	nan
11.000000000000000	nan	nan	nan
11.000000000000000	nan	nan	nan
11.000000000000000	nan	nan	nan
11.000000000000000	nan	nan	nan
11.000000000000000	nan	nan	nan
11.000000000000000	nan	nan	nan
11.000000000000000	nan	nan	nan
11.000000000000000	nan	nan	nan
11.000000000000000	nan	nan	nan
11.000000000000000	nan	nan	nan
11.000000000000000	nan	nan	nan
11.000000000000000	nan	nan	nan
11.000000000000000	nan	nan	nan
11.000000000000000	nan	nan	nan
11.000000000000000	nan	nan	nan
11.000000000000000	nan	nan	nan
11.000000000000000	nan	nan	nan
11.000000000000000	nan	nan	nan


12.000000000000000	nan	nan	nan
12.000000000000000	nan	nan	nan
12.000000000000000	nan	nan	nan
12.000000000000000	nan	nan	nan
12.000000000000000	nan	nan	nan
12.000000000000000	nan	nan	nan
12.000000000000000	nan	nan	nan
12.000000000000000	nan	nan	nan
12.000000000000000	nan	nan	nan
12.000000000000000	nan	nan	nan
12.000000000000000	nan	nan	nan
12.000000000000000	nan	nan	nan
12.000000000000000	nan	nan	nan
12.000000000000000	nan	nan	nan
12.000000000000000	nan	nan	nan
12.000000000000000	nan	nan	nan
12.000000000000000	nan	nan	nan
12.000000000000000	nan	nan	nan
12.000000000000000	nan	nan	nan
12.000000000000000	nan	nan	nan
12.000000000000000	nan	nan	nan
12.000000000000000	nan	nan	nan
12.000000000000000	nan	nan	nan
12.000000000000000	nan	nan	nan
12.000000000000000	nan	nan	nan
12.000000000000000	nan	nan	nan
12.000000000000000	nan	nan	nan
12.000000000000000	nan	nan	nan
12.000000000000000	nan	nan	nan
12.000000000000000	nan	nan	nan
12.000000000000000	nan	nan	nan
12.000000000000000	nan	nan	nan
12.000000000000000	nan	nan	nan
12.000000000000000	nan	nan	nan
12.000000000000000	nan	nan	nan
12.000000000000000	nan	nan	nan
12.000000000000000	nan	nan	nan
12.000000000000000	nan	nan	nan
12.000000000000000	nan	nan	nan
12.000000000000000	nan	nan	nan
12.000000000000000	nan	nan	nan
12.000000000000000	nan	nan	nan
12.000000000000000	nan	nan	nan
12.000000000000000	nan	nan	nan
12.000000000000000	nan	nan	nan
12.000000000000000	nan	nan	nan
12.000000000000000	nan	nan	nan
12.000000000000000	nan	nan	nan
12.000000000000000	nan	nan	nan
12.000000000000000	nan	nan	nan
12.000000000000000	nan	nan	nan
12.000000000000000	nan	nan	nan
12.000000000000000	nan	nan	nan
12.000000000000000	nan	nan	nan
12.000000000000000	nan	nan	nan
12.000000000000000	nan	nan	nan
12.000000000000000	nan	nan	nan
12.000000000000000	nan	nan	nan
12.000000000000000	nan	nan	nan
12.000000000000000	nan	nan	nan
12.000000000000000	nan	nan	nan
12.000000000000000	nan	nan	nan
12.000000000000000	nan	nan	nan
12.000000000000000	nan	nan	nan
12.000000000000000	nan	nan	nan
12.000000000000000	nan	nan	nan
12.000000000000000	nan	nan	nan
12.000000000000000	nan	nan	nan
12.000000000000000	nan	nan	nan
12.000000000000000	nan	nan	nan
12.000000000000000	nan	nan	nan
12.000000000000000	nan	nan	nan
12.000000000000000	nan	nan	nan
12.000000000000000	nan	nan	nan
12.000000000000000	nan	nan	nan
12.000000000000000	nan	nan	nan
12.000000000000000	nan	nan	nan
12.000000000000000	nan	nan	nan
12.000000000000000	nan	nan	nan
12.000000000000000	nan	nan	nan
12.000000000000000	nan	nan	nan
12.000000000000000	nan	nan	nan
12.000000000000000	nan	nan	nan
12.000000000000000	nan	nan	nan
12.000000000000000	nan	nan	nan
12.000000000000000	nan	nan	nan
12.000000000000000	nan	nan	nan
12.000000000000000	nan	nan	nan
12.000000000000000	nan	nan	nan
12.000000000000000	nan	nan	nan
12.000000000000000	nan	nan	nan
12.000000000000000	nan	nan	nan
12.000000000000000	nan	nan	nan
12.000000000000000	nan	nan	nan
12.000000000000000	nan	nan	nan
12.000000000000000	nan	nan	nan
12.000000000000000	nan	nan	nan
12.000000000000000	nan	nan	nan
12.000000000000000	nan	nan	nan
12.000000000000000	nan	nan	nan


13.000000000000000	nan	nan	nan
13.000000000000000	nan	nan	nan
13.000000000000000	nan	nan	nan
13.000000000000000	nan	nan	nan
13.000000000000000	nan	nan	nan
13.000000000000000	nan	nan	nan
13.000000000000000	nan	nan	nan
13.000000000000000	nan	nan	nan
13.000000000000000	nan	nan	nan
13.000000000000000	nan	nan	nan
13.000000000000000	nan	nan	nan
13.000000000000000	nan	nan	nan
13.000000000000000	nan	nan	nan
13.000000000000000	nan	nan	nan
13.000000000000000	nan	nan	nan
13.000000000000000	nan	nan	nan
13.000000000000000	nan	nan	nan
13.000000000000000	nan	nan	nan
13.000000000000000	nan	nan	nan
13.000000000000000	nan	nan	nan
13.000000000000000	nan	nan	nan
13.000000000000000	nan	nan	nan
13.000000000000000	nan	nan	nan
13.000000000000000	nan	nan	nan
13.000000000000000	nan	nan	nan
13.000000000000000	nan	nan	nan
13.000000000000000	nan	nan	nan
13.000000000000000	nan	nan	nan
13.000000000000000	nan	nan	nan
13.000000000000000	nan	nan	nan
13.000000000000000	nan	nan	nan
13.000000000000000	nan	nan	nan
13.000000000000000	nan	nan	nan
13.000000000000000	nan	nan	nan
13.000000000000000	nan	nan	nan
13.000000000000000	nan	nan	nan
13.000000000000000	nan	nan	nan
13.000000000000000	nan	nan	nan
13.000000000000000	nan	nan	nan
13.000000000000000	nan	nan	nan
13.000000000000000	nan	nan	nan
13.000000000000000	nan	nan	nan
13.000000000000000	nan	nan	nan
13.000000000000000	nan	nan	nan
13.000000000000000	nan	nan	nan
13.000000000000000	nan	nan	nan
13.000000000000000	nan	nan	nan
13.000000000000000	nan	nan	nan
13.000000000000000	nan	nan	nan
13.000000000000000	nan	nan	nan
13.000000000000000	nan	nan	nan
13.000000000000000	nan	nan	nan
13.000000000000000	nan	nan	nan
13.000000000000000	nan	nan	nan
13.000000000000000	nan	nan	nan
13.000000000000000	nan	nan	nan
13.000000000000000	nan	nan	nan
13.000000000000000	nan	nan	nan
13.000000000000000	nan	nan	nan
13.000000000000000	nan	nan	nan
13.000000000000000	nan	nan	nan
13.000000000000000	nan	nan	nan
13.000000000000000	nan	nan	nan
13.000000000000000	nan	nan	nan
13.000000000000000	nan	nan	nan
13.000000000000000	nan	nan	nan
13.000000000000000	nan	nan	nan
13.000000000000000	nan	nan	nan
13.000000000000000	nan	nan	nan
13.000000000000000	nan	nan	nan
13.000000000000000	nan	nan	nan
13.000000000000000	nan	nan	nan
13.000000000000000	nan	nan	nan
13.000000000000000	nan	nan	nan
13.000000000000000	nan	nan	nan
13.000000000000000	nan	nan	nan
13.000000000000000	nan	nan	nan
13.000000000000000	nan	nan	nan
13.000000000000000	nan	nan	nan
13.000000000000000	nan	nan	nan
13.000000000000000	nan	nan	nan
13.000000000000000	nan	nan	nan
13.000000000000000	nan	nan	nan
13.000000000000000	nan	nan	nan
13.000000000000000	nan	nan	nan
13.000000000000000	nan	nan	nan
13.000000000000000	nan	nan	nan
13.000000000000000	nan	nan	nan
13.000000000000000	nan	nan	nan
13.000000000000000	nan	nan	nan
13.000000000000000	nan	nan	nan
13.000000000000000	nan	nan	nan
13.000000000000000	nan	nan	nan
13.000000000000000	nan	nan	nan
13.000000000000000	nan	nan	nan
13.000000000000000	nan	nan	nan
13.000000000000000	nan	nan	nan
13.000000000000000	nan	nan	nan
13.000000000000000	nan	nan	nan
13.000000000000000	nan	nan	nan


14.000000000000000	0.595984395103772	2.140236768027983	0.231423760481260
14.000000000000000	0.452240825494777	2.178554029542439	0.200607187440697
14.000000000000000	0.306497689353414	2.207457824402434	0.168913507279588
14.000000000000000	0.159341842849794	2.226831767227481	0.136470339261856
14.000000000000000	0.011365830640047	2.236597845987736	0.103408320574493
14.000000000000000	-0.136834500101870	2.236716736130908	0.069860580297720
14.000000000000000	-0.284662398950441	2.227187958928353	0.035962203341165
14.000000000000000	-0.431522615131940	2.208049883402742	0.001849686504612
14.000000000000000	-0.576823794389202	2.179379571829552	-0.032339611146438
14.000000000000000	-0.719980860156504	2.141292469434481	-0.066468021377245
14.000000000000000	-0.860417369456394	2.093941939536269	-0.100398121125219
14.000000000000000	-0.997567834032114	2.037518646006741	-0.133993285854091
14.000000000000000	-1.130879997369219	1.972249785534690	-0.167118239692704
14.000000000000000	-1.259817058437648	1.898398172785001	-0.199639600143194
14.000000000000000	-1.383859833200009	1.816261182136748	-0.231426415165239
14.000000000000000	-1.502508845182460	1.726169550261535	-0.262350690473705
14.000000000000000	-1.615286336690177	1.628486044363642	-0.292287904926452
14.000000000000000	-1.721738192568971	1.523604001444534	-0.321117511927035
14.000000000000000	-1.821435768766738	1.411945744473586	-0.348723424823292
14.000000000000000	-1.913977618331767	1.293960881842531	-0.374994484347323
14.000000000000000	-1.998991107897929	1.170124496951164	-0.399824906214634
14.000000000000000	-2.076133918147721	1.040935235214161	-0.423114707080107
14.000000000000000	-2.145095422211345	0.906913296191992	-0.444770107135646
14.000000000000000	-2.205597936451467	0.768598338930892	-0.464703907728367
14.000000000000000	-2.257397838597228	0.626547308946348	-0.482835842478793
14.000000000000000	-2.300286548725140	0.481332195600082	-0.499092900485238
14.000000000000000	-2.334091369136820	0.333537728900771	-0.513409620312937
14.000000000000000	-2.358676179751672	0.183759025002677	-0.525728353584141
14.000000000000000	-2.373941986214406	0.032599189882937	-0.535999497107787
14.000000000000000	-2.379827318510367	-0.119333109153345	-0.544181692614042
14.000000000000000	-2.376308478483590	-0.271426094361506	-0.550241993289457
14.000000000000000	-2.363399635260911	-0.423067340970385	-0.554155996442156
14.000000000000000	-2.341152768197893	-0.573646243200722	-0.555907941762868
14.000000000000000	-2.309657457576303	-0.722556472959120	-0.555490774786124
14.000000000000000	-2.269040523895943	-0.869198421307278	-0.552906175296103
14.000000000000000	-2.219465517213248	-1.012981612875563	-0.548164550562732
14.000000000000000	-2.161132058582942	-1.153327083498908	-0.541284993435287
14.000000000000000	-2.094275036254497	-1.289669711501175	-0.532295205462222
14.000000000000000	-2.019163659860060	-1.421460493240678	-0.521231385346816
14.000000000000000	-1.936100376402279	-1.548168753754087	-0.508138083187767
14.000000000000000	-1.845419652406972	-1.669284283597207	-0.493068021091669
14.000000000000000	-1.747486627144469	-1.784319393278330	-0.476081880879700
14.000000000000000	-1.642695642342654	-1.892810877011695	-0.457248059743341
14.000000000000000	-1.531468654311995	-1.994321877883704	-0.436642394833028
14.000000000000000	-1.414253534876423	-2.088443646921515	-0.414347857888714
14.000000000000000	-1.291522267951557	-2.174797188980910	-0.390454221141955
14.000000000000000	-1.163769049032068	-2.253034788825958	-0.365057695834821
14.000000000000000	-1.031508295240842	-2.322841411255557	-0.338260544811178
14.000000000000000	-0.895272573952786	-2.383935969638994	-0.310170670740310
14.000000000000000	-0.755610458333982	-2.436072457752604	-0.280901181630956
14.000000000000000	-0.613084318431149	-2.479040940360001	-0.250569935385275
14.000000000000000	-0.468268056705967	-2.512668398547185	-0.219299065226674
14.000000000000000	-0.321744797132402	-2.536819426408637	-0.187214487912422
14.000000000000000	-0.174104537162288	-2.551396776279113	-0.154445396711313
14.000000000000000	-0.025941772013814	-2.556341750315671	-0.121123741187967
14.000000000000000	0.122146899150891	-2.551634436853162	-0.087383695888505
14.000000000000000	0.269565175520023	-2.537293790581483	-0.053361120067011
14.000000000000000	0.415719455725002	-2.513377556221728	-0.019193010628260
14.000000000000000	0.560021228063688	-2.479982036008579	0.014983049510458
14.000000000000000	0.701889440229283	-2.437241701915194	0.049029445417193
14.000000000000000	0.840752839002898	-2.385328654182030	0.082809084272091
14.000000000000000	0.976052270488642	-2.324451928329924	0.116185947391796
14.000000000000000	1.107242931629015	-2.254856653447820	0.149025637928682
14.000000000000000	1.233796563934529	-2.176823065144450	0.181195922039521
14.000000000000000	1.355203580594208	-2.090665377138444	0.212567261344499
14.000000000000000	1.470975118401812	-1.996730516030581	0.243013334532554
14.000000000000000	1.580645006235433	-1.895396724352819	0.272411546012710
14.000000000000000	1.683771642164068	-1.787072037519116	0.300643519563251
14.000000000000000	1.779939771622736	-1.672192640810827	0.327595574990989
14.000000000000000	1.868762159496049	-1.551221113012528	0.353159185881276
14.000000000000000	1.949881149377352	-1.424644563770516	0.377231416595575
14.000000000000000	2.022970103724831	-1.292972672174186	0.399715336756942
14.000000000000000	2.087734719115621	-1.156735634458221	0.420520411554447
14.000000000000000	2.143914211301813	-1.016482029089491	0.439562866294902
14.000000000000000	2.191282365296573	-0.872776607835177	0.456766023733984
14.000000000000000	2.229648446262058	-0.726198021706741	0.472060612828432
14.000000000000000	2.258857967531291	-0.577336490936522	0.485385047666092
14.000000000000000	2.278793312671439	-0.426791428369182	0.496685675450650
14.000000000000000	2.289374209083678	-0.275169025837735	0.505916992542504
14.000000000000000	2.290558051232617	-0.123079813242998	0.513041827685860
14.000000000000000	2.282340072203752	0.028863799834852	0.518031491684262
14.000000000000000	2.264753362898149	0.180049990093504	0.520865892921860
14.000000000000000	2.237868738787061	0.329869984105007	0.521533618265254
14.000000000000000	2.201794454763023	0.477720509631511	0.520031979020156
14.000000000000000	2.156675769235606	0.623006224789643	0.516367021757811
14.000000000000000	2.102694359227070	0.765142115282151	0.510553503967591
14.000000000000000	2.040067588823118	0.903555850043994	0.502614834633793
14.000000000000000	1.969047633924437	1.037690085817554	0.492582979975919
14.000000000000000	1.889920466823355	1.167004711377213	0.480498334731997
14.000000000000000	1.803004704694345	1.290979022366636	0.466409559503223
14.000000000000000	1.708650326635126	1.409113817991425	0.450373384814898
14.000000000000000	1.607237264424353	1.520933411124541	0.432454382682625
14.000000000000000	1.499173872670439	1.625987543730466	0.412724706603590
14.000000000000000	1.384895284511676	1.723853199895397	0.391263801019896
14.000000000000000	1.264861659488665	1.814136309163031	0.368158081423836
14.000000000000000	1.139556330644254	1.896473333317208	0.343500586393205
14.000000000000000	1.009483858311961	1.970532730222001	0.317390602957781
14.000000000000000	0.875167998429604	2.036016288824873	0.289933266805503
14.000000000000000	0.737149593558982	2.092660329947347	0.261239138938160
14.000000000000000	0.595984395103773	2.140236768027983	0.231423760481260


15.000000000000000	nan	nan	nan
15.000000000000000	nan	nan	nan
15.000000000000000	nan	nan	nan
15.000000000000000	nan	nan	nan
15.000000000000000	nan	nan	nan
15.000000000000000	nan	nan	nan
15.000000000000000	nan	nan	nan
15.000000000000000	nan	nan	nan
15.000000000000000	nan	nan	nan
15.000000000000000	nan	nan	nan
15.000000000000000	nan	nan	nan
15.000000000000000	nan	nan	nan
15.000000000000000	nan	nan	nan
15.000000000000000	nan	nan	nan
15.000000000000000	nan	nan	nan
15.000000000000000	nan	nan	nan
15.000000000000000	nan	nan	nan
15.000000000000000	nan	nan	nan
15.000000000000000	nan	nan	nan
15.000000000000000	nan	nan	nan
15.000000000000000	nan	nan	nan
15.000000000000000	nan	nan	nan
15.000000000000000	nan	nan	nan
15.000000000000000	nan	nan	nan
15.000000000000000	nan	nan	nan
15.000000000000000	nan	nan	nan
15.000000000000000	nan	nan	nan
15.000000000000000	nan	nan	nan
15.000000000000000	nan	nan	nan
15.000000000000000	nan	nan	nan
15.000000000000000	nan	nan	nan
15.000000000000000	nan	nan	nan
15.000000000000000	nan	nan	nan
15.000000000000000	nan	nan	nan
15.000000000000000	nan	nan	nan
15.000000000000000	nan	nan	nan
15.000000000000000	nan	nan	nan
15.000000000000000	nan	nan	nan
15.000000000000000	nan	nan	nan
15.000000000000000	nan	nan	nan
15.000000000000000	nan	nan	nan
15.000000000000000	nan	nan	nan
15.000000000000000	nan	nan	nan
15.000000000000000	nan	nan	nan
15.000000000000000	nan	nan	nan
15.000000000000000	nan	nan	nan
15.000000000000000	nan	nan	nan
15.000000000000000	nan	nan	nan
15.000000000000000	nan	nan	nan
15.000000000000000	nan	nan	nan
15.000000000000000	nan	nan	nan
15.000000000000000	nan	nan	nan
15.000000000000000	nan	nan	nan
15.000000000000000	nan	nan	nan
15.000000000000000	nan	nan	nan
15.000000000000000	nan	nan	nan
15.000000000000000	nan	nan	nan
15.000000000000000	nan	nan	nan
15.000000000000000	nan	nan	nan
15.000000000000000	nan	nan	nan
15.000000000000000	nan	nan	nan
15.000000000000000	nan	nan	nan
15.000000000000000	nan	nan	nan
15.000000000000000	nan	nan	nan
15.000000000000000	nan	nan	nan
15.000000000000000	nan	nan	nan
15.000000000000000	nan	nan	nan
15.000000000000000	nan	nan	nan
15.000000000000000	nan	nan	nan
15.000000000000000	nan	nan	nan
15.000000000000000	nan	nan	nan
15.000000000000000	nan	nan	nan
15.000000000000000	nan	nan	nan
15.000000000000000	nan	nan	nan
15.000000000000000	nan	nan	nan
15.000000000000000	nan	nan	nan
15.000000000000000	nan	nan	nan
15.000000000000000	nan	nan	nan
15.000000000000000	nan	nan	nan
15.000000000000000	nan	nan	nan
15.000000000000000	nan	nan	nan
15.000000000000000	nan	nan	nan
15.000000000000000	nan	nan	nan
15.000000000000000	nan	nan	nan
15.000000000000000	nan	nan	nan
15.000000000000000	nan	nan	nan
15.000000000000000	nan	nan	nan
15.000000000000000	nan	nan	nan
15.000000000000000	nan	nan	nan
15.000000000000000	nan	nan	nan
15.000000000000000	nan	nan	nan
15.000000000000000	nan	nan	nan
15.000000000000000	nan	nan	nan
15.000000000000000	nan	nan	nan
15.000000000000000	nan	nan	nan
15.000000000000000	nan	nan	nan
15.000000000000000	nan	nan	nan
15.000000000000000	nan	nan	nan
15.000000000000000	nan	nan	nan
15.000000000000000	nan	nan	nan


16.000000000000000	0.025492505040042	-0.782554179069278	0.089473501809611
16.000000000000000	0.079404805148211	-0.779536680584158	0.085322546868189
16.000000000000000	0.132988501407921	-0.773108016071323	0.080796900730780
16.000000000000000	0.186027831186365	-0.763294071493808	0.075914786577082
16.000000000000000	0.238309223822426	-0.750134364142656	0.070695862957679
16.000000000000000	0.289622160600350	-0.733681883514734	0.065161144636000
16.000000000000000	0.339760022434314	-0.714002877942730	0.059332917969283
16.000000000000000	0.388520921850559	-0.691176587836500	0.053234651169277
16.000000000000000	0.435708515916991	-0.665294926609905	0.046890899804041
16.000000000000000	0.481132796846872	-0.636462110577933	0.040327207921336
16.000000000000000	0.524610857093114	-0.604794239314382	0.033570005191759
16.000000000000000	0.565967625852415	-0.570418828159854	0.026646500485789
16.000000000000000	0.605036574013597	-0.533474294762479	0.019584572313270
16.000000000000000	0.641660384711555	-0.494109401718906	0.012412656566488
16.000000000000000	0.675691586786755	-0.452482657559829	0.005159632018873
16.000000000000000	0.706993148599541	-0.408761678492075	-0.002145295959631
16.000000000000000	0.735439029808184	-0.363122513467303	-0.009472713002285
16.000000000000000	0.760914688888853	-0.315748935295010	-0.016793114186822
16.000000000000000	0.783317544353905	-0.266831700654286	-0.024077022841364
16.000000000000000	0.802557387811331	-0.216567781983995	-0.031295109236569
16.000000000000000	0.818556747202110	-0.165159574344287	-0.038418308686101
16.000000000000000	0.831251198752851	-0.112814080443120	-0.045417938579867
16.000000000000000	0.840589626387586	-0.059742077109418	-0.052265813878759
16.000000000000000	0.846534427554170	-0.006157266569172	-0.058934360605865
16.000000000000000	0.849061664636485	0.047724584057996	-0.065396726877136
16.000000000000000	0.848161161342773	0.101686511576874	-0.071626891024449
16.000000000000000	0.843836543681972	0.155511230350870	-0.077599766375681
16.000000000000000	0.836105225363055	0.208982007234581	-0.083291302269882
16.000000000000000	0.824998337676170	0.261883534281672	-0.088678580900798
16.000000000000000	0.810560604137927	0.314002795713990	-0.093739909598789
16.000000000000000	0.792850160405575	0.365129925660915	-0.098454908179551
16.000000000000000	0.771938320185235	0.415059053215153	-0.102804591007931
16.000000000000000	0.747909288076770	0.463589131402218	-0.106771443446371
16.000000000000000	0.720859820511583	0.510524746725638	-0.110339492380178
16.000000000000000	0.690898836148618	0.555676906028140	-0.113494370535615
16.000000000000000	0.658146977297363	0.598863797500385	-0.116223374331846
16.000000000000000	0.622736124133847	0.639911522772959	-0.118515515033769
16.000000000000000	0.584808863665719	0.678654797143728	-0.120361562999772
16.000000000000000	0.544517915584695	0.714937615120999	-0.121754084846248
16.000000000000000	0.502025517318257	0.748613878602571	-0.122687473379204
16.000000000000000	0.457502770756798	0.779547985161232	-0.123157970172450
16.000000000000000	0.411128953286693	0.807615374067869	-0.123163680701460
16.000000000000000	0.363090795903546	0.832703027853566	-0.122704581971948
16.000000000000000	0.313581731312371	0.854709927391060	-0.121782522612463
16.000000000000000	0.262801115042359	0.873547458663109	-0.120401215430609
16.000000000000000	0.210953422712528	0.889139769579873	-0.118566222462884
16.000000000000000	0.158247426680571	0.901424075408496	-0.116284932578320
16.000000000000000	0.104895355390255	0.910350911585078	-0.113566531726115
16.000000000000000	0.051112038802386	0.915884332891005	-0.110421965947059
16.000000000000000	-0.002885956649624	0.918002058191665	-0.106863897297688
16.000000000000000	-0.056881200096346	0.916695560154712	-0.102906652864655
16.000000000000000	-0.110656271749705	0.911970099586619	-0.098566167074608
16.000000000000000	-0.163994638375728	0.903844704249271	-0.093859917531876
16.000000000000000	-0.216681525197456	0.892352092241885	-0.088806854642325
16.000000000000000	-0.268504780717169	0.877538540256770	-0.083427325306766
16.000000000000000	-0.319255730975581	0.859463697239417	-0.077742990991160
16.000000000000000	-0.368730019808235	0.838200344203255	-0.071776740503546
16.000000000000000	-0.416728431715643	0.813834101166192	-0.065552597828888
16.000000000000000	-0.463057694033795	0.786463082389025	-0.059095625392963
16.000000000000000	-0.507531255174960	0.756197501303939	-0.052431823144823
16.000000000000000	-0.549970035805088	0.723159226723915	-0.045588023864174
16.000000000000000	-0.590203149933085	0.687481292120035	-0.038591785115242
16.000000000000000	-0.628068593008386	0.649307359942643	-0.031471278282191
16.000000000000000	-0.663413894256097	0.608791143143366	-0.024255175132898
16.000000000000000	-0.696096730622998	0.566095786227308	-0.016972532367868
16.000000000000000	-0.725985499862243	0.521393208327711	-0.009652674619152
16.000000000000000	-0.752959850449160	0.474863410948279	-0.002325076370405
16.000000000000000	-0.776911166194365	0.426693753160657	0.004980756726455
16.000000000000000	-0.797743003602820	0.377078197175577	0.012235406660095
16.000000000000000	-0.815371480217747	0.326216527325488	0.019409661515715
16.000000000000000	-0.829725612385680	0.274313545603567	0.026474633101121
16.000000000000000	-0.840747601082580	0.221578246998374	0.033401873269276
16.000000000000000	-0.848393064650107	0.168222977944798	0.040163488468950
16.000000000000000	-0.852631217504892	0.114462581279908	0.046732252062202
16.000000000000000	-0.853444994101219	0.060513531146675	0.053081713956447
16.000000000000000	-0.850831117647953	0.006593061329005	0.059186307109641
16.000000000000000	-0.844800113303019	-0.047081709472038	0.065021450479732
16.000000000000000	-0.835376265792309	-0.100294651898617	0.070563648003848
16.000000000000000	-0.822597521623660	-0.152831496212755	0.075790583208643
16.000000000000000	-0.806515336289662	-0.204480695084951	0.080681209070861
16.000000000000000	-0.787194467074546	-0.255034275420610	0.085215832766271
16.000000000000000	-0.764712712299462	-0.304288675794291	0.089376194965718
16.000000000000000	-0.739160598056094	-0.352045566119723	0.093145543359001
16.000000000000000	-0.710641013690042	-0.398112646255063	0.096508700110506
16.000000000000000	-0.679268797501736	-0.442304420327693	0.099452122975001
16.000000000000000	-0.645170274333138	-0.484442943660637	0.101963959827473
16.000000000000000	-0.608482746902189	-0.524358539292959	0.104034096387455
16.000000000000000	-0.569353942933218	-0.561890481209011	0.105654196945661
16.000000000000000	-0.527941420309541	-0.596887641525360	0.106817737928947
16.000000000000000	-0.484411932643470	-0.629209099029444	0.107520034168440
16.000000000000000	-0.438940757818377	-0.658724706619549	0.107758257765052
16.000000000000000	-0.391710992206514	-0.685315615361260	0.107531449476440
16.000000000000000	-0.342912813404548	-0.708874753050170	0.106840522579533
16.000000000000000	-0.292742714455502	-0.729307255353857	0.105688259193084
16.000000000000000	-0.241402712640620	-0.746530847797068	0.104079299075068
16.000000000000000	-0.189099536027076	-0.760476177051994	0.102020120940008
16.000000000000000	-0.136043791047013	-0.771087090199642	0.099519016371478
16.000000000000000	-0.082449114459772	-0.778320860837822	0.096586056434827
16.000000000000000	-0.028531313112062	-0.782148361125290	0.093233051124551
16.000000000000000	0.025492505040042	-0.782554179069278	0.089473501809611


17.000000000000000	-0.939736223094827	0.194120452392896	-0.020591776924019
17.000000000000000	-0.953068977406749	0.117010316678665	-0.019668414799784
17.000000000000000	-0.961332378345459	0.039174594503136	-0.018638865954543
17.000000000000000	-0.964493152111891	-0.039073297152123	-0.017507276018122
17.000000000000000	-0.962538571385665	-0.117418281644522	-0.016278201503809
17.000000000000000	-0.955476506573507	-0.195544891372885	-0.014956591460877
17.000000000000000	-0.943335394117905	-0.273138538054135	-0.013547767546517
17.000000000000000	-0.926164121993587	-0.349886779459281	-0.012057402597395
17.000000000000000	-0.904031832852905	-0.425480577507998	-0.010491497787147
17.000000000000000	-0.877027645612773	-0.499615542655904	-0.008856358461767
17.000000000000000	-0.845260296604250	-0.571993159563822	-0.007158568750206
17.000000000000000	-0.808857701729703	-0.642321989113693	-0.005404965052408
17.000000000000000	-0.767966441390624	-0.710318841931042	-0.003602608511541
17.000000000000000	-0.722751170260083	-0.775709918688639	-0.001758756581264
17.000000000000000	-0.673393954276474	-0.838231912599754	0.000119166197475
17.000000000000000	-0.620093537528242	-0.897633069661655	0.002023598092447
17.000000000000000	-0.563064541981581	-0.953674202380122	0.003946870628569
17.000000000000000	-0.502536603273530	-1.006129652893066	0.005881239466146
17.000000000000000	-0.438753446050306	-1.054788201615097	0.007818915584591
17.000000000000000	-0.371971902574181	-1.099453917744242	0.009752096646066
17.000000000000000	-0.302460878550602	-1.139946948206135	0.011672998412741
17.000000000000000	-0.230500270339830	-1.176104241858869	0.013573886091172
17.000000000000000	-0.156379837913081	-1.207780206042397	0.015447105477584
17.000000000000000	-0.080398038091394	-1.234847292828784	0.017285113778649
17.000000000000000	-0.002860822765346	-1.257196512612702	0.019080509983652
17.000000000000000	0.075919593065220	-1.274737872974099	0.020826064665751
17.000000000000000	0.155625988470812	-1.287400741045913	0.022514749092322
17.000000000000000	0.235937413929007	-1.295134127927700	0.024139763527190
17.000000000000000	0.316530483674903	-1.297906893999938	0.025694564610766
17.000000000000000	0.397080677861453	-1.295707874312283	0.027172891707842
17.000000000000000	0.477263649286359	-1.288545923540888	0.028568792116966
17.000000000000000	0.556756529423772	-1.276449880333744	0.029876645039863
17.000000000000000	0.635239228501896	-1.259468451187622	0.031091184214412
17.000000000000000	0.712395724391523	-1.237670014324205	0.032207519120022
17.000000000000000	0.787915335115608	-1.211142344355118	0.033221154670030
17.000000000000000	0.861493969855944	-1.179992258844551	0.034128009311834
17.000000000000000	0.932835353419550	-1.144345188192628	0.034924431461858
17.000000000000000	1.001652219234313	-1.104344670571451	0.035607214209198
17.000000000000000	1.067667466070081	-1.060151773947549	0.036173608228714
17.000000000000000	1.130615273827517	-1.011944447518017	0.036621332851595
17.000000000000000	1.190242173901817	-0.959916805171912	0.036948585248805
17.000000000000000	1.246308069811326	-0.904278343862130	0.037154047690443
17.000000000000000	1.298587203981324	-0.845253100035117	0.037236892851772
17.000000000000000	1.346869066790103	-0.783078747515172	0.037196787144569
17.000000000000000	1.390959244216915	-0.718005640475843	0.037033892060361
17.000000000000000	1.430680200678616	-0.650295805352029	0.036748863520159
17.000000000000000	1.465871993902799	-0.580221885752010	0.036342849233296
17.000000000000000	1.496392918958873	-0.508066044617862	0.035817484076004
17.000000000000000	1.522120078853809	-0.434118828054877	0.035174883508348
17.000000000000000	1.542949879394949	-0.358677995404946	0.034417635056012
17.000000000000000	1.558798446327264	-0.282047320274777	0.033548787891246
17.000000000000000	1.569601963065370	-0.204535367346802	0.032571840554930
17.000000000000000	1.575316927660396	-0.126454249898098	0.031490726869179
17.000000000000000	1.575920327966980	-0.048118373030391	0.030309800097234
17.000000000000000	1.571409734305053	0.030156832328336	0.029033815414404
17.000000000000000	1.561803309243305	0.108056179552847	0.027667910760657
17.000000000000000	1.547139734464933	0.185265995465960	0.026217586151945
17.000000000000000	1.527478055010152	0.261475383389714	0.024688681533584
17.000000000000000	1.502897441522659	0.336377475016571	0.023087353264856
17.000000000000000	1.473496871457393	0.409670666059774	0.021420049329519
17.000000000000000	1.439394730533260	0.481059830707369	0.019693483372058
17.000000000000000	1.400728336035622	0.550257509989679	0.017914607664201
17.000000000000000	1.357653383888060	0.616985069275126	0.016090585110581
17.000000000000000	1.310343321719834	0.680973820233542	0.014228760406245
17.000000000000000	1.258988650453505	0.741966102749249	0.012336630462157
17.000000000000000	1.203796157224952	0.799716322427403	0.010421814217787
17.000000000000000	1.144988082724558	0.853991939515940	0.008492021962327
17.000000000000000	1.082801226312395	0.904574405261084	0.006555024288084
17.000000000000000	1.017485992510769	0.951260041926047	0.004618620801039
17.000000000000000	0.949305382713596	0.993860862929382	0.002690608714594
17.000000000000000	0.878533936172605	1.032205329800605	0.000778751452940
17.000000000000000	0.805456624524680	1.066139042905065	-0.001109252609507
17.000000000000000	0.730367704311642	1.095525363156783	-0.002965801146748
17.000000000000000	0.653569532113024	1.120245962215824	-0.004783418493079
17.000000000000000	0.575371347062832	1.140201298954759	-0.006554785744966
17.000000000000000	0.496088025652703	1.155311020275652	-0.008272770231676
17.000000000000000	0.416038813835400	1.165514284663625	-0.009930454236034
17.000000000000000	0.335546041534042	1.170770007174167	-0.011521162849623
17.000000000000000	0.254933824733261	1.171057024867702	-0.013038490850288
17.000000000000000	0.174526760378538	1.166374182025280	-0.014476328493702
17.000000000000000	0.094648619338855	1.156740334802247	-0.015828886115149
17.000000000000000	0.015621042695686	1.142194275301164	-0.017090717442465
17.000000000000000	-0.062237753392115	1.122794575369699	-0.018256741526251
17.000000000000000	-0.138614259032481	1.098619350752475	-0.019322263199062
17.000000000000000	-0.213200932993810	1.069765946546530	-0.020282991981191
17.000000000000000	-0.285697441064962	1.036350545226972	-0.021135059356915
17.000000000000000	-0.355811865395124	0.998507698821157	-0.021875034351645
17.000000000000000	-0.423261879943969	0.956389787115165	-0.022499937347246
17.000000000000000	-0.487775887308970	0.910166404074181	-0.023007252079910
17.000000000000000	-0.549094112352286	0.860023674947455	-0.023394935772263
17.000000000000000	-0.606969648223552	0.806163506807619	-0.023661427358906
17.000000000000000	-0.661169450566624	0.748802775542160	-0.023805653772277
17.000000000000000	-0.711475275906951	0.688172452570771	-0.023827034263511
17.000000000000000	-0.757684560441013	0.624516674804963	-0.023725482740918
17.000000000000000	-0.799611235689271	0.558091761594890	-0.023501408116637
17.000000000000000	-0.837086477728259	0.489165182621789	-0.023155712660093
17.000000000000000	-0.869959386984940	0.418014480891977	-0.022689788364881
17.000000000000000	-0.898097595856024	0.344926155169126	-0.022105511343690
17.000000000000000	-0.921387801705595	0.270194506344850	-0.021405234273869
17.000000000000000	-0.939736223094827	0.194120452392897	-0.020591776924019


18.000000000000000	nan	nan	nan
18.000000000000000	nan	nan	nan
18.000000000000000	nan	nan	nan
18.000000000000000	nan	nan	nan
18.000000000000000	nan	nan	nan
18.000000000000000	nan	nan	nan
18.000000000000000	nan	nan	nan
18.000000000000000	nan	nan	nan
18.000000000000000	nan	nan	nan
18.000000000000000	nan	nan	nan
18.000000000000000	nan	nan	nan
18.000000000000000	nan	nan	nan
18.000000000000000	nan	nan	nan
18.000000000000000	nan	nan	nan
18.000000000000000	nan	nan	nan
18.000000000000000	nan	nan	nan
18.000000000000000	nan	nan	nan
18.000000000000000	nan	nan	nan
18.000000000000000	nan	nan	nan
18.000000000000000	nan	nan	nan
18.000000000000000	nan	nan	nan
18.000000000000000	nan	nan	nan
18.000000000000000	nan	nan	nan
18.000000000000000	nan	nan	nan
18.000000000000000	nan	nan	nan
18.000000000000000	nan	nan	nan
18.000000000000000	nan	nan	nan
18.000000000000000	nan	nan	nan
18.000000000000000	nan	nan	nan
18.000000000000000	nan	nan	nan
18.000000000000000	nan	nan	nan
18.000000000000000	nan	nan	nan
18.000000000000000	nan	nan	nan
18.000000000000000	nan	nan	nan
18.000000000000000	nan	nan	nan
18.000000000000000	nan	nan	nan
18.000000000000000	nan	nan	nan
18.000000000000000	nan	nan	nan
18.000000000000000	nan	nan	nan
18.000000000000000	nan	nan	nan
18.000000000000000	nan	nan	nan
18.000000000000000	nan	nan	nan
18.000000000000000	nan	nan	nan
18.000000000000000	nan	nan	nan
18.000000000000000	nan	nan	nan
18.000000000000000	nan	nan	nan
18.000000000000000	nan	nan	nan
18.000000000000000	nan	nan	nan
18.000000000000000	nan	nan	nan
18.000000000000000	nan	nan	nan
18.000000000000000	nan	nan	nan
18.000000000000000	nan	nan	nan
18.000000000000000	nan	nan	nan
18.000000000000000	nan	nan	nan
18.000000000000000	nan	nan	nan
18.000000000000000	nan	nan	nan
18.000000000000000	nan	nan	nan
18.000000000000000	nan	nan	nan
18.000000000000000	nan	nan	nan
18.000000000000000	nan	nan	nan
18.000000000000000	nan	nan	nan
18.000000000000000	nan	nan	nan
18.000000000000000	nan	nan	nan
18.000000000000000	nan	nan	nan
18.000000000000000	nan	nan	nan
18.000000000000000	nan	nan	nan
18.000000000000000	nan	nan	nan
18.000000000000000	nan	nan	nan
18.000000000000000	nan	nan	nan
18.000000000000000	nan	nan	nan
18.000000000000000	nan	nan	nan
18.000000000000000	nan	nan	nan
18.000000000000000	nan	nan	nan
18.000000000000000	nan	nan	nan
18.000000000000000	nan	nan	nan
18.000000000000000	nan	nan	nan
18.000000000000000	nan	nan	nan
18.000000000000000	nan	nan	nan
18.000000000000000	nan	nan	nan
18.000000000000000	nan	nan	nan
18.000000000000000	nan	nan	nan
18.000000000000000	nan	nan	nan
18.000000000000000	nan	nan	nan
18.000000000000000	nan	nan	nan
18.000000000000000	nan	nan	nan
18.000000000000000	nan	nan	nan
18.000000000000000	nan	nan	nan
18.000000000000000	nan	nan	nan
18.000000000000000	nan	nan	nan
18.000000000000000	nan	nan	nan
18.000000000000000	nan	nan	nan
18.000000000000000	nan	nan	nan
18.000000000000000	nan	nan	nan
18.000000000000000	nan	nan	nan
18.000000000000000	nan	nan	nan
18.000000000000000	nan	nan	nan
18.000000000000000	nan	nan	nan
18.000000000000000	nan	nan	nan
18.000000000000000	nan	nan	nan
18.000000000000000	nan	nan	nan


