# n	x	y	z
1.000000000000000	0.202181195890432	0.204597019146804	0.036510024596139
1.000000000000000	0.184261318913912	0.220504544423622	0.040255861848139
1.000000000000000	0.165299311180037	0.235220413528378	0.043785397053816
1.000000000000000	0.145371526001429	0.248685370850060	0.047084418020625
1.000000000000000	0.124558205535615	0.260845197757907	0.050139640755500
1.000000000000000	0.102943157678179	0.271650930920695	0.052938762954810
1.000000000000000	0.080613418597947	0.281059059464796	0.055470513541392
1.000000000000000	0.057658902273052	0.289031700177101	0.057724698049198
1.000000000000000	0.034172038439081	0.295536750047356	0.059692239672817
1.000000000000000	0.010247400407151	0.300548015535651	0.061365215816561
1.000000000000000	-0.014018675749434	0.304045318044559	0.062736889995966
1.000000000000000	-0.038528479106554	0.306014575171228	0.063801738963235
1.000000000000000	-0.063183317336670	0.306447857412245	0.064555474947410
1.000000000000000	-0.087883914108003	0.305343420092952	0.064995062919707
1.000000000000000	-0.112530808835275	0.302705710392627	0.065118732814514
1.000000000000000	-0.137024757172388	0.298545349437271	0.064925986656811
1.000000000000000	-0.161267130634374	0.292879089532078	0.064417600567347
1.000000000000000	-0.185160313739497	0.285729746705814	0.063595621637473
1.000000000000000	-0.208608097072343	0.277126108838726	0.062463359686227
1.000000000000000	-0.231516064685179	0.267102819743904	0.061025373932862
1.000000000000000	-0.253791974277653	0.255700239668874	0.059287454638479
1.000000000000000	-0.275346128623979	0.242964282779130	0.057256599790688
1.000000000000000	-0.296091736752009	0.228946232277990	0.054940986925184
1.000000000000000	-0.315945263419845	0.213702533907239	0.052349940197695
1.000000000000000	-0.334826765482774	0.197294568660047	0.049493892838899
1.000000000000000	-0.352660213796097	0.179788405621375	0.046384345143486
1.000000000000000	-0.369373799357660	0.161254535931089	0.043033818162529
1.000000000000000	-0.384900222457363	0.141767588941018	0.039455803285633
1.000000000000000	-0.399176963669339	0.121406031708895	0.035664707915870
1.000000000000000	-0.412146535595612	0.100251853039208	0.031675797456250
1.000000000000000	-0.423756714347566	0.078390233343225	0.027505133841333
1.000000000000000	-0.433960749833107	0.055909201647539	0.023169510861486
1.000000000000000	-0.442717554002785	0.032899281132249	0.018686386540218
1.000000000000000	-0.449991866296869	0.009453124626061	0.014073812836880
1.000000000000000	-0.455754395627172	-0.014334858473948	0.009350362957796
1.000000000000000	-0.459981938321932	-0.038368882355656	0.004535056568518
1.000000000000000	-0.462657471558801	-0.062552170487550	-0.000352716791658
1.000000000000000	-0.463770221909746	-0.086787345303664	-0.005293275784520
1.000000000000000	-0.463315708721844	-0.110976820308666	-0.010266726522742
1.000000000000000	-0.461295762159284	-0.135023193024237	-0.015253042675550
1.000000000000000	-0.457718515833945	-0.158829637194468	-0.020232146107687
1.000000000000000	-0.452598374054214	-0.182300292671022	-0.025183987726974
1.000000000000000	-0.445955953823915	-0.205340651408116	-0.030088628214932
1.000000000000000	-0.437818001824915	-0.227857938013067	-0.034926318315379
1.000000000000000	-0.428217286717674	-0.249761483320053	-0.039677578357712
1.000000000000000	-0.417192467193417	-0.270963089482842	-0.044323276694669
1.000000000000000	-0.404787936309226	-0.291377385116393	-0.048844706738717
1.000000000000000	-0.391053642732870	-0.310922169057286	-0.053223662286880
1.000000000000000	-0.376044889617147	-0.329518741358801	-0.057442510830689
1.000000000000000	-0.359822111913610	-0.347092220187826	-0.061484264556075
1.000000000000000	-0.342450633022342	-0.363571843347564	-0.065332648747299
1.000000000000000	-0.324000401757682	-0.378891253211933	-0.068972167319484
1.000000000000000	-0.304545710689039	-0.392988763924298	-0.072388165215887
1.000000000000000	-0.284164896990935	-0.405807609784650	-0.075566887418634
1.000000000000000	-0.262940027006851	-0.417296173825040	-0.078495534335324
1.000000000000000	-0.240956565797027	-0.427408195652895	-0.081162313338471
1.000000000000000	-0.218303033000829	-0.436102957725289	-0.083556486250253
1.000000000000000	-0.195070646399405	-0.443345449304119	-0.085668412581363
1.000000000000000	-0.171352954613872	-0.449106507431990	-0.087489588349857
1.000000000000000	-0.147245460418039	-0.453362934361149	-0.089012680323687
1.000000000000000	-0.122845236182443	-0.456097590962633	-0.090231555549040
1.000000000000000	-0.098250532998174	-0.457299465739487	-0.091141306045579
1.000000000000000	-0.073560385054406	-0.456963719166179	-0.091738268569144
1.000000000000000	-0.048874210862677	-0.455091703175661	-0.092020039362348
1.000000000000000	-0.024291412933625	-0.451690955715609	-0.091985483833656
1.000000000000000	0.000089022481836	-0.446775170395772	-0.091634741125985
1.000000000000000	0.024168923975210	-0.440364141348638	-0.090969223556427
1.000000000000000	0.047851330282034	-0.432483683525448	-0.089991610929343
1.000000000000000	0.071040880710669	-0.423165528748495	-0.088705839745742
1.000000000000000	0.093644199126145	-0.412447197938284	-0.087117087352374
1.000000000000000	0.115570269942905	-0.400371850030017	-0.085231751094388
1.000000000000000	0.136730804612438	-0.386988108187803	-0.083057422555476
1.000000000000000	0.157040597130110	-0.372349864016332	-0.080602856989249
1.000000000000000	0.176417867129667	-0.356516060558406	-0.077877938064919
1.000000000000000	0.194784589183907	-0.339550454952108	-0.074893638069251
1.000000000000000	0.212066806985537	-0.321521361703309	-0.071661973725036
1.000000000000000	0.228194931143123	-0.302501377607266	-0.068195957803995
1.000000000000000	0.243104019393001	-0.282567089426948	-0.064509546728931
1.000000000000000	0.256734038098861	-0.261798765505176	-0.060617584376148
1.000000000000000	0.269030103986002	-0.240280032552332	-0.056535742304398
1.000000000000000	0.279942705136918	-0.218097538911114	-0.052280456651042
1.000000000000000	0.289427900358309	-0.195340605654243	-0.047868861949530
1.000000000000000	0.297447496116758	-0.172100866920025	-0.043318722134680
1.000000000000000	0.303969200330613	-0.148471900934023	-0.038648359013582
1.000000000000000	0.308966752398798	-0.124548853202567	-0.033876578490151
1.000000000000000	0.312420028942992	-0.100428053395379	-0.029022594840383
1.000000000000000	0.314315124837361	-0.076206627459998	-0.024105953343254
1.000000000000000	0.314644409199603	-0.051982106529864	-0.019146451578773
1.000000000000000	0.313406556117810	-0.027852034200869	-0.014164059710121
1.000000000000000	0.310606549989448	-0.003913573757723	-0.009178840070850
1.000000000000000	0.306255665450952	0.019736883068299	-0.004210866380944
1.000000000000000	0.300371421978742	0.043004104234841	0.000719857082963
1.000000000000000	0.292977513344473	0.065794400854287	0.005593476037750
1.000000000000000	0.284103712208580	0.088016004445841	0.010390366139999
1.000000000000000	0.273785750236286	0.109579436454819	0.015091212006301
1.000000000000000	0.262065174218792	0.130397868551197	0.019677084989486
1.000000000000000	0.248989178779017	0.150387472256662	0.024129519397608
1.000000000000000	0.234610416335505	0.169467756492296	0.028430586848762
1.000000000000000	0.218986785089723	0.187561891687750	0.032562968462359
1.000000000000000	0.202181195890432	0.204597019146804	0.036510024596139


2.000000000000000	nan	nan	nan
2.000000000000000	nan	nan	nan
2.000000000000000	nan	nan	nan
2.000000000000000	nan	nan	nan
2.000000000000000	nan	nan	nan
2.000000000000000	nan	nan	nan
2.000000000000000	nan	nan	nan
2.000000000000000	nan	nan	nan
2.000000000000000	nan	nan	nan
2.000000000000000	nan	nan	nan
2.000000000000000	nan	nan	nan
2.000000000000000	nan	nan	nan
2.000000000000000	nan	nan	nan
2.000000000000000	nan	nan	nan
2.000000000000000	nan	nan	nan
2.000000000000000	nan	nan	nan
2.000000000000000	nan	nan	nan
2.000000000000000	nan	nan	nan
2.000000000000000	nan	nan	nan
2.000000000000000	nan	nan	nan
2.000000000000000	nan	nan	nan
2.000000000000000	nan	nan	nan
2.000000000000000	nan	nan	nan
2.000000000000000	nan	nan	nan
2.000000000000000	nan	nan	nan
2.000000000000000	nan	nan	nan
2.000000000000000	nan	nan	nan
2.000000000000000	nan	nan	nan
2.000000000000000	nan	nan	nan
2.000000000000000	nan	nan	nan
2.000000000000000	nan	nan	nan
2.000000000000000	nan	nan	nan
2.000000000000000	nan	nan	nan
2.000000000000000	nan	nan	nan
2.000000000000000	nan	nan	nan
2.000000000000000	nan	nan	nan
2.000000000000000	nan	nan	nan
2.000000000000000	nan	nan	nan
2.000000000000000	nan	nan	nan
2.000000000000000	nan	nan	nan
2.000000000000000	nan	nan	nan
2.000000000000000	nan	nan	nan
2.000000000000000	nan	nan	nan
2.000000000000000	nan	nan	nan
2.000000000000000	nan	nan	nan
2.000000000000000	nan	nan	nan
2.000000000000000	nan	nan	nan
2.000000000000000	nan	nan	nan
2.000000000000000	nan	nan	nan
2.000000000000000	nan	nan	nan
2.000000000000000	nan	nan	nan
2.000000000000000	nan	nan	nan
2.000000000000000	nan	nan	nan
2.000000000000000	nan	nan	nan
2.000000000000000	nan	nan	nan
2.000000000000000	nan	nan	nan
2.000000000000000	nan	nan	nan
2.000000000000000	nan	nan	nan
2.000000000000000	nan	nan	nan
2.000000000000000	nan	nan	nan
2.000000000000000	nan	nan	nan
2.000000000000000	nan	nan	nan
2.000000000000000	nan	nan	nan
2.000000000000000	nan	nan	nan
2.000000000000000	nan	nan	nan
2.000000000000000	nan	nan	nan
2.000000000000000	nan	nan	nan
2.000000000000000	nan	nan	nan
2.000000000000000	nan	nan	nan
2.000000000000000	nan	nan	nan
2.000000000000000	nan	nan	nan
2.000000000000000	nan	nan	nan
2.000000000000000	nan	nan	nan
2.000000000000000	nan	nan	nan
2.000000000000000	nan	nan	nan
2.000000000000000	nan	nan	nan
2.000000000000000	nan	nan	nan
2.000000000000000	nan	nan	nan
2.000000000000000	nan	nan	nan
2.000000000000000	nan	nan	nan
2.000000000000000	nan	nan	nan
2.000000000000000	nan	nan	nan
2.000000000000000	nan	nan	nan
2.000000000000000	nan	nan	nan
2.000000000000000	nan	nan	nan
2.000000000000000	nan	nan	nan
2.000000000000000	nan	nan	nan
2.000000000000000	nan	nan	nan
2.000000000000000	nan	nan	nan
2.000000000000000	nan	nan	nan
2.000000000000000	nan	nan	nan
2.000000000000000	nan	nan	nan
2.000000000000000	nan	nan	nan
2.000000000000000	nan	nan	nan
2.000000000000000	nan	nan	nan
2.000000000000000	nan	nan	nan
2.000000000000000	nan	nan	nan
2.000000000000000	nan	nan	nan
2.000000000000000	nan	nan	nan
2.000000000000000	nan	nan	nan


3.000000000000000	nan	nan	nan
3.000000000000000	nan	nan	nan
3.000000000000000	nan	nan	nan
3.000000000000000	nan	nan	nan
3.000000000000000	nan	nan	nan
3.000000000000000	nan	nan	nan
3.000000000000000	nan	nan	nan
3.000000000000000	nan	nan	nan
3.000000000000000	nan	nan	nan
3.000000000000000	nan	nan	nan
3.000000000000000	nan	nan	nan
3.000000000000000	nan	nan	nan
3.000000000000000	nan	nan	nan
3.000000000000000	nan	nan	nan
3.000000000000000	nan	nan	nan
3.000000000000000	nan	nan	nan
3.000000000000000	nan	nan	nan
3.000000000000000	nan	nan	nan
3.000000000000000	nan	nan	nan
3.000000000000000	nan	nan	nan
3.000000000000000	nan	nan	nan
3.000000000000000	nan	nan	nan
3.000000000000000	nan	nan	nan
3.000000000000000	nan	nan	nan
3.000000000000000	nan	nan	nan
3.000000000000000	nan	nan	nan
3.000000000000000	nan	nan	nan
3.000000000000000	nan	nan	nan
3.000000000000000	nan	nan	nan
3.000000000000000	nan	nan	nan
3.000000000000000	nan	nan	nan
3.000000000000000	nan	nan	nan
3.000000000000000	nan	nan	nan
3.000000000000000	nan	nan	nan
3.000000000000000	nan	nan	nan
3.000000000000000	nan	nan	nan
3.000000000000000	nan	nan	nan
3.000000000000000	nan	nan	nan
3.000000000000000	nan	nan	nan
3.000000000000000	nan	nan	nan
3.000000000000000	nan	nan	nan
3.000000000000000	nan	nan	nan
3.000000000000000	nan	nan	nan
3.000000000000000	nan	nan	nan
3.000000000000000	nan	nan	nan
3.000000000000000	nan	nan	nan
3.000000000000000	nan	nan	nan
3.000000000000000	nan	nan	nan
3.000000000000000	nan	nan	nan
3.000000000000000	nan	nan	nan
3.000000000000000	nan	nan	nan
3.000000000000000	nan	nan	nan
3.000000000000000	nan	nan	nan
3.000000000000000	nan	nan	nan
3.000000000000000	nan	nan	nan
3.000000000000000	nan	nan	nan
3.000000000000000	nan	nan	nan
3.000000000000000	nan	nan	nan
3.000000000000000	nan	nan	nan
3.000000000000000	nan	nan	nan
3.000000000000000	nan	nan	nan
3.000000000000000	nan	nan	nan
3.000000000000000	nan	nan	nan
3.000000000000000	nan	nan	nan
3.000000000000000	nan	nan	nan
3.000000000000000	nan	nan	nan
3.000000000000000	nan	nan	nan
3.000000000000000	nan	nan	nan
3.000000000000000	nan	nan	nan
3.000000000000000	nan	nan	nan
3.000000000000000	nan	nan	nan
3.000000000000000	nan	nan	nan
3.000000000000000	nan	nan	nan
3.000000000000000	nan	nan	nan
3.000000000000000	nan	nan	nan
3.000000000000000	nan	nan	nan
3.000000000000000	nan	nan	nan
3.000000000000000	nan	nan	nan
3.000000000000000	nan	nan	nan
3.000000000000000	nan	nan	nan
3.000000000000000	nan	nan	nan
3.000000000000000	nan	nan	nan
3.000000000000000	nan	nan	nan
3.000000000000000	nan	nan	nan
3.000000000000000	nan	nan	nan
3.000000000000000	nan	nan	nan
3.000000000000000	nan	nan	nan
3.000000000000000	nan	nan	nan
3.000000000000000	nan	nan	nan
3.000000000000000	nan	nan	nan
3.000000000000000	nan	nan	nan
3.000000000000000	nan	nan	nan
3.000000000000000	nan	nan	nan
3.000000000000000	nan	nan	nan
3.000000000000000	nan	nan	nan
3.000000000000000	nan	nan	nan
3.000000000000000	nan	nan	nan
3.000000000000000	nan	nan	nan
3.000000000000000	nan	nan	nan
3.000000000000000	nan	nan	nan


4.000000000000000	nan	nan	nan
4.000000000000000	nan	nan	nan
4.000000000000000	nan	nan	nan
4.000000000000000	nan	nan	nan
4.000000000000000	nan	nan	nan
4.000000000000000	nan	nan	nan
4.000000000000000	nan	nan	nan
4.000000000000000	nan	nan	nan
4.000000000000000	nan	nan	nan
4.000000000000000	nan	nan	nan
4.000000000000000	nan	nan	nan
4.000000000000000	nan	nan	nan
4.000000000000000	nan	nan	nan
4.000000000000000	nan	nan	nan
4.000000000000000	nan	nan	nan
4.000000000000000	nan	nan	nan
4.000000000000000	nan	nan	nan
4.000000000000000	nan	nan	nan
4.000000000000000	nan	nan	nan
4.000000000000000	nan	nan	nan
4.000000000000000	nan	nan	nan
4.000000000000000	nan	nan	nan
4.000000000000000	nan	nan	nan
4.000000000000000	nan	nan	nan
4.000000000000000	nan	nan	nan
4.000000000000000	nan	nan	nan
4.000000000000000	nan	nan	nan
4.000000000000000	nan	nan	nan
4.000000000000000	nan	nan	nan
4.000000000000000	nan	nan	nan
4.000000000000000	nan	nan	nan
4.000000000000000	nan	nan	nan
4.000000000000000	nan	nan	nan
4.000000000000000	nan	nan	nan
4.000000000000000	nan	nan	nan
4.000000000000000	nan	nan	nan
4.000000000000000	nan	nan	nan
4.000000000000000	nan	nan	nan
4.000000000000000	nan	nan	nan
4.000000000000000	nan	nan	nan
4.000000000000000	nan	nan	nan
4.000000000000000	nan	nan	nan
4.000000000000000	nan	nan	nan
4.000000000000000	nan	nan	nan
4.000000000000000	nan	nan	nan
4.000000000000000	nan	nan	nan
4.000000000000000	nan	nan	nan
4.000000000000000	nan	nan	nan
4.000000000000000	nan	nan	nan
4.000000000000000	nan	nan	nan
4.000000000000000	nan	nan	nan
4.000000000000000	nan	nan	nan
4.000000000000000	nan	nan	nan
4.000000000000000	nan	nan	nan
4.000000000000000	nan	nan	nan
4.000000000000000	nan	nan	nan
4.000000000000000	nan	nan	nan
4.000000000000000	nan	nan	nan
4.000000000000000	nan	nan	nan
4.000000000000000	nan	nan	nan
4.000000000000000	nan	nan	nan
4.000000000000000	nan	nan	nan
4.000000000000000	nan	nan	nan
4.000000000000000	nan	nan	nan
4.000000000000000	nan	nan	nan
4.000000000000000	nan	nan	nan
4.000000000000000	nan	nan	nan
4.000000000000000	nan	nan	nan
4.000000000000000	nan	nan	nan
4.000000000000000	nan	nan	nan
4.000000000000000	nan	nan	nan
4.000000000000000	nan	nan	nan
4.000000000000000	nan	nan	nan
4.000000000000000	nan	nan	nan
4.000000000000000	nan	nan	nan
4.000000000000000	nan	nan	nan
4.000000000000000	nan	nan	nan
4.000000000000000	nan	nan	nan
4.000000000000000	nan	nan	nan
4.000000000000000	nan	nan	nan
4.000000000000000	nan	nan	nan
4.000000000000000	nan	nan	nan
4.000000000000000	nan	nan	nan
4.000000000000000	nan	nan	nan
4.000000000000000	nan	nan	nan
4.000000000000000	nan	nan	nan
4.000000000000000	nan	nan	nan
4.000000000000000	nan	nan	nan
4.000000000000000	nan	nan	nan
4.000000000000000	nan	nan	nan
4.000000000000000	nan	nan	nan
4.000000000000000	nan	nan	nan
4.000000000000000	nan	nan	nan
4.000000000000000	nan	nan	nan
4.000000000000000	nan	nan	nan
4.000000000000000	nan	nan	nan
4.000000000000000	nan	nan	nan
4.000000000000000	nan	nan	nan
4.000000000000000	nan	nan	nan
4.000000000000000	nan	nan	nan


5.000000000000000	nan	nan	nan
5.000000000000000	nan	nan	nan
5.000000000000000	nan	nan	nan
5.000000000000000	nan	nan	nan
5.000000000000000	nan	nan	nan
5.000000000000000	nan	nan	nan
5.000000000000000	nan	nan	nan
5.000000000000000	nan	nan	nan
5.000000000000000	nan	nan	nan
5.000000000000000	nan	nan	nan
5.000000000000000	nan	nan	nan
5.000000000000000	nan	nan	nan
5.000000000000000	nan	nan	nan
5.000000000000000	nan	nan	nan
5.000000000000000	nan	nan	nan
5.000000000000000	nan	nan	nan
5.000000000000000	nan	nan	nan
5.000000000000000	nan	nan	nan
5.000000000000000	nan	nan	nan
5.000000000000000	nan	nan	nan
5.000000000000000	nan	nan	nan
5.000000000000000	nan	nan	nan
5.000000000000000	nan	nan	nan
5.000000000000000	nan	nan	nan
5.000000000000000	nan	nan	nan
5.000000000000000	nan	nan	nan
5.000000000000000	nan	nan	nan
5.000000000000000	nan	nan	nan
5.000000000000000	nan	nan	nan
5.000000000000000	nan	nan	nan
5.000000000000000	nan	nan	nan
5.000000000000000	nan	nan	nan
5.000000000000000	nan	nan	nan
5.000000000000000	nan	nan	nan
5.000000000000000	nan	nan	nan
5.000000000000000	nan	nan	nan
5.000000000000000	nan	nan	nan
5.000000000000000	nan	nan	nan
5.000000000000000	nan	nan	nan
5.000000000000000	nan	nan	nan
5.000000000000000	nan	nan	nan
5.000000000000000	nan	nan	nan
5.000000000000000	nan	nan	nan
5.000000000000000	nan	nan	nan
5.000000000000000	nan	nan	nan
5.000000000000000	nan	nan	nan
5.000000000000000	nan	nan	nan
5.000000000000000	nan	nan	nan
5.000000000000000	nan	nan	nan
5.000000000000000	nan	nan	nan
5.000000000000000	nan	nan	nan
5.000000000000000	nan	nan	nan
5.000000000000000	nan	nan	nan
5.000000000000000	nan	nan	nan
5.000000000000000	nan	nan	nan
5.000000000000000	nan	nan	nan
5.000000000000000	nan	nan	nan
5.000000000000000	nan	nan	nan
5.000000000000000	nan	nan	nan
5.000000000000000	nan	nan	nan
5.000000000000000	nan	nan	nan
5.000000000000000	nan	nan	nan
5.000000000000000	nan	nan	nan
5.000000000000000	nan	nan	nan
5.000000000000000	nan	nan	nan
5.000000000000000	nan	nan	nan
5.000000000000000	nan	nan	nan
5.000000000000000	nan	nan	nan
5.000000000000000	nan	nan	nan
5.000000000000000	nan	nan	nan
5.000000000000000	nan	nan	nan
5.000000000000000	nan	nan	nan
5.000000000000000	nan	nan	nan
5.000000000000000	nan	nan	nan
5.000000000000000	nan	nan	nan
5.000000000000000	nan	nan	nan
5.000000000000000	nan	nan	nan
5.000000000000000	nan	nan	nan
5.000000000000000	nan	nan	nan
5.000000000000000	nan	nan	nan
5.000000000000000	nan	nan	nan
5.000000000000000	nan	nan	nan
5.000000000000000	nan	nan	nan
5.000000000000000	nan	nan	nan
5.000000000000000	nan	nan	nan
5.000000000000000	nan	nan	nan
5.000000000000000	nan	nan	nan
5.000000000000000	nan	nan	nan
5.000000000000000	nan	nan	nan
5.000000000000000	nan	nan	nan
5.000000000000000	nan	nan	nan
5.000000000000000	nan	nan	nan
5.000000000000000	nan	nan	nan
5.000000000000000	nan	nan	nan
5.000000000000000	nan	nan	nan
5.000000000000000	nan	nan	nan
5.000000000000000	nan	nan	nan
5.000000000000000	nan	nan	nan
5.000000000000000	nan	nan	nan
5.000000000000000	nan	nan	nan


6.000000000000000	nan	nan	nan
6.000000000000000	nan	nan	nan
6.000000000000000	nan	nan	nan
6.000000000000000	nan	nan	nan
6.000000000000000	nan	nan	nan
6.000000000000000	nan	nan	nan
6.000000000000000	nan	nan	nan
6.000000000000000	nan	nan	nan
6.000000000000000	nan	nan	nan
6.000000000000000	nan	nan	nan
6.000000000000000	nan	nan	nan
6.000000000000000	nan	nan	nan
6.000000000000000	nan	nan	nan
6.000000000000000	nan	nan	nan
6.000000000000000	nan	nan	nan
6.000000000000000	nan	nan	nan
6.000000000000000	nan	nan	nan
6.000000000000000	nan	nan	nan
6.000000000000000	nan	nan	nan
6.000000000000000	nan	nan	nan
6.000000000000000	nan	nan	nan
6.000000000000000	nan	nan	nan
6.000000000000000	nan	nan	nan
6.000000000000000	nan	nan	nan
6.000000000000000	nan	nan	nan
6.000000000000000	nan	nan	nan
6.000000000000000	nan	nan	nan
6.000000000000000	nan	nan	nan
6.000000000000000	nan	nan	nan
6.000000000000000	nan	nan	nan
6.000000000000000	nan	nan	nan
6.000000000000000	nan	nan	nan
6.000000000000000	nan	nan	nan
6.000000000000000	nan	nan	nan
6.000000000000000	nan	nan	nan
6.000000000000000	nan	nan	nan
6.000000000000000	nan	nan	nan
6.000000000000000	nan	nan	nan
6.000000000000000	nan	nan	nan
6.000000000000000	nan	nan	nan
6.000000000000000	nan	nan	nan
6.000000000000000	nan	nan	nan
6.000000000000000	nan	nan	nan
6.000000000000000	nan	nan	nan
6.000000000000000	nan	nan	nan
6.000000000000000	nan	nan	nan
6.000000000000000	nan	nan	nan
6.000000000000000	nan	nan	nan
6.000000000000000	nan	nan	nan
6.000000000000000	nan	nan	nan
6.000000000000000	nan	nan	nan
6.000000000000000	nan	nan	nan
6.000000000000000	nan	nan	nan
6.000000000000000	nan	nan	nan
6.000000000000000	nan	nan	nan
6.000000000000000	nan	nan	nan
6.000000000000000	nan	nan	nan
6.000000000000000	nan	nan	nan
6.000000000000000	nan	nan	nan
6.000000000000000	nan	nan	nan
6.000000000000000	nan	nan	nan
6.000000000000000	nan	nan	nan
6.000000000000000	nan	nan	nan
6.000000000000000	nan	nan	nan
6.000000000000000	nan	nan	nan
6.000000000000000	nan	nan	nan
6.000000000000000	nan	nan	nan
6.000000000000000	nan	nan	nan
6.000000000000000	nan	nan	nan
6.000000000000000	nan	nan	nan
6.000000000000000	nan	nan	nan
6.000000000000000	nan	nan	nan
6.000000000000000	nan	nan	nan
6.000000000000000	nan	nan	nan
6.000000000000000	nan	nan	nan
6.000000000000000	nan	nan	nan
6.000000000000000	nan	nan	nan
6.000000000000000	nan	nan	nan
6.000000000000000	nan	nan	nan
6.000000000000000	nan	nan	nan
6.000000000000000	nan	nan	nan
6.000000000000000	nan	nan	nan
6.000000000000000	nan	nan	nan
6.000000000000000	nan	nan	nan
6.000000000000000	nan	nan	nan
6.000000000000000	nan	nan	nan
6.000000000000000	nan	nan	nan
6.000000000000000	nan	nan	nan
6.000000000000000	nan	nan	nan
6.000000000000000	nan	nan	nan
6.000000000000000	nan	nan	nan
6.000000000000000	nan	nan	nan
6.000000000000000	nan	nan	nan
6.000000000000000	nan	nan	nan
6.000000000000000	nan	nan	nan
6.000000000000000	nan	nan	nan
6.000000000000000	nan	nan	nan
6.000000000000000	nan	nan	nan
6.000000000000000	nan	nan	nan
6.000000000000000	nan	nan	nan


7.000000000000000	nan	nan	nan
7.000000000000000	nan	nan	nan
7.000000000000000	nan	nan	nan
7.000000000000000	nan	nan	nan
7.000000000000000	nan	nan	nan
7.000000000000000	nan	nan	nan
7.000000000000000	nan	nan	nan
7.000000000000000	nan	nan	nan
7.000000000000000	nan	nan	nan
7.000000000000000	nan	nan	nan
7.000000000000000	nan	nan	nan
7.000000000000000	nan	nan	nan
7.000000000000000	nan	nan	nan
7.000000000000000	nan	nan	nan
7.000000000000000	nan	nan	nan
7.000000000000000	nan	nan	nan
7.000000000000000	nan	nan	nan
7.000000000000000	nan	nan	nan
7.000000000000000	nan	nan	nan
7.000000000000000	nan	nan	nan
7.000000000000000	nan	nan	nan
7.000000000000000	nan	nan	nan
7.000000000000000	nan	nan	nan
7.000000000000000	nan	nan	nan
7.000000000000000	nan	nan	nan
7.000000000000000	nan	nan	nan
7.000000000000000	nan	nan	nan
7.000000000000000	nan	nan	nan
7.000000000000000	nan	nan	nan
7.000000000000000	nan	nan	nan
7.000000000000000	nan	nan	nan
7.000000000000000	nan	nan	nan
7.000000000000000	nan	nan	nan
7.000000000000000	nan	nan	nan
7.000000000000000	nan	nan	nan
7.000000000000000	nan	nan	nan
7.000000000000000	nan	nan	nan
7.000000000000000	nan	nan	nan
7.000000000000000	nan	nan	nan
7.000000000000000	nan	nan	nan
7.000000000000000	nan	nan	nan
7.000000000000000	nan	nan	nan
7.000000000000000	nan	nan	nan
7.000000000000000	nan	nan	nan
7.000000000000000	nan	nan	nan
7.000000000000000	nan	nan	nan
7.000000000000000	nan	nan	nan
7.000000000000000	nan	nan	nan
7.000000000000000	nan	nan	nan
7.000000000000000	nan	nan	nan
7.000000000000000	nan	nan	nan
7.000000000000000	nan	nan	nan
7.000000000000000	nan	nan	nan
7.000000000000000	nan	nan	nan
7.000000000000000	nan	nan	nan
7.000000000000000	nan	nan	nan
7.000000000000000	nan	nan	nan
7.000000000000000	nan	nan	nan
7.000000000000000	nan	nan	nan
7.000000000000000	nan	nan	nan
7.000000000000000	nan	nan	nan
7.000000000000000	nan	nan	nan
7.000000000000000	nan	nan	nan
7.000000000000000	nan	nan	nan
7.000000000000000	nan	nan	nan
7.000000000000000	nan	nan	nan
7.000000000000000	nan	nan	nan
7.000000000000000	nan	nan	nan
7.000000000000000	nan	nan	nan
7.000000000000000	nan	nan	nan
7.000000000000000	nan	nan	nan
7.000000000000000	nan	nan	nan
7.000000000000000	nan	nan	nan
7.000000000000000	nan	nan	nan
7.000000000000000	nan	nan	nan
7.000000000000000	nan	nan	nan
7.000000000000000	nan	nan	nan
7.000000000000000	nan	nan	nan
7.000000000000000	nan	nan	nan
7.000000000000000	nan	nan	nan
7.000000000000000	nan	nan	nan
7.000000000000000	nan	nan	nan
7.000000000000000	nan	nan	nan
7.000000000000000	nan	nan	nan
7.000000000000000	nan	nan	nan
7.000000000000000	nan	nan	nan
7.000000000000000	nan	nan	nan
7.000000000000000	nan	nan	nan
7.000000000000000	nan	nan	nan
7.000000000000000	nan	nan	nan
7.000000000000000	nan	nan	nan
7.000000000000000	nan	nan	nan
7.000000000000000	nan	nan	nan
7.000000000000000	nan	nan	nan
7.000000000000000	nan	nan	nan
7.000000000000000	nan	nan	nan
7.000000000000000	nan	nan	nan
7.000000000000000	nan	nan	nan
7.000000000000000	nan	nan	nan
7.000000000000000	nan	nan	nan


8.000000000000000	nan	nan	nan
8.000000000000000	nan	nan	nan
8.000000000000000	nan	nan	nan
8.000000000000000	nan	nan	nan
8.000000000000000	nan	nan	nan
8.000000000000000	nan	nan	nan
8.000000000000000	nan	nan	nan
8.000000000000000	nan	nan	nan
8.000000000000000	nan	nan	nan
8.000000000000000	nan	nan	nan
8.000000000000000	nan	nan	nan
8.000000000000000	nan	nan	nan
8.000000000000000	nan	nan	nan
8.000000000000000	nan	nan	nan
8.000000000000000	nan	nan	nan
8.000000000000000	nan	nan	nan
8.000000000000000	nan	nan	nan
8.000000000000000	nan	nan	nan
8.000000000000000	nan	nan	nan
8.000000000000000	nan	nan	nan
8.000000000000000	nan	nan	nan
8.000000000000000	nan	nan	nan
8.000000000000000	nan	nan	nan
8.000000000000000	nan	nan	nan
8.000000000000000	nan	nan	nan
8.000000000000000	nan	nan	nan
8.000000000000000	nan	nan	nan
8.000000000000000	nan	nan	nan
8.000000000000000	nan	nan	nan
8.000000000000000	nan	nan	nan
8.000000000000000	nan	nan	nan
8.000000000000000	nan	nan	nan
8.000000000000000	nan	nan	nan
8.000000000000000	nan	nan	nan
8.000000000000000	nan	nan	nan
8.000000000000000	nan	nan	nan
8.000000000000000	nan	nan	nan
8.000000000000000	nan	nan	nan
8.000000000000000	nan	nan	nan
8.000000000000000	nan	nan	nan
8.000000000000000	nan	nan	nan
8.000000000000000	nan	nan	nan
8.000000000000000	nan	nan	nan
8.000000000000000	nan	nan	nan
8.000000000000000	nan	nan	nan
8.000000000000000	nan	nan	nan
8.000000000000000	nan	nan	nan
8.000000000000000	nan	nan	nan
8.000000000000000	nan	nan	nan
8.000000000000000	nan	nan	nan
8.000000000000000	nan	nan	nan
8.000000000000000	nan	nan	nan
8.000000000000000	nan	nan	nan
8.000000000000000	nan	nan	nan
8.000000000000000	nan	nan	nan
8.000000000000000	nan	nan	nan
8.000000000000000	nan	nan	nan
8.000000000000000	nan	nan	nan
8.000000000000000	nan	nan	nan
8.000000000000000	nan	nan	nan
8.000000000000000	nan	nan	nan
8.000000000000000	nan	nan	nan
8.000000000000000	nan	nan	nan
8.000000000000000	nan	nan	nan
8.000000000000000	nan	nan	nan
8.000000000000000	nan	nan	nan
8.000000000000000	nan	nan	nan
8.000000000000000	nan	nan	nan
8.000000000000000	nan	nan	nan
8.000000000000000	nan	nan	nan
8.000000000000000	nan	nan	nan
8.000000000000000	nan	nan	nan
8.000000000000000	nan	nan	nan
8.000000000000000	nan	nan	nan
8.000000000000000	nan	nan	nan
8.000000000000000	nan	nan	nan
8.000000000000000	nan	nan	nan
8.000000000000000	nan	nan	nan
8.000000000000000	nan	nan	nan
8.000000000000000	nan	nan	nan
8.000000000000000	nan	nan	nan
8.000000000000000	nan	nan	nan
8.000000000000000	nan	nan	nan
8.000000000000000	nan	nan	nan
8.000000000000000	nan	nan	nan
8.000000000000000	nan	nan	nan
8.000000000000000	nan	nan	nan
8.000000000000000	nan	nan	nan
8.000000000000000	nan	nan	nan
8.000000000000000	nan	nan	nan
8.000000000000000	nan	nan	nan
8.000000000000000	nan	nan	nan
8.000000000000000	nan	nan	nan
8.000000000000000	nan	nan	nan
8.000000000000000	nan	nan	nan
8.000000000000000	nan	nan	nan
8.000000000000000	nan	nan	nan
8.000000000000000	nan	nan	nan
8.000000000000000	nan	nan	nan
8.000000000000000	nan	nan	nan


9.000000000000000	nan	nan	nan
9.000000000000000	nan	nan	nan
9.000000000000000	nan	nan	nan
9.000000000000000	nan	nan	nan
9.000000000000000	nan	nan	nan
9.000000000000000	nan	nan	nan
9.000000000000000	nan	nan	nan
9.000000000000000	nan	nan	nan
9.000000000000000	nan	nan	nan
9.000000000000000	nan	nan	nan
9.000000000000000	nan	nan	nan
9.000000000000000	nan	nan	nan
9.000000000000000	nan	nan	nan
9.000000000000000	nan	nan	nan
9.000000000000000	nan	nan	nan
9.000000000000000	nan	nan	nan
9.000000000000000	nan	nan	nan
9.000000000000000	nan	nan	nan
9.000000000000000	nan	nan	nan
9.000000000000000	nan	nan	nan
9.000000000000000	nan	nan	nan
9.000000000000000	nan	nan	nan
9.000000000000000	nan	nan	nan
9.000000000000000	nan	nan	nan
9.000000000000000	nan	nan	nan
9.000000000000000	nan	nan	nan
9.000000000000000	nan	nan	nan
9.000000000000000	nan	nan	nan
9.000000000000000	nan	nan	nan
9.000000000000000	nan	nan	nan
9.000000000000000	nan	nan	nan
9.000000000000000	nan	nan	nan
9.000000000000000	nan	nan	nan
9.000000000000000	nan	nan	nan
9.000000000000000	nan	nan	nan
9.000000000000000	nan	nan	nan
9.000000000000000	nan	nan	nan
9.000000000000000	nan	nan	nan
9.000000000000000	nan	nan	nan
9.000000000000000	nan	nan	nan
9.000000000000000	nan	nan	nan
9.000000000000000	nan	nan	nan
9.000000000000000	nan	nan	nan
9.000000000000000	nan	nan	nan
9.000000000000000	nan	nan	nan
9.000000000000000	nan	nan	nan
9.000000000000000	nan	nan	nan
9.000000000000000	nan	nan	nan
9.000000000000000	nan	nan	nan
9.000000000000000	nan	nan	nan
9.000000000000000	nan	nan	nan
9.000000000000000	nan	nan	nan
9.000000000000000	nan	nan	nan
9.000000000000000	nan	nan	nan
9.000000000000000	nan	nan	nan
9.000000000000000	nan	nan	nan
9.000000000000000	nan	nan	nan
9.000000000000000	nan	nan	nan
9.000000000000000	nan	nan	nan
9.000000000000000	nan	nan	nan
9.000000000000000	nan	nan	nan
9.000000000000000	nan	nan	nan
9.000000000000000	nan	nan	nan
9.000000000000000	nan	nan	nan
9.000000000000000	nan	nan	nan
9.000000000000000	nan	nan	nan
9.000000000000000	nan	nan	nan
9.000000000000000	nan	nan	nan
9.000000000000000	nan	nan	nan
9.000000000000000	nan	nan	nan
9.000000000000000	nan	nan	nan
9.000000000000000	nan	nan	nan
9.000000000000000	nan	nan	nan
9.000000000000000	nan	nan	nan
9.000000000000000	nan	nan	nan
9.000000000000000	nan	nan	nan
9.000000000000000	nan	nan	nan
9.000000000000000	nan	nan	nan
9.000000000000000	nan	nan	nan
9.000000000000000	nan	nan	nan
9.000000000000000	nan	nan	nan
9.000000000000000	nan	nan	nan
9.000000000000000	nan	nan	nan
9.000000000000000	nan	nan	nan
9.000000000000000	nan	nan	nan
9.000000000000000	nan	nan	nan
9.000000000000000	nan	nan	nan
9.000000000000000	nan	nan	nan
9.000000000000000	nan	nan	nan
9.000000000000000	nan	nan	nan
9.000000000000000	nan	nan	nan
9.000000000000000	nan	nan	nan
9.000000000000000	nan	nan	nan
9.000000000000000	nan	nan	nan
9.000000000000000	nan	nan	nan
9.000000000000000	nan	nan	nan
9.000000000000000	nan	nan	nan
9.000000000000000	nan	nan	nan
9.000000000000000	nan	nan	nan
9.000000000000000	nan	nan	nan


10.000000000000000	-0.693584197763714	1.170992021388083	-0.058333944742514
10.000000000000000	-0.776701919285981	1.118226216279552	-0.055698448503707
10.000000000000000	-0.856275881477661	1.060254937538998	-0.052803665130924
10.000000000000000	-0.931985668078141	0.997311615045308	-0.049661250895113
10.000000000000000	-1.003526422498078	0.929649699342711	-0.046283859189305
10.000000000000000	-1.070610075369288	0.857541641084890	-0.042685089577871
10.000000000000000	-1.132966504498416	0.781277793972359	-0.038879433035871
10.000000000000000	-1.190344622553670	0.701165245600590	-0.034882213599019
10.000000000000000	-1.242513388104892	0.617526580926653	-0.030709526659192
10.000000000000000	-1.289262735945848	0.530698583333443	-0.026378174153973
10.000000000000000	-1.330404422952674	0.441030878521867	-0.021905596911178
10.000000000000000	-1.365772786072494	0.348884526691545	-0.017309804420794
10.000000000000000	-1.395225409390070	0.254630568678815	-0.012609302317124
10.000000000000000	-1.418643697586420	0.158648531906249	-0.007823017863126
10.000000000000000	-1.435933353480317	0.061324902159668	-0.002970223737008
10.000000000000000	-1.447024757729753	-0.036948432653709	0.001929539572049
10.000000000000000	-1.451873249164457	-0.135775760499547	0.006856542446538
10.000000000000000	-1.450459304620667	-0.234759138609103	0.011790945584841
10.000000000000000	-1.442788617554016	-0.333499995854294	0.016712879887085
10.000000000000000	-1.428892075114003	-0.431600737652965	0.021602526461002
10.000000000000000	-1.408825633772333	-0.528666346941939	0.026440196425609
10.000000000000000	-1.382670094005966	-0.624305974771310	0.031206410191384
10.000000000000000	-1.350530774942105	-0.718134514115220	0.035881975897697
10.000000000000000	-1.312537090275248	-0.809774150561930	0.040448066691661
10.000000000000000	-1.268842027163914	-0.898855883639108	0.044886296537222
10.000000000000000	-1.219621530205353	-0.985021012648494	0.049178794249237
10.000000000000000	-1.165073792968748	-1.067922581027012	0.053308275454431
10.000000000000000	-1.105418459939668	-1.147226773418395	0.057258112189465
10.000000000000000	-1.040895742089243	-1.222614259829803	0.061012399855876
10.000000000000000	-0.971765449629364	-1.293781481461001	0.064556021262286
10.000000000000000	-0.898305945848663	-1.360441873028507	0.067874707495989
10.000000000000000	-0.820813026241790	-1.422327016662849	0.070955095378832
10.000000000000000	-0.739598727445358	-1.479187722732587	0.073784781276014
10.000000000000000	-0.654990070776540	-1.530795033243011	0.076352371041147
10.000000000000000	-0.567327745433644	-1.576941143769173	0.078647525896463
10.000000000000000	-0.476964736660953	-1.617440240210966	0.080661004063419
10.000000000000000	-0.384264904401735	-1.652129247000924	0.082384697976081
10.000000000000000	-0.289601518162668	-1.680868483751972	0.083811666927431
10.000000000000000	-0.193355753989287	-1.703542227701048	0.084936165017140
10.000000000000000	-0.095915159604573	-1.720059179683826	0.085753664288287
10.000000000000000	0.002327906108936	-1.730352831764226	0.086260872959838
10.000000000000000	0.100977852999890	-1.734381735038401	0.086455748681488
10.000000000000000	0.199637452550043	-1.732129666534843	0.086337506757487
10.000000000000000	0.297909437373298	-1.723605694538560	0.085906623306329
10.000000000000000	0.395398100871255	-1.708844142076301	0.085164833343595
10.000000000000000	0.491710890604026	-1.687904448709832	0.084115123795655
10.000000000000000	0.586459988960354	-1.660870931193806	0.082761721472370
10.000000000000000	0.679263874762264	-1.627852443961948	0.081110076047221
10.000000000000000	0.769748859516184	-1.588981940808671	0.079166838113397
10.000000000000000	0.857550592124621	-1.544415939531072	0.076939832404203
10.000000000000000	0.942315525999436	-1.494333891687004	0.074438026285623
10.000000000000000	1.023702342669170	-1.438937460006988	0.071671493647900
10.000000000000000	1.101383326148064	-1.378449706369573	0.068651374341534
10.000000000000000	1.175045682532667	-1.313114193609883	0.065389829321042
10.000000000000000	1.244392799512488	-1.243194004778037	0.061899991677077
10.000000000000000	1.309145440723083	-1.168970683796568	0.058195913754117
10.000000000000000	1.369042870132338	-1.090743101782408	0.054292510566624
10.000000000000000	1.423843901932445	-1.008826253598391	0.050205499741555
10.000000000000000	1.473327871710029	-0.923549989480113	0.045951338229015
10.000000000000000	1.517295524983854	-0.835257686845453	0.041547156035937
10.000000000000000	1.555569819532296	-0.744304867634902	0.037010687249584
10.000000000000000	1.587996638279881	-0.651057766750190	0.032360198628638
10.000000000000000	1.614445409872358	-0.555891857355596	0.027614416049417
10.000000000000000	1.634809634441451	-0.459190338980039	0.022792449103372
10.000000000000000	1.649007312442248	-0.361342594507817	0.017913714149512
10.000000000000000	1.656981274836422	-0.262742622271169	0.012997856131577
10.000000000000000	1.658699413291771	-0.163787449558046	0.008064669474783
10.000000000000000	1.654154809471141	-0.064875533923353	0.003134018380660
10.000000000000000	1.643365762890130	0.033594841258994	-0.001774243159078
10.000000000000000	1.626375717231392	0.131227170542642	-0.006640351307551
10.000000000000000	1.603253085412263	0.227628322996288	-0.011444711964709
10.000000000000000	1.574090974110092	0.322410125203184	-0.016167979665853
10.000000000000000	1.539006808854505	0.415190924298493	-0.020791135479000
10.000000000000000	1.498141861196251	0.505597124750661	-0.025295563587403
10.000000000000000	1.451660679856519	0.593264692698775	-0.029663126248880
10.000000000000000	1.399750428147322	0.677840621788426	-0.033876236830097
10.000000000000000	1.342620130330893	0.758984354603719	-0.037917930621735
10.000000000000000	1.280499829952756	0.836369153971782	-0.041771933149385
10.000000000000000	1.213639663537561	0.909683418618043	-0.045422725705115
10.000000000000000	1.142308853377582	0.978631937874583	-0.048855607835828
10.000000000000000	1.066794623469570	1.042937080389306	-0.052056756536797
10.000000000000000	0.987401042965086	1.102339912049406	-0.055013281912029
10.000000000000000	0.904447801791353	1.156601238617646	-0.057713279077325
10.000000000000000	0.818268923372748	1.205502568883133	-0.060145876097048
10.000000000000000	0.729211419636364	1.248846994448308	-0.062301277761569
10.000000000000000	0.637633893717455	1.286459982609565	-0.064170805029120
10.000000000000000	0.543905095991183	1.318190079138848	-0.065746929973235
10.000000000000000	0.448402439244995	1.343909518136373	-0.067023306095045
10.000000000000000	0.351510478970539	1.363514736498814	-0.067994793878397
10.000000000000000	0.253619364894427	1.376926790931364	-0.068657481484869
10.000000000000000	0.155123269982986	1.384091675824525	-0.069008700505360
10.000000000000000	0.056418803246841	1.384980540715633	-0.069047036704836
10.000000000000000	-0.042096587263589	1.379589806459491	-0.068772335716952
10.000000000000000	-0.140026214841111	1.367941179640323	-0.068185703665632
10.000000000000000	-0.236975751439122	1.350081565167019	-0.067289502711098
10.000000000000000	-0.332554815491477	1.326082877403623	-0.066087341538287
10.000000000000000	-0.426378543841272	1.296041750595571	-0.064584060825945
10.000000000000000	-0.518069141448943	1.260079149757692	-0.062785713754927
10.000000000000000	-0.607257402639548	1.218339883590782	-0.060699541634174
10.000000000000000	-0.693584197763714	1.170992021388083	-0.058333944742514


11.000000000000000	nan	nan	nan
11.000000000000000	nan	nan	nan
11.000000000000000	nan	nan	nan
11.000000000000000	nan	nan	nan
11.000000000000000	nan	nan	nan
11.000000000000000	nan	nan	nan
11.000000000000000	nan	nan	nan
11.000000000000000	nan	nan	nan
11.000000000000000	nan	nan	nan
11.000000000000000	nan	nan	nan
11.000000000000000	nan	nan	nan
11.000000000000000	nan	nan	nan
11.000000000000000	nan	nan	nan
11.000000000000000	nan	nan	nan
11.000000000000000	nan	nan	nan
11.000000000000000	nan	nan	nan
11.000000000000000	nan	nan	nan
11.000000000000000	nan	nan	nan
11.000000000000000	nan	nan	nan
11.000000000000000	nan	nan	nan
11.000000000000000	nan	nan	nan
11.000000000000000	nan	nan	nan
11.000000000000000	nan	nan	nan
11.000000000000000	nan	nan	nan
11.000000000000000	nan	nan	nan
11.000000000000000	nan	nan	nan
11.000000000000000	nan	nan	nan
11.000000000000000	nan	nan	nan
11.000000000000000	nan	nan	nan
11.000000000000000	nan	nan	nan
11.000000000000000	nan	nan	nan
11.000000000000000	nan	nan	nan
11.000000000000000	nan	nan	nan
11.000000000000000	nan	nan	nan
11.000000000000000	nan	nan	nan
11.000000000000000	nan	nan	nan
11.000000000000000	nan	nan	nan
11.000000000000000	nan	nan	nan
11.000000000000000	nan	nan	nan
11.000000000000000	nan	nan	nan
11.000000000000000	nan	nan	nan
11.000000000000000	nan	nan	nan
11.000000000000000	nan	nan	nan
11.000000000000000	nan	nan	nan
11.000000000000000	nan	nan	nan
11.000000000000000	nan	nan	nan
11.000000000000000	nan	nan	nan
11.000000000000000	nan	nan	nan
11.000000000000000	nan	nan	nan
11.000000000000000	nan	nan	nan
11.000000000000000	nan	nan	nan
11.000000000000000	nan	nan	nan
11.000000000000000	nan	nan	nan
11.000000000000000	nan	nan	nan
11.000000000000000	nan	nan	nan
11.000000000000000	nan	nan	nan
11.000000000000000	nan	nan	nan
11.000000000000000	nan	nan	nan
11.000000000000000	nan	nan	nan
11.000000000000000	nan	nan	nan
11.000000000000000	nan	nan	nan
11.000000000000000	nan	nan	nan
11.000000000000000	nan	nan	nan
11.000000000000000	nan	nan	nan
11.000000000000000	nan	nan	nan
11.000000000000000	nan	nan	nan
11.000000000000000	nan	nan	nan
11.000000000000000	nan	nan	nan
11.000000000000000	nan	nan	nan
11.000000000000000	nan	nan	nan
11.000000000000000	nan	nan	nan
11.000000000000000	nan	nan	nan
11.000000000000000	nan	nan	nan
11.000000000000000	nan	nan	nan
11.000000000000000	nan	nan	nan
11.000000000000000	nan	nan	nan
11.000000000000000	nan	nan	nan
11.000000000000000	nan	nan	nan
11.000000000000000	nan	nan	nan
11.000000000000000	nan	nan	nan
11.000000000000000	nan	nan	nan
11.000000000000000	nan	nan	nan
11.000000000000000	nan	nan	nan
11.000000000000000	nan	nan	nan
11.000000000000000	nan	nan	nan
11.000000000000000	nan	nan	nan
11.000000000000000	nan	nan	nan
11.000000000000000	nan	nan	nan
11.000000000000000	nan	nan	nan
11.000000000000000	nan	nan	nan
11.000000000000000	nan	nan	nan
11.000000000000000	nan	nan	nan
11.000000000000000	nan	nan	nan
11.000000000000000	nan	nan	nan
11.000000000000000	nan	nan	nan
11.000000000000000	nan	nan	nan
11.000000000000000	nan	nan	nan
11.000000000000000	nan	nan	nan
11.000000000000000	nan	nan	nan
11.000000000000000	nan	nan	nan


12.000000000000000	nan	nan	nan
12.000000000000000	nan	nan	nan
12.000000000000000	nan	nan	nan
12.000000000000000	nan	nan	nan
12.000000000000000	nan	nan	nan
12.000000000000000	nan	nan	nan
12.000000000000000	nan	nan	nan
12.000000000000000	nan	nan	nan
12.000000000000000	nan	nan	nan
12.000000000000000	nan	nan	nan
12.000000000000000	nan	nan	nan
12.000000000000000	nan	nan	nan
12.000000000000000	nan	nan	nan
12.000000000000000	nan	nan	nan
12.000000000000000	nan	nan	nan
12.000000000000000	nan	nan	nan
12.000000000000000	nan	nan	nan
12.000000000000000	nan	nan	nan
12.000000000000000	nan	nan	nan
12.000000000000000	nan	nan	nan
12.000000000000000	nan	nan	nan
12.000000000000000	nan	nan	nan
12.000000000000000	nan	nan	nan
12.000000000000000	nan	nan	nan
12.000000000000000	nan	nan	nan
12.000000000000000	nan	nan	nan
12.000000000000000	nan	nan	nan
12.000000000000000	nan	nan	nan
12.000000000000000	nan	nan	nan
12.000000000000000	nan	nan	nan
12.000000000000000	nan	nan	nan
12.000000000000000	nan	nan	nan
12.000000000000000	nan	nan	nan
12.000000000000000	nan	nan	nan
12.000000000000000	nan	nan	nan
12.000000000000000	nan	nan	nan
12.000000000000000	nan	nan	nan
12.000000000000000	nan	nan	nan
12.000000000000000	nan	nan	nan
12.000000000000000	nan	nan	nan
12.000000000000000	nan	nan	nan
12.000000000000000	nan	nan	nan
12.000000000000000	nan	nan	nan
12.000000000000000	nan	nan	nan
12.000000000000000	nan	nan	nan
12.000000000000000	nan	nan	nan
12.000000000000000	nan	nan	nan
12.000000000000000	nan	nan	nan
12.000000000000000	nan	nan	nan
12.000000000000000	nan	nan	nan
12.000000000000000	nan	nan	nan
12.000000000000000	nan	nan	nan
12.000000000000000	nan	nan	nan
12.000000000000000	nan	nan	nan
12.000000000000000	nan	nan	nan
12.000000000000000	nan	nan	nan
12.000000000000000	nan	nan	nan
12.000000000000000	nan	nan	nan
12.000000000000000	nan	nan	nan
12.000000000000000	nan	nan	nan
12.000000000000000	nan	nan	nan
12.000000000000000	nan	nan	nan
12.000000000000000	nan	nan	nan
12.000000000000000	nan	nan	nan
12.000000000000000	nan	nan	nan
12.000000000000000	nan	nan	nan
12.000000000000000	nan	nan	nan
12.000000000000000	nan	nan	nan
12.000000000000000	nan	nan	nan
12.000000000000000	nan	nan	nan
12.000000000000000	nan	nan	nan
12.000000000000000	nan	nan	nan
12.000000000000000	nan	nan	nan
12.000000000000000	nan	nan	nan
12.000000000000000	nan	nan	nan
12.000000000000000	nan	nan	nan
12.000000000000000	nan	nan	nan
12.000000000000000	nan	nan	nan
12.000000000000000	nan	nan	nan
12.000000000000000	nan	nan	nan
12.000000000000000	nan	nan	nan
12.000000000000000	nan	nan	nan
12.000000000000000	nan	nan	nan
12.000000000000000	nan	nan	nan
12.000000000000000	nan	nan	nan
12.000000000000000	nan	nan	nan
12.000000000000000	nan	nan	nan
12.000000000000000	nan	nan	nan
12.000000000000000	nan	nan	nan
12.000000000000000	nan	nan	nan
12.000000000000000	nan	nan	nan
12.000000000000000	nan	nan	nan
12.000000000000000	nan	nan	nan
12.000000000000000	nan	nan	nan
12.000000000000000	nan	nan	nan
12.000000000000000	nan	nan	nan
12.000000000000000	nan	nan	nan
12.000000000000000	nan	nan	nan
12.000000000000000	nan	nan	nan
12.000000000000000	nan	nan	nan


13.000000000000000	-0.010942971287140	0.569702739970016	-0.029987835777798
13.000000000000000	-0.048234281181413	0.567812348538316	-0.029739915206878
13.000000000000000	-0.085329969120543	0.563562716224176	-0.029368407261331
13.000000000000000	-0.122080663861889	0.556970954797045	-0.028874807872534
13.000000000000000	-0.158338383328657	0.548063606953666	-0.028261104591010
13.000000000000000	-0.193957130481491	0.536876539440014	-0.027529768583273
13.000000000000000	-0.228793481197021	0.523454798628560	-0.026683744681305
13.000000000000000	-0.262707161786188	0.507852429132431	-0.025726439524761
13.000000000000000	-0.295561613826882	0.490132256186830	-0.024661707843630
13.000000000000000	-0.327224544036510	0.470365632673984	-0.023493836936603
13.000000000000000	-0.357568456970350	0.448632151810272	-0.022227529407629
13.000000000000000	-0.386471168400714	0.425019326652437	-0.020867884230192
13.000000000000000	-0.413816297309704	0.399622237713388	-0.019420376215543
13.000000000000000	-0.439493734514495	0.372543150106540	-0.017890833967569
13.000000000000000	-0.463400086038156	0.343891101760290	-0.016285416413060
13.000000000000000	-0.485439089440698	0.313781464360766	-0.014610588001885
13.000000000000000	-0.505522001433949	0.282335478790767	-0.012873092676936
13.000000000000000	-0.523567955219450	0.249679766935520	-0.011079926718648
13.000000000000000	-0.539504286110513	0.215945821821034	-0.009238310573449
13.000000000000000	-0.553266824127270	0.181269478138101	-0.007355659779569
13.000000000000000	-0.564800152386529	0.145790365283933	-0.005439555107284
13.000000000000000	-0.574057830246006	0.109651345123860	-0.003497712033833
13.000000000000000	-0.581002580304401	0.072997936737026	-0.001537949675911
13.000000000000000	-0.585606438504334	0.035977730462412	0.000431840695153
13.000000000000000	-0.587850866733739	-0.001260206395364	0.002403727428759
13.000000000000000	-0.587726827472291	-0.038565929807475	0.004369770432996
13.000000000000000	-0.585234820182318	-0.075789222792562	0.006322053146590
13.000000000000000	-0.580384879297638	-0.112780200287504	0.008252714416097
13.000000000000000	-0.573196533818438	-0.149389912681663	0.010153980150002
13.000000000000000	-0.563698728674880	-0.185470945584399	0.012018194622233
13.000000000000000	-0.551929708176087	-0.220878013410787	0.013837851299074
13.000000000000000	-0.537936862013804	-0.255468544395395	0.015605623065323
13.000000000000000	-0.521776534440839	-0.289103254678460	0.017314391728001
13.000000000000000	-0.503513797392642	-0.321646709152834	0.018957276678804
13.000000000000000	-0.483222188465586	-0.352967866813358	0.020527662599881
13.000000000000000	-0.460983414807023	-0.382940608412739	0.022019226101385
13.000000000000000	-0.436887024109442	-0.411444244299251	0.023425961183534
13.000000000000000	-0.411030044033508	-0.438364000391358	0.024742203420650
13.000000000000000	-0.383516591511929	-0.463591480332438	0.025962652769803
13.000000000000000	-0.354457453507306	-0.487025101964651	0.027082394912216
13.000000000000000	-0.323969640912144	-0.508570506364433	0.028096921041486
13.000000000000000	-0.292175917387279	-0.528140937792583	0.029002146018962
13.000000000000000	-0.259204305035949	-0.545657593029002	0.029794424823153
13.000000000000000	-0.225187568903968	-0.561049938685447	0.030470567226943
13.000000000000000	-0.190262682381744	-0.574255995218591	0.031027850643514
13.000000000000000	-0.154570275660781	-0.585222586499773	0.031464031089237
13.000000000000000	-0.118254069465532	-0.593905553936491	0.031777352219403
13.000000000000000	-0.081460296340767	-0.600269934283478	0.031966552400406
13.000000000000000	-0.044337111824726	-0.604290100427346	0.032030869789895
13.000000000000000	-0.007033997879058	-0.605949864577923	0.031970045404442
13.000000000000000	0.030298839022279	-0.605242543450782	0.031784324162381
13.000000000000000	0.067511072721475	-0.602170985178454	0.031474453897603
13.000000000000000	0.104452862687249	-0.596747557842017	0.031041682348298
13.000000000000000	0.140975457369785	-0.588994099669188	0.030487752132751
13.000000000000000	0.176931793170718	-0.578941831099495	0.029814893732434
13.000000000000000	0.212177086616342	-0.566631229070583	0.029025816510644
13.000000000000000	0.246569417349558	-0.552111864031871	0.028123697802853
13.000000000000000	0.279970299593062	-0.535442200341852	0.027112170122700
13.000000000000000	0.312245239782694	-0.516689360852751	0.025995306535141
13.000000000000000	0.343264278125548	-0.495928856630492	0.024777604255653
13.000000000000000	0.372902511902194	-0.473244282898289	0.023463966541534
13.000000000000000	0.401040598405844	-0.448726982428181	0.022059682948221
13.000000000000000	0.427565235493309	-0.422475677735934	0.020570408030108
13.000000000000000	0.452369617812745	-0.394596073560309	0.019002138571662
13.000000000000000	0.475353866871101	-0.365200431227388	0.017361189440481
13.000000000000000	0.496425433209569	-0.334407116613838	0.015654168159553
13.000000000000000	0.515499469067581	-0.302340123529298	0.013887948301094
13.000000000000000	0.532499170034799	-0.269128574437075	0.012069641809098
13.000000000000000	0.547356084315366	-0.234906200523553	0.010206570362048
13.000000000000000	0.560010388359130	-0.199810803209910	0.008306235891101
13.000000000000000	0.570411127749965	-0.163983699274424	0.006376290372462
13.000000000000000	0.578516422381219	-0.127569151819692	0.004424505015571
13.000000000000000	0.584293635092127	-0.090713789376026	0.002458738971190
13.000000000000000	0.587719503086131	-0.053566015480115	0.000486907685375
13.000000000000000	0.588780231601960	-0.016275411106364	-0.001483048973231
13.000000000000000	0.587471549460258	0.021007867642901	-0.003443198684449
13.000000000000000	0.583798726262117	0.058133694163058	-0.005385648617213
13.000000000000000	0.577776551170258	0.094952575854038	-0.007302577211221
13.000000000000000	0.569429273358284	0.131316256074268	-0.009186265671592
13.000000000000000	0.558790504367827	0.167078311117835	-0.011029129049732
13.000000000000000	0.545903082766722	0.202094739811072	-0.012823746785245
13.000000000000000	0.530818901653223	0.236224543354464	-0.014562892585909
13.000000000000000	0.513598699700806	0.269330293075040	-0.016239563525406
13.000000000000000	0.494311816584970	0.301278683803146	-0.017847008241631
13.000000000000000	0.473035913776838	0.331941070645303	-0.019378754122052
13.000000000000000	0.449856661827820	0.361193986991799	-0.020828633366628
13.000000000000000	0.424867395404543	0.388919641673139	-0.022190807823365
13.000000000000000	0.398168737463087	0.415006393263519	-0.023459792496500
13.000000000000000	0.369868194075858	0.439349199621441	-0.024630477632632
13.000000000000000	0.340079721542576	0.461850040857343	-0.025698149295904
13.000000000000000	0.308923267528476	0.482418314025100	-0.026658508349358
13.000000000000000	0.276524288077396	0.500971197948109	-0.027507687766036
13.000000000000000	0.243013242444570	0.517433986710938	-0.028242268200141
13.000000000000000	0.208525067783243	0.531740390473676	-0.028859291755531
13.000000000000000	0.173198635800393	0.543832802397728	-0.029356273896122
13.000000000000000	0.137176193569370	0.553662530608217	-0.029731213450240
13.000000000000000	0.100602790751141	0.561189994258980	-0.029982600668635
13.000000000000000	0.063625695530502	0.566384882910667	-0.030109423303703
13.000000000000000	0.026393801619069	0.569226278580182	-0.030111170685454
13.000000000000000	-0.010942971287140	0.569702739970016	-0.029987835777798


14.000000000000000	1.027820010125366	-0.198426186414534	-0.074662350920825
14.000000000000000	1.039951897488389	-0.122680240478594	-0.074404384539631
14.000000000000000	1.047219776616528	-0.046309704672289	-0.073797676811541
14.000000000000000	1.049594382325686	0.030377903811194	-0.072844670734444
14.000000000000000	1.047066152916774	0.107073791038905	-0.071549203727453
14.000000000000000	1.039645268677300	0.183469129742313	-0.069916492178980
14.000000000000000	1.027361610888941	0.259256302855719	-0.067953110442175
14.000000000000000	1.010264641506169	0.334130142181606	-0.065666964362327
14.000000000000000	0.988423203990422	0.407789157195263	-0.063067259442821
14.000000000000000	0.961925246101776	0.479936749040721	-0.060164463777816
14.000000000000000	0.930877465764358	0.550282404829660	-0.056970265900933
14.000000000000000	0.895404881431467	0.618542867434281	-0.053497527719649
14.000000000000000	0.855650328680384	0.684443276063778	-0.049760232724939
14.000000000000000	0.811773885063916	0.747718273031740	-0.045773429684691
14.000000000000000	0.763952225534589	0.808113072257892	-0.041553172047633
14.000000000000000	0.712377911036972	0.865384485201719	-0.037116453301753
14.000000000000000	0.657258613132712	0.919301900096884	-0.032481138547530
14.000000000000000	0.598816277780458	0.969648210543421	-0.027665892561474
14.000000000000000	0.537286231637815	1.016220689718576	-0.022690104639660
14.000000000000000	0.472916234483953	1.058831806686179	-0.017573810523874
14.000000000000000	0.405965481578421	1.097309981517530	-0.012337611724758
14.000000000000000	0.336703559973319	1.131500276183213	-0.007002592566791
14.000000000000000	0.265409362981388	1.161265018433863	-0.001590235289161
14.000000000000000	0.192369967171070	1.186484356157715	0.003877666455633
14.000000000000000	0.117879476410494	1.207056739982765	0.009379095357126
14.000000000000000	0.042237837614999	1.222899332180243	0.014891899102827
14.000000000000000	-0.034250367033230	1.233948340222914	0.020393879577762
14.000000000000000	-0.111277146530112	1.240159273655069	0.025862882248448
14.000000000000000	-0.188532341220732	1.241507123239887	0.031276885371381
14.000000000000000	-0.265704871702813	1.237986461662805	0.036614088666823
14.000000000000000	-0.342483991433667	1.229611465385398	0.041853001100836
14.000000000000000	-0.418560537996849	1.216415857561773	0.046972527422090
14.000000000000000	-0.493628177990091	1.198452772247328	0.051952053104995
14.000000000000000	-0.567384640521799	1.175794540446666	0.056771527357116
14.000000000000000	-0.639532934349239	1.148532398862164	0.061411543856646
14.000000000000000	-0.709782543757460	1.116776122515982	0.065853418894805
14.000000000000000	-0.777850598363537	1.080653582724787	0.070079266608546
14.000000000000000	-0.843463012135766	1.040310232207090	0.074072071000613
14.000000000000000	-0.906355587041380	0.995908519396493	0.077815754456954
14.000000000000000	-0.966275076878775	0.947627234319177	0.081295242485601
14.000000000000000	-1.022980207010588	0.895660788669569	0.084496524416325
14.000000000000000	-1.076242645891500	0.840218432983067	0.087406709816665
14.000000000000000	-1.125847924478784	0.781523414057986	0.090014080397145
14.000000000000000	-1.171596299823442	0.719812076019497	0.092308137196692
14.000000000000000	-1.213303559364565	0.655332908645249	0.094279642858248
14.000000000000000	-1.250801762688299	0.588345546784736	0.095920658824344
14.000000000000000	-1.283939917764616	0.519119724901400	0.097224577302872
14.000000000000000	-1.312584588938930	0.447934190947142	0.098186147874327
14.000000000000000	-1.336620434230379	0.375075583942706	0.098801498633400
14.000000000000000	-1.355950669773276	0.300837279783506	0.099068151779767
14.000000000000000	-1.370497459531578	0.225518209918445	0.098985033595322
14.000000000000000	-1.380202228717125	0.149421657658474	0.098552478767658
14.000000000000000	-1.385025899649645	0.072854036961739	0.097772229042397
14.000000000000000	-1.384949049108778	-0.003876341387278	0.096647426209800
14.000000000000000	-1.379971986544527	-0.080460511236476	0.095182599453880
14.000000000000000	-1.370114752831217	-0.156590095163776	0.093383647114984
14.000000000000000	-1.355417039569961	-0.231958546204167	0.091257812939249
14.000000000000000	-1.335938029264595	-0.306262382206132	0.088813656910603
14.000000000000000	-1.311756157014625	-0.379202407847169	0.086061020782722
14.000000000000000	-1.282968794684760	-0.450484919387748	0.083010988449769
14.000000000000000	-1.249691858822781	-0.519822887312615	0.079675841315457
14.000000000000000	-1.212059343904519	-0.586937112097338	0.076069008840178
14.000000000000000	-1.170222782785387	-0.651557348446258	0.072205014465300
14.000000000000000	-1.124350636531058	-0.713423393474907	0.068099417132398
14.000000000000000	-1.074627616084211	-0.772286134455189	0.063768748632887
14.000000000000000	-1.021253938498755	-0.827908551904416	0.059230447040332
14.000000000000000	-0.964444520736418	-0.880066673979104	0.054502786493480
14.000000000000000	-0.904428114272001	-0.928550478330543	0.049604803612757
14.000000000000000	-0.841446383991919	-0.973164737790666	0.044556220846509
14.000000000000000	-0.775752935095001	-1.013729806482953	0.039377367055670
14.000000000000000	-0.707612291913859	-1.050082343192967	0.034089095656613
14.000000000000000	-0.637298832768771	-1.082075969085779	0.028712700651799
14.000000000000000	-0.565095685143017	-1.109581857121869	0.023269830886346
14.000000000000000	-0.491293585628433	-1.132489250798147	0.017782402875774
14.000000000000000	-0.416189709231773	-1.150705910125302	0.012272512555928
14.000000000000000	-0.340086472755843	-1.164158483045679	0.006762346310443
14.000000000000000	-0.263290317073767	-1.172792800796130	0.001274091634013
14.000000000000000	-0.186110473199754	-1.176574096026502	-0.004170152208827
14.000000000000000	-0.108857717124936	-1.175487142795486	-0.009548463169634
14.000000000000000	-0.031843118432151	-1.169536317880112	-0.014839184688408
14.000000000000000	0.044623212271489	-1.158745583152007	-0.020021012896922
14.000000000000000	0.120233372060556	-1.143158389091397	-0.025073082401875
14.000000000000000	0.194682905507713	-1.122837499827362	-0.029975050302465
14.000000000000000	0.267672030618268	-1.097864740408838	-0.034707178104076
14.000000000000000	0.338906845946458	-1.068340667324023	-0.039250411198226
14.000000000000000	0.408100514032841	-1.034384163594891	-0.043586455588751
14.000000000000000	0.474974416397505	-0.996131960077223	-0.047697851555270
14.000000000000000	0.539259275438357	-0.953738084893710	-0.051568043957317
14.000000000000000	0.600696238716978	-0.907373243217059	-0.055181448896051
14.000000000000000	0.659037921266040	-0.857224129900521	-0.058523516465110
14.000000000000000	0.714049401721250	-0.803492677723605	-0.061580789337957
14.000000000000000	0.765509168266774	-0.746395244280046	-0.064340956955777
14.000000000000000	0.813210010585138	-0.686161740782138	-0.066792905097759
14.000000000000000	0.856959854220042	-0.623034706289426	-0.068926760634133
14.000000000000000	0.896582533992400	-0.557268331089521	-0.070733931281787
14.000000000000000	0.931918503355349	-0.489127433163520	-0.072207140202351
14.000000000000000	0.962825476831874	-0.418886391857463	-0.073340455303462
14.000000000000000	0.989179002948208	-0.346828043053556	-0.074129313125205
14.000000000000000	1.010872965355995	-0.273242540289885	-0.074570537215554
14.000000000000000	1.027820010125366	-0.198426186414534	-0.074662350920825


15.000000000000000	nan	nan	nan
15.000000000000000	nan	nan	nan
15.000000000000000	nan	nan	nan
15.000000000000000	nan	nan	nan
15.000000000000000	nan	nan	nan
15.000000000000000	nan	nan	nan
15.000000000000000	nan	nan	nan
15.000000000000000	nan	nan	nan
15.000000000000000	nan	nan	nan
15.000000000000000	nan	nan	nan
15.000000000000000	nan	nan	nan
15.000000000000000	nan	nan	nan
15.000000000000000	nan	nan	nan
15.000000000000000	nan	nan	nan
15.000000000000000	nan	nan	nan
15.000000000000000	nan	nan	nan
15.000000000000000	nan	nan	nan
15.000000000000000	nan	nan	nan
15.000000000000000	nan	nan	nan
15.000000000000000	nan	nan	nan
15.000000000000000	nan	nan	nan
15.000000000000000	nan	nan	nan
15.000000000000000	nan	nan	nan
15.000000000000000	nan	nan	nan
15.000000000000000	nan	nan	nan
15.000000000000000	nan	nan	nan
15.000000000000000	nan	nan	nan
15.000000000000000	nan	nan	nan
15.000000000000000	nan	nan	nan
15.000000000000000	nan	nan	nan
15.000000000000000	nan	nan	nan
15.000000000000000	nan	nan	nan
15.000000000000000	nan	nan	nan
15.000000000000000	nan	nan	nan
15.000000000000000	nan	nan	nan
15.000000000000000	nan	nan	nan
15.000000000000000	nan	nan	nan
15.000000000000000	nan	nan	nan
15.000000000000000	nan	nan	nan
15.000000000000000	nan	nan	nan
15.000000000000000	nan	nan	nan
15.000000000000000	nan	nan	nan
15.000000000000000	nan	nan	nan
15.000000000000000	nan	nan	nan
15.000000000000000	nan	nan	nan
15.000000000000000	nan	nan	nan
15.000000000000000	nan	nan	nan
15.000000000000000	nan	nan	nan
15.000000000000000	nan	nan	nan
15.000000000000000	nan	nan	nan
15.000000000000000	nan	nan	nan
15.000000000000000	nan	nan	nan
15.000000000000000	nan	nan	nan
15.000000000000000	nan	nan	nan
15.000000000000000	nan	nan	nan
15.000000000000000	nan	nan	nan
15.000000000000000	nan	nan	nan
15.000000000000000	nan	nan	nan
15.000000000000000	nan	nan	nan
15.000000000000000	nan	nan	nan
15.000000000000000	nan	nan	nan
15.000000000000000	nan	nan	nan
15.000000000000000	nan	nan	nan
15.000000000000000	nan	nan	nan
15.000000000000000	nan	nan	nan
15.000000000000000	nan	nan	nan
15.000000000000000	nan	nan	nan
15.000000000000000	nan	nan	nan
15.000000000000000	nan	nan	nan
15.000000000000000	nan	nan	nan
15.000000000000000	nan	nan	nan
15.000000000000000	nan	nan	nan
15.000000000000000	nan	nan	nan
15.000000000000000	nan	nan	nan
15.000000000000000	nan	nan	nan
15.000000000000000	nan	nan	nan
15.000000000000000	nan	nan	nan
15.000000000000000	nan	nan	nan
15.000000000000000	nan	nan	nan
15.000000000000000	nan	nan	nan
15.000000000000000	nan	nan	nan
15.000000000000000	nan	nan	nan
15.000000000000000	nan	nan	nan
15.000000000000000	nan	nan	nan
15.000000000000000	nan	nan	nan
15.000000000000000	nan	nan	nan
15.000000000000000	nan	nan	nan
15.000000000000000	nan	nan	nan
15.000000000000000	nan	nan	nan
15.000000000000000	nan	nan	nan
15.000000000000000	nan	nan	nan
15.000000000000000	nan	nan	nan
15.000000000000000	nan	nan	nan
15.000000000000000	nan	nan	nan
15.000000000000000	nan	nan	nan
15.000000000000000	nan	nan	nan
15.000000000000000	nan	nan	nan
15.000000000000000	nan	nan	nan
15.000000000000000	nan	nan	nan
15.000000000000000	nan	nan	nan


16.000000000000000	0.412119565379383	0.796982259993784	0.010710107010686
16.000000000000000	0.359448347572739	0.822149764480978	0.009397105667234
16.000000000000000	0.305286921463728	0.843923921838663	0.008045152262332
16.000000000000000	0.249853375999352	0.862217055220214	0.006659690635178
16.000000000000000	0.193370922502274	0.876955504633951	0.005246299550754
16.000000000000000	0.136066995877595	0.888079923545927	0.003810670236110
16.000000000000000	0.078172338812768	0.895545517847480	0.002358583463799
16.000000000000000	0.019920072658237	0.899322226225291	0.000895886274749
16.000000000000000	-0.038455241269970	0.899394841207689	-0.000571531565711
16.000000000000000	-0.096718546185866	0.895763070399769	-0.002037761283852
16.000000000000000	-0.154635236324227	0.888441537660764	-0.003496898890096
16.000000000000000	-0.211972101615199	0.877459724218923	-0.004943068952296
16.000000000000000	-0.268498266738945	0.862861849961015	-0.006370448254030
16.000000000000000	-0.323986120779070	0.844706695374448	-0.007773289242632
16.000000000000000	-0.378212233731446	0.823067364858993	-0.009145943172566
16.000000000000000	-0.430958256177983	0.798030992361168	-0.010482882850926
16.000000000000000	-0.482011798502668	0.769698390516592	-0.011778724893492
16.000000000000000	-0.531167286109590	0.738183644713076	-0.013028251401718
16.000000000000000	-0.578226787199279	0.703613653709038	-0.014226430973367
16.000000000000000	-0.623000809770204	0.666127618656989	-0.015368438962194
16.000000000000000	-0.665309064636184	0.625876482589621	-0.016449676905094
16.000000000000000	-0.704981191387309	0.583022322625490	-0.017465791038486
16.000000000000000	-0.741857444371182	0.537737697341661	-0.018412689829386
16.000000000000000	-0.775789335932281	0.490204951941228	-0.019286560450565
16.000000000000000	-0.806640234319339	0.440615484013531	-0.020083884133460
16.000000000000000	-0.834285913853183	0.389168972843621	-0.020801450337009
16.000000000000000	-0.858615055139701	0.336072575374254	-0.021436369675371
16.000000000000000	-0.879529693313751	0.281540092057997	-0.021986085552462
16.000000000000000	-0.896945612509098	0.225791105958263	-0.022448384456463
16.000000000000000	-0.910792684965982	0.169050098565820	-0.022821404872853
16.000000000000000	-0.921015153410856	0.111545545891051	-0.023103644780072
16.000000000000000	-0.927571855571251	0.053508998471705	-0.023293967697626
16.000000000000000	-0.930436389921713	-0.004825850999399	-0.023391607262301
16.000000000000000	-0.929597221993432	-0.063224108672362	-0.023396170314031
16.000000000000000	-0.925057730819477	-0.121450625374836	-0.023307638479017
16.000000000000000	-0.916836195328619	-0.179270943474748	-0.023126368243711
16.000000000000000	-0.904965720742542	-0.236452240958428	-0.022853089519374
16.000000000000000	-0.889494105272793	-0.292764268922694	-0.022488902702977
16.000000000000000	-0.870483647654258	-0.347980278705912	-0.022035274246290
16.000000000000000	-0.848010896290145	-0.401877934924832	-0.021494030751005
16.000000000000000	-0.822166341018579	-0.454240210740702	-0.020867351613647
16.000000000000000	-0.793054048741965	-0.504856261749752	-0.020157760249921
16.000000000000000	-0.760791244386298	-0.553522274979186	-0.019368113933803
16.000000000000000	-0.725507838877762	-0.600042289570097	-0.018501592292307
16.000000000000000	-0.687345906037283	-0.644228985842676	-0.017561684502249
16.000000000000000	-0.646459110499392	-0.685904439566452	-0.016552175240566
16.000000000000000	-0.603012088958981	-0.724900838398372	-0.015477129444755
16.000000000000000	-0.557179787237438	-0.761061157603876	-0.014340875944804
16.000000000000000	-0.509146755837569	-0.794239792340081	-0.013147990032524
16.000000000000000	-0.459106406823864	-0.824303143955099	-0.011903275038463
16.000000000000000	-0.407260235020371	-0.851130157942647	-0.010611742990586
16.000000000000000	-0.353817006662159	-0.874612811385825	-0.009278594432613
16.000000000000000	-0.298991918767372	-0.894656547927274	-0.007909197483261
16.000000000000000	-0.243005732614791	-0.911180658514254	-0.006509066220723
16.000000000000000	-0.186083884816074	-0.924118606385512	-0.005083838479427
16.000000000000000	-0.128455579562097	-0.933418294991339	-0.003639253148461
16.000000000000000	-0.070352865698566	-0.939042277767987	-0.002181127063097
16.000000000000000	-0.012009702347219	-0.940967908921763	-0.000715331582442
16.000000000000000	0.046338983164985	-0.939187434615652	0.000752231052445
16.000000000000000	0.104458241275293	-0.933708024191275	0.002215651484800
16.000000000000000	0.162114046244125	-0.924551741300489	0.003669037037049
16.000000000000000	0.219074238494127	-0.911755455062841	0.005106535438535
16.000000000000000	0.275109459434855	-0.895370691606642	0.006522358390552
16.000000000000000	0.329994075008862	-0.875463426591429	0.007910804873778
16.000000000000000	0.383507084240415	-0.852113819547273	0.009266284104269
16.000000000000000	0.435433009128421	-0.825415891100643	0.010583338045570
16.000000000000000	0.485562762300288	-0.795477144386525	0.011856663386307
16.000000000000000	0.533694488932977	-0.762418132171244	0.013081132894745
16.000000000000000	0.579634379551131	-0.726371971429019	0.014251816064342
16.000000000000000	0.623197450429429	-0.687483807326889	0.015363998967159
16.000000000000000	0.664208288456759	-0.645910228776360	0.016413203235185
16.000000000000000	0.702501757462903	-0.601818637905118	0.017395204093143
16.000000000000000	0.737923663163616	-0.555386575987751	0.018306047370168
16.000000000000000	0.770331374046582	-0.506801008549692	0.019142065421861
16.000000000000000	0.799594395698175	-0.456257572523040	0.019899891898595
16.000000000000000	0.825594896258404	-0.403959788485686	0.020576475300618
16.000000000000000	0.848228180888229	-0.350118241155770	0.021169091265366
16.000000000000000	0.867403113338721	-0.294949731441350	0.021675353537508
16.000000000000000	0.883042482924577	-0.238676403459666	0.022093223577559
16.000000000000000	0.895083315424290	-0.181524850041178	0.022421018770350
16.000000000000000	0.903477126655123	-0.123725200320220	0.022657419200333
16.000000000000000	0.908190117701792	-0.065510193086189	0.022801472966413
16.000000000000000	0.909203311012772	-0.007114239626596	0.022852600014918
16.000000000000000	0.906512626816201	0.051227520164468	0.022810594475267
16.000000000000000	0.900128899547678	0.109280164611684	0.022675625488943
16.000000000000000	0.890077834223816	0.166809936205182	0.022448236528418
16.000000000000000	0.876399902937214	0.223585182859530	0.022129343208779
16.000000000000000	0.859150181889623	0.279377290694920	0.021720229600875
16.000000000000000	0.838398129619519	0.333961604584575	0.021222543060810
16.000000000000000	0.814227307317087	0.387118332761657	0.020638287596625
16.000000000000000	0.786735042352797	0.438633431843130	0.019969815798865
16.000000000000000	0.756032036374437	0.488299468706928	0.019219819367527
16.000000000000000	0.722241919550648	0.535916455751918	0.018391318273534
16.000000000000000	0.685500752755867	0.581292656177389	0.017487648598375
16.000000000000000	0.645956479701211	0.624245356039475	0.016512449100890
16.000000000000000	0.603768331217367	0.664601599975719	0.015469646565264
16.000000000000000	0.559106184088234	0.702198887635275	0.014363439989256
16.000000000000000	0.512149877017075	0.736885828010465	0.013198283676320
16.000000000000000	0.463088486479531	0.768522749034939	0.011978869299694
16.000000000000000	0.412119565379384	0.796982259993784	0.010710107010686


17.000000000000000	1.243667263620934	-0.184998759396046	0.005669150671366
17.000000000000000	1.254051426502852	-0.095651394275966	0.005764895344301
17.000000000000000	1.258707604036873	-0.005817966499959	0.005834334559375
17.000000000000000	1.257617047439437	0.084139796424470	0.005877188709377
17.000000000000000	1.250784147997058	0.173859666336056	0.005893285235771
17.000000000000000	1.238236419384159	0.262980372984733	0.005882559323526
17.000000000000000	1.220024386875222	0.351143058739427	0.005845054162104
17.000000000000000	1.196221383897339	0.437992723581073	0.005780920771554
17.000000000000000	1.166923256742378	0.523179654562403	0.005690417394404
17.000000000000000	1.132247978627801	0.606360833978550	0.005573908455811
17.000000000000000	1.092335174660154	0.687201320578284	0.005431863096150
17.000000000000000	1.047345559614037	0.765375598254216	0.005264853281950
17.000000000000000	0.997460290790437	0.840568886781268	0.005073551502788
17.000000000000000	0.942880238560213	0.912478409325543	0.004858728063409
17.000000000000000	0.883825177530006	0.980814611619775	0.004621247981984
17.000000000000000	0.820532901587468	1.045302327896162	0.004362067506982
17.000000000000000	0.753258266389206	1.105681888881795	0.004082230266702
17.000000000000000	0.682272163147001	1.161710167395175	0.003782863066943
17.000000000000000	0.607860427844504	1.213161557333561	0.003465171353758
17.000000000000000	0.530322690276623	1.259828882109119	0.003130434359549
17.000000000000000	0.449971167546080	1.301524228875919	0.002779999952048
17.000000000000000	0.367129406875343	1.338079705188643	0.002415279206931
17.000000000000000	0.282130982796150	1.369348115046208	0.002037740725913
17.000000000000000	0.195318153962603	1.395203551598108	0.001648904723206
17.000000000000000	0.107040484996367	1.415541904126863	0.001250336904156
17.000000000000000	0.017653438913318	1.430281277265136	0.000843642160699
17.000000000000000	-0.072483054200570	1.439362320759469	0.000430458109026
17.000000000000000	-0.163006046500641	1.442748468452806	0.000012448495483
17.000000000000000	-0.253551033846428	1.440426085523507	-0.000408703502751
17.000000000000000	-0.343753423531179	1.432404523387958	-0.000831302055222
17.000000000000000	-0.433250002368005	1.418716082045718	-0.001253645506712
17.000000000000000	-0.521680399221190	1.399415880018822	-0.001674033229207
17.000000000000000	-0.608688536093563	1.374581632408947	-0.002090772469720
17.000000000000000	-0.693924061926919	1.344313337966124	-0.002502185166415
17.000000000000000	-0.777043763342075	1.308732876429069	-0.002906614705569
17.000000000000000	-0.857712946638013	1.267983517758489	-0.003302432592168
17.000000000000000	-0.935606785485285	1.222229345239519	-0.003688045007285
17.000000000000000	-1.010411628887000	1.171654594776243	-0.004061899225822
17.000000000000000	-1.081826264140681	1.116462913038732	-0.004422489868793
17.000000000000000	-1.149563129715512	1.056876537449784	-0.004768364964945
17.000000000000000	-1.213349473161128	0.993135401313256	-0.005098131797340
17.000000000000000	-1.272928449385466	0.925496167687332	-0.005410462511335
17.000000000000000	-1.328060154879300	0.854231195892979	-0.005704099461379
17.000000000000000	-1.378522593722996	0.779627444819083	-0.005977860275111
17.000000000000000	-1.424112571485736	0.701985317440291	-0.006230642614357
17.000000000000000	-1.464646513417767	0.621617451200252	-0.006461428613854
17.000000000000000	-1.499961203641131	0.538847459130977	-0.006669288979837
17.000000000000000	-1.529914442362398	0.454008626777376	-0.006853386731976
17.000000000000000	-1.554385618461047	0.367442570174000	-0.007012980573597
17.000000000000000	-1.573276195147878	0.279497860277841	-0.007147427876630
17.000000000000000	-1.586510106737884	0.190528619396111	-0.007256187269237
17.000000000000000	-1.594034064939919	0.100893095260705	-0.007338820815730
17.000000000000000	-1.595817773429837	0.010952218491014	-0.007394995779981
17.000000000000000	-1.591854049843099	-0.078931850746280	-0.007424485965238
17.000000000000000	-1.582158854695616	-0.168397181028384	-0.007427172624931
17.000000000000000	-1.566771227116389	-0.257083527046480	-0.007403044940832
17.000000000000000	-1.545753127650712	-0.344633780186447	-0.007352200066607
17.000000000000000	-1.519189188766926	-0.430695406479207	-0.007274842736620
17.000000000000000	-1.487186374071339	-0.514921866130594	-0.007171284441536
17.000000000000000	-1.449873547603537	-0.596974008914796	-0.007041942174059
17.000000000000000	-1.407400954946376	-0.676521439812613	-0.006887336749850
17.000000000000000	-1.359939618240049	-0.753243849395589	-0.006708090710385
17.000000000000000	-1.307680647536289	-0.826832303599031	-0.006504925816201
17.000000000000000	-1.250834471265643	-0.896990487690448	-0.006278660140621
17.000000000000000	-1.189629988916448	-0.963435899424397	-0.006030204775662
17.000000000000000	-1.124313649337385	-1.025900986579319	-0.005760560163387
17.000000000000000	-1.055148458374942	-1.084134224295907	-0.005470812067482
17.000000000000000	-0.982412919841704	-1.137901127878931	-0.005162127201262
17.000000000000000	-0.906399914079788	-1.186985196984359	-0.004835748529737
17.000000000000000	-0.827415518635080	-1.231188787389817	-0.004492990264623
17.000000000000000	-0.745777775790985	-1.270333906838127	-0.004135232572479
17.000000000000000	-0.661815411924405	-1.304262931749294	-0.003763916017264
17.000000000000000	-0.575866513840638	-1.332839241915040	-0.003380535759690
17.000000000000000	-0.488277167417139	-1.355947770620157	-0.002986635536744
17.000000000000000	-0.399400064037838	-1.373495467975563	-0.002583801445600
17.000000000000000	-0.309593080429429	-1.385411675597356	-0.002173655556963
17.000000000000000	-0.219217837618085	-1.391648411123195	-0.001757849383570
17.000000000000000	-0.128638244809229	-1.392180561420335	-0.001338057230124
17.000000000000000	-0.038219034053598	-1.387005983707348	-0.000915969451464
17.000000000000000	0.051675708399990	-1.376145514182349	-0.000493285646102
17.000000000000000	0.140684008151465	-1.359642884122980	-0.000071707812539
17.000000000000000	0.228447460192652	-1.337564543795990	0.000347066504084
17.000000000000000	0.314612672077745	-1.309999394885463	0.000761351047397
17.000000000000000	0.398832686909956	-1.277058432517115	0.001169477639764
17.000000000000000	0.480768380414487	-1.238874298320095	0.001569802899441
17.000000000000000	0.560089826472287	-1.195600746325962	0.001960714857902
17.000000000000000	0.636477625616091	-1.147412023855466	0.002340639450659
17.000000000000000	0.709624191139345	-1.094502169886088	0.002708046855470
17.000000000000000	0.779234987639311	-1.037084233725557	0.003061457652389
17.000000000000000	0.845029717007182	-0.975389417137489	0.003399448780870
17.000000000000000	0.906743447089631	-0.909666143373484	0.003720659269933
17.000000000000000	0.964127678477094	-0.840179056860370	0.004023795718306
17.000000000000000	1.016951345123180	-0.767207957570501	0.004307637502502
17.000000000000000	1.065001744766090	-0.691046674366021	0.004571041691837
17.000000000000000	1.108085395405549	-0.612001881853746	0.004812947650606
17.000000000000000	1.146028814386541	-0.530391865514755	0.005032381308893
17.000000000000000	1.178679216952720	-0.446545240081097	0.005228459084803
17.000000000000000	1.205905131456711	-0.360799626320253	0.005400391442338
17.000000000000000	1.227596928750020	-0.273500291555455	0.005547486070577
17.000000000000000	1.243667263620934	-0.184998759396046	0.005669150671366


18.000000000000000	nan	nan	nan
18.000000000000000	nan	nan	nan
18.000000000000000	nan	nan	nan
18.000000000000000	nan	nan	nan
18.000000000000000	nan	nan	nan
18.000000000000000	nan	nan	nan
18.000000000000000	nan	nan	nan
18.000000000000000	nan	nan	nan
18.000000000000000	nan	nan	nan
18.000000000000000	nan	nan	nan
18.000000000000000	nan	nan	nan
18.000000000000000	nan	nan	nan
18.000000000000000	nan	nan	nan
18.000000000000000	nan	nan	nan
18.000000000000000	nan	nan	nan
18.000000000000000	nan	nan	nan
18.000000000000000	nan	nan	nan
18.000000000000000	nan	nan	nan
18.000000000000000	nan	nan	nan
18.000000000000000	nan	nan	nan
18.000000000000000	nan	nan	nan
18.000000000000000	nan	nan	nan
18.000000000000000	nan	nan	nan
18.000000000000000	nan	nan	nan
18.000000000000000	nan	nan	nan
18.000000000000000	nan	nan	nan
18.000000000000000	nan	nan	nan
18.000000000000000	nan	nan	nan
18.000000000000000	nan	nan	nan
18.000000000000000	nan	nan	nan
18.000000000000000	nan	nan	nan
18.000000000000000	nan	nan	nan
18.000000000000000	nan	nan	nan
18.000000000000000	nan	nan	nan
18.000000000000000	nan	nan	nan
18.000000000000000	nan	nan	nan
18.000000000000000	nan	nan	nan
18.000000000000000	nan	nan	nan
18.000000000000000	nan	nan	nan
18.000000000000000	nan	nan	nan
18.000000000000000	nan	nan	nan
18.000000000000000	nan	nan	nan
18.000000000000000	nan	nan	nan
18.000000000000000	nan	nan	nan
18.000000000000000	nan	nan	nan
18.000000000000000	nan	nan	nan
18.000000000000000	nan	nan	nan
18.000000000000000	nan	nan	nan
18.000000000000000	nan	nan	nan
18.000000000000000	nan	nan	nan
18.000000000000000	nan	nan	nan
18.000000000000000	nan	nan	nan
18.000000000000000	nan	nan	nan
18.000000000000000	nan	nan	nan
18.000000000000000	nan	nan	nan
18.000000000000000	nan	nan	nan
18.000000000000000	nan	nan	nan
18.000000000000000	nan	nan	nan
18.000000000000000	nan	nan	nan
18.000000000000000	nan	nan	nan
18.000000000000000	nan	nan	nan
18.000000000000000	nan	nan	nan
18.000000000000000	nan	nan	nan
18.000000000000000	nan	nan	nan
18.000000000000000	nan	nan	nan
18.000000000000000	nan	nan	nan
18.000000000000000	nan	nan	nan
18.000000000000000	nan	nan	nan
18.000000000000000	nan	nan	nan
18.000000000000000	nan	nan	nan
18.000000000000000	nan	nan	nan
18.000000000000000	nan	nan	nan
18.000000000000000	nan	nan	nan
18.000000000000000	nan	nan	nan
18.000000000000000	nan	nan	nan
18.000000000000000	nan	nan	nan
18.000000000000000	nan	nan	nan
18.000000000000000	nan	nan	nan
18.000000000000000	nan	nan	nan
18.000000000000000	nan	nan	nan
18.000000000000000	nan	nan	nan
18.000000000000000	nan	nan	nan
18.000000000000000	nan	nan	nan
18.000000000000000	nan	nan	nan
18.000000000000000	nan	nan	nan
18.000000000000000	nan	nan	nan
18.000000000000000	nan	nan	nan
18.000000000000000	nan	nan	nan
18.000000000000000	nan	nan	nan
18.000000000000000	nan	nan	nan
18.000000000000000	nan	nan	nan
18.000000000000000	nan	nan	nan
18.000000000000000	nan	nan	nan
18.000000000000000	nan	nan	nan
18.000000000000000	nan	nan	nan
18.000000000000000	nan	nan	nan
18.000000000000000	nan	nan	nan
18.000000000000000	nan	nan	nan
18.000000000000000	nan	nan	nan
18.000000000000000	nan	nan	nan


