# n	x	y	z
1.000000000000000	-0.306015975709984	0.223195563234072	-0.000141968690939
1.000000000000000	-0.320796066452722	0.201511961742540	-0.000720772914381
1.000000000000000	-0.334165731363094	0.178930372657791	-0.001296619774813
1.000000000000000	-0.346071135519245	0.155541724069038	-0.001867190540169
1.000000000000000	-0.356464340060578	0.131440193809270	-0.002430187723357
1.000000000000000	-0.365303495220621	0.106722830234358	-0.002983344333427
1.000000000000000	-0.372553008841268	0.081489161443578	-0.003524433003942
1.000000000000000	-0.378183689689842	0.055840794515086	-0.004051274961801
1.000000000000000	-0.382172865001877	0.029881006370070	-0.004561748800385
1.000000000000000	-0.384504471776347	0.003714327913046	-0.005053799021714
1.000000000000000	-0.385169121455697	-0.022553876877207	-0.005525444313214
1.000000000000000	-0.384164137730253	-0.048817835211197	-0.005974785525759
1.000000000000000	-0.381493567314775	-0.074971791398413	-0.006400013320879
1.000000000000000	-0.377168163653763	-0.100910432688166	-0.006799415456324
1.000000000000000	-0.371205343621137	-0.126529313326864	-0.007171383680662
1.000000000000000	-0.363629117388628	-0.151725275124199	-0.007514420209137
1.000000000000000	-0.354469991745292	-0.176396862834770	-0.007827143754721
1.000000000000000	-0.343764847257439	-0.200444732682551	-0.008108295090071
1.000000000000000	-0.331556789763608	-0.223772052383210	-0.008356742117989
1.000000000000000	-0.317894976802567	-0.246284891053545	-0.008571484429981
1.000000000000000	-0.302834419673260	-0.267892597437996	-0.008751657334550
1.000000000000000	-0.286435761923717	-0.288508164929258	-0.008896535338999
1.000000000000000	-0.268765035160890	-0.308048581913181	-0.009005535070739
1.000000000000000	-0.249893393164682	-0.326435166027239	-0.009078217626320
1.000000000000000	-0.229896825376781	-0.343593880986634	-0.009114290338744
1.000000000000000	-0.208855850918006	-0.359455634702287	-0.009113607955930
1.000000000000000	-0.186855194366222	-0.373956557490291	-0.009076173225592
1.000000000000000	-0.163983444600367	-0.387038259252590	-0.009002136884177
1.000000000000000	-0.140332698084309	-0.398648064593292	-0.008891797049901
1.000000000000000	-0.115998188026882	-0.408739224923899	-0.008745598022334
1.000000000000000	-0.091077900911375	-0.417271106703371	-0.008564128493359
1.000000000000000	-0.065672181938542	-0.424209355055057	-0.008348119176721
1.000000000000000	-0.039883330971896	-0.429526032101657	-0.008098439865698
1.000000000000000	-0.013815190612266	-0.433199729461191	-0.007816095930754
1.000000000000000	0.012427271939708	-0.435215654451001	-0.007502224271263
1.000000000000000	0.038738387549443	-0.435565689652662	-0.007158088737619
1.000000000000000	0.065012210640723	-0.434248425597959	-0.006785075042155
1.000000000000000	0.091142945801141	-0.431269166444320	-0.006384685179370
1.000000000000000	0.117025373782886	-0.426639908616847	-0.005958531377926
1.000000000000000	0.142555275183518	-0.420379292502942	-0.005508329608774
1.000000000000000	0.167629850100715	-0.412512527394051	-0.005035892675542
1.000000000000000	0.192148132071202	-0.403071289976742	-0.004543122915016
1.000000000000000	0.216011394627057	-0.392093596781868	-0.004032004537102
1.000000000000000	0.239123548832359	-0.379623651105417	-0.003504595635111
1.000000000000000	0.261391530199413	-0.365711665017438	-0.002963019898547
1.000000000000000	0.282725673426600	-0.350413657175758	-0.002409458061755
1.000000000000000	0.303040073448896	-0.333791227258619	-0.001846139122875
1.000000000000000	0.322252931347253	-0.315911307924516	-0.001275331368455
1.000000000000000	0.340286883723972	-0.296845895297999	-0.000699333239857
1.000000000000000	0.357069314217804	-0.276671759066698	-0.000120464078252
1.000000000000000	0.372532645904404	-0.255470133356880	0.000458945214555
1.000000000000000	0.386614613404756	-0.233326389632297	0.001036561561842
1.000000000000000	0.399258513605880	-0.210329692933431	0.001610059106443
1.000000000000000	0.410413433984252	-0.186572642841349	0.002177128576159
1.000000000000000	0.420034457612567	-0.162150900611867	0.002735486582379
1.000000000000000	0.428082844024354	-0.137162803981443	0.003282884814480
1.000000000000000	0.434526185208161	-0.111708971195814	0.003817119092984
1.000000000000000	0.439338536103178	-0.085891895855836	0.004336038245005
1.000000000000000	0.442500519070840	-0.059815534211928	0.004837552766267
1.000000000000000	0.443999401921739	-0.033584886568940	0.005319643234800
1.000000000000000	0.443829149183654	-0.007305574486986	0.005780368442438
1.000000000000000	0.441990446404273	0.018916584519298	0.006217873211378
1.000000000000000	0.438490697390730	0.044976003070543	0.006630395864333
1.000000000000000	0.433343994397088	0.070767749085750	0.007016275318175
1.000000000000000	0.426571061379805	0.096187968306755	0.007373957772537
1.000000000000000	0.418199170549677	0.121134302482660	0.007702002966419
1.000000000000000	0.408262032556270	0.145506301530394	0.007999089977604
1.000000000000000	0.396799660747034	0.169205828011736	0.008264022541555
1.000000000000000	0.383858210047671	0.192137452298145	0.008495733868343
1.000000000000000	0.369489791112543	0.214208836832195	0.008693290938235
1.000000000000000	0.353752260493457	0.235331107938325	0.008855898258638
1.000000000000000	0.336708987671755	0.255419213685764	0.008982901067264
1.000000000000000	0.318428599891771	0.274392266362638	0.009073787968627
1.000000000000000	0.298984705823147	0.292173868182240	0.009128192993253
1.000000000000000	0.278455599164695	0.308692418909947	0.009145897071311
1.000000000000000	0.256923943383310	0.323881404172097	0.009126828914726
1.000000000000000	0.234476438857359	0.337679663285898	0.009071065304235
1.000000000000000	0.211203473764861	0.350031635531909	0.008978830780217
1.000000000000000	0.187198760122195	0.360887583877446	0.008850496738544
1.000000000000000	0.162558956438887	0.370203795250061	0.008686579935110
1.000000000000000	0.137383278507904	0.377942756554655	0.008487740405027
1.000000000000000	0.111773099898676	0.384073305725473	0.008254778804905
1.000000000000000	0.085831543761508	0.388570757204743	0.007988633188884
1.000000000000000	0.059663067587056	0.391417001342706	0.007690375231426
1.000000000000000	0.033373042592872	0.392600577318782	0.007361205912058
1.000000000000000	0.007067329430707	0.392116719290251	0.007002450679449
1.000000000000000	-0.019148148076972	0.389967375582619	0.006615554114302
1.000000000000000	-0.045167829454830	0.386161200844400	0.006202074112531
1.000000000000000	-0.070886942629443	0.380713521197899	0.005763675612169
1.000000000000000	-0.096201925809460	0.373646272526328	0.005302123889246
1.000000000000000	-0.121010844492377	0.364987912145745	0.004819277449649
1.000000000000000	-0.145213801918814	0.354773304217489	0.004317080545573
1.000000000000000	-0.168713341321497	0.343043579362505	0.003797555346702
1.000000000000000	-0.191414838349267	0.329845969042850	0.003262793797650
1.000000000000000	-0.213226882085945	0.315233615377268	0.002714949194434
1.000000000000000	-0.234061643129828	0.299265357156631	0.002156227513912
1.000000000000000	-0.253835227251693	0.282005492920895	0.001588878531095
1.000000000000000	-0.272468013207242	0.263523522051577	0.001015186760094
1.000000000000000	-0.289884973343760	0.243893864922271	0.000437462255190
1.000000000000000	-0.306015975709984	0.223195563234072	-0.000141968690939


2.000000000000000	nan	nan	nan
2.000000000000000	nan	nan	nan
2.000000000000000	nan	nan	nan
2.000000000000000	nan	nan	nan
2.000000000000000	nan	nan	nan
2.000000000000000	nan	nan	nan
2.000000000000000	nan	nan	nan
2.000000000000000	nan	nan	nan
2.000000000000000	nan	nan	nan
2.000000000000000	nan	nan	nan
2.000000000000000	nan	nan	nan
2.000000000000000	nan	nan	nan
2.000000000000000	nan	nan	nan
2.000000000000000	nan	nan	nan
2.000000000000000	nan	nan	nan
2.000000000000000	nan	nan	nan
2.000000000000000	nan	nan	nan
2.000000000000000	nan	nan	nan
2.000000000000000	nan	nan	nan
2.000000000000000	nan	nan	nan
2.000000000000000	nan	nan	nan
2.000000000000000	nan	nan	nan
2.000000000000000	nan	nan	nan
2.000000000000000	nan	nan	nan
2.000000000000000	nan	nan	nan
2.000000000000000	nan	nan	nan
2.000000000000000	nan	nan	nan
2.000000000000000	nan	nan	nan
2.000000000000000	nan	nan	nan
2.000000000000000	nan	nan	nan
2.000000000000000	nan	nan	nan
2.000000000000000	nan	nan	nan
2.000000000000000	nan	nan	nan
2.000000000000000	nan	nan	nan
2.000000000000000	nan	nan	nan
2.000000000000000	nan	nan	nan
2.000000000000000	nan	nan	nan
2.000000000000000	nan	nan	nan
2.000000000000000	nan	nan	nan
2.000000000000000	nan	nan	nan
2.000000000000000	nan	nan	nan
2.000000000000000	nan	nan	nan
2.000000000000000	nan	nan	nan
2.000000000000000	nan	nan	nan
2.000000000000000	nan	nan	nan
2.000000000000000	nan	nan	nan
2.000000000000000	nan	nan	nan
2.000000000000000	nan	nan	nan
2.000000000000000	nan	nan	nan
2.000000000000000	nan	nan	nan
2.000000000000000	nan	nan	nan
2.000000000000000	nan	nan	nan
2.000000000000000	nan	nan	nan
2.000000000000000	nan	nan	nan
2.000000000000000	nan	nan	nan
2.000000000000000	nan	nan	nan
2.000000000000000	nan	nan	nan
2.000000000000000	nan	nan	nan
2.000000000000000	nan	nan	nan
2.000000000000000	nan	nan	nan
2.000000000000000	nan	nan	nan
2.000000000000000	nan	nan	nan
2.000000000000000	nan	nan	nan
2.000000000000000	nan	nan	nan
2.000000000000000	nan	nan	nan
2.000000000000000	nan	nan	nan
2.000000000000000	nan	nan	nan
2.000000000000000	nan	nan	nan
2.000000000000000	nan	nan	nan
2.000000000000000	nan	nan	nan
2.000000000000000	nan	nan	nan
2.000000000000000	nan	nan	nan
2.000000000000000	nan	nan	nan
2.000000000000000	nan	nan	nan
2.000000000000000	nan	nan	nan
2.000000000000000	nan	nan	nan
2.000000000000000	nan	nan	nan
2.000000000000000	nan	nan	nan
2.000000000000000	nan	nan	nan
2.000000000000000	nan	nan	nan
2.000000000000000	nan	nan	nan
2.000000000000000	nan	nan	nan
2.000000000000000	nan	nan	nan
2.000000000000000	nan	nan	nan
2.000000000000000	nan	nan	nan
2.000000000000000	nan	nan	nan
2.000000000000000	nan	nan	nan
2.000000000000000	nan	nan	nan
2.000000000000000	nan	nan	nan
2.000000000000000	nan	nan	nan
2.000000000000000	nan	nan	nan
2.000000000000000	nan	nan	nan
2.000000000000000	nan	nan	nan
2.000000000000000	nan	nan	nan
2.000000000000000	nan	nan	nan
2.000000000000000	nan	nan	nan
2.000000000000000	nan	nan	nan
2.000000000000000	nan	nan	nan
2.000000000000000	nan	nan	nan
2.000000000000000	nan	nan	nan


3.000000000000000	nan	nan	nan
3.000000000000000	nan	nan	nan
3.000000000000000	nan	nan	nan
3.000000000000000	nan	nan	nan
3.000000000000000	nan	nan	nan
3.000000000000000	nan	nan	nan
3.000000000000000	nan	nan	nan
3.000000000000000	nan	nan	nan
3.000000000000000	nan	nan	nan
3.000000000000000	nan	nan	nan
3.000000000000000	nan	nan	nan
3.000000000000000	nan	nan	nan
3.000000000000000	nan	nan	nan
3.000000000000000	nan	nan	nan
3.000000000000000	nan	nan	nan
3.000000000000000	nan	nan	nan
3.000000000000000	nan	nan	nan
3.000000000000000	nan	nan	nan
3.000000000000000	nan	nan	nan
3.000000000000000	nan	nan	nan
3.000000000000000	nan	nan	nan
3.000000000000000	nan	nan	nan
3.000000000000000	nan	nan	nan
3.000000000000000	nan	nan	nan
3.000000000000000	nan	nan	nan
3.000000000000000	nan	nan	nan
3.000000000000000	nan	nan	nan
3.000000000000000	nan	nan	nan
3.000000000000000	nan	nan	nan
3.000000000000000	nan	nan	nan
3.000000000000000	nan	nan	nan
3.000000000000000	nan	nan	nan
3.000000000000000	nan	nan	nan
3.000000000000000	nan	nan	nan
3.000000000000000	nan	nan	nan
3.000000000000000	nan	nan	nan
3.000000000000000	nan	nan	nan
3.000000000000000	nan	nan	nan
3.000000000000000	nan	nan	nan
3.000000000000000	nan	nan	nan
3.000000000000000	nan	nan	nan
3.000000000000000	nan	nan	nan
3.000000000000000	nan	nan	nan
3.000000000000000	nan	nan	nan
3.000000000000000	nan	nan	nan
3.000000000000000	nan	nan	nan
3.000000000000000	nan	nan	nan
3.000000000000000	nan	nan	nan
3.000000000000000	nan	nan	nan
3.000000000000000	nan	nan	nan
3.000000000000000	nan	nan	nan
3.000000000000000	nan	nan	nan
3.000000000000000	nan	nan	nan
3.000000000000000	nan	nan	nan
3.000000000000000	nan	nan	nan
3.000000000000000	nan	nan	nan
3.000000000000000	nan	nan	nan
3.000000000000000	nan	nan	nan
3.000000000000000	nan	nan	nan
3.000000000000000	nan	nan	nan
3.000000000000000	nan	nan	nan
3.000000000000000	nan	nan	nan
3.000000000000000	nan	nan	nan
3.000000000000000	nan	nan	nan
3.000000000000000	nan	nan	nan
3.000000000000000	nan	nan	nan
3.000000000000000	nan	nan	nan
3.000000000000000	nan	nan	nan
3.000000000000000	nan	nan	nan
3.000000000000000	nan	nan	nan
3.000000000000000	nan	nan	nan
3.000000000000000	nan	nan	nan
3.000000000000000	nan	nan	nan
3.000000000000000	nan	nan	nan
3.000000000000000	nan	nan	nan
3.000000000000000	nan	nan	nan
3.000000000000000	nan	nan	nan
3.000000000000000	nan	nan	nan
3.000000000000000	nan	nan	nan
3.000000000000000	nan	nan	nan
3.000000000000000	nan	nan	nan
3.000000000000000	nan	nan	nan
3.000000000000000	nan	nan	nan
3.000000000000000	nan	nan	nan
3.000000000000000	nan	nan	nan
3.000000000000000	nan	nan	nan
3.000000000000000	nan	nan	nan
3.000000000000000	nan	nan	nan
3.000000000000000	nan	nan	nan
3.000000000000000	nan	nan	nan
3.000000000000000	nan	nan	nan
3.000000000000000	nan	nan	nan
3.000000000000000	nan	nan	nan
3.000000000000000	nan	nan	nan
3.000000000000000	nan	nan	nan
3.000000000000000	nan	nan	nan
3.000000000000000	nan	nan	nan
3.000000000000000	nan	nan	nan
3.000000000000000	nan	nan	nan
3.000000000000000	nan	nan	nan


4.000000000000000	-0.486368181939525	0.179267716124384	-0.001821842755853
4.000000000000000	-0.496978930744490	0.147403024488758	-0.001294735397616
4.000000000000000	-0.505546628316371	0.114929351982919	-0.000762257675619
4.000000000000000	-0.512036775560963	0.081977458624669	-0.000226553689711
4.000000000000000	-0.516423238945967	0.048680030058396	0.000310219469228
4.000000000000000	-0.518688355731509	0.015171143276816	0.000845900405138
4.000000000000000	-0.518823005091751	-0.018414273259754	0.001378332119956
4.000000000000000	-0.516826644841243	-0.051940982932684	0.001905370699085
4.000000000000000	-0.512707313618111	-0.085273985515166	0.002424893944181
4.000000000000000	-0.506481598515298	-0.118279060770475	0.002934809918499
4.000000000000000	-0.498174568290197	-0.150823308909493	0.003433065370383
4.000000000000000	-0.487819672421608	-0.182775685731255	0.003917654000982
4.000000000000000	-0.475458606420499	-0.214007530291691	0.004386624542915
4.000000000000000	-0.461141143936896	-0.244393082975841	0.004838088617330
4.000000000000000	-0.444924936338959	-0.273809991887439	0.005270228337740
4.000000000000000	-0.426875280571278	-0.302139805516811	0.005681303630012
4.000000000000000	-0.407064856227114	-0.329268449703303	0.006069659239030
4.000000000000000	-0.385573432893336	-0.355086686971662	0.006433731393825
4.000000000000000	-0.362487548946445	-0.379490556392795	0.006772054104327
4.000000000000000	-0.337900163093077	-0.402381792197736	0.007083265064389
4.000000000000000	-0.311910280058097	-0.423668219459218	0.007366111137314
4.000000000000000	-0.284622551927521	-0.443264125247570	0.007619453401797
4.000000000000000	-0.256146856751498	-0.461090603766436	0.007842271737953
4.000000000000000	-0.226597856104181	-0.477075874078565	0.008033668934986
4.000000000000000	-0.196094533382041	-0.491155569142312	0.008192874303934
4.000000000000000	-0.164759714699724	-0.503272994994994	0.008319246780969
4.000000000000000	-0.132719574312633	-0.513379359039475	0.008412277508726
4.000000000000000	-0.100103126557741	-0.521433966514724	0.008471591885301
4.000000000000000	-0.067041706358383	-0.527404384359262	0.008496951072634
4.000000000000000	-0.033668440384880	-0.531266571807651	0.008488252958226
4.000000000000000	-0.000117711000421	-0.533004977194172	0.008445532566316
4.000000000000000	0.033475384849283	-0.532612600573892	0.008368961916844
4.000000000000000	0.066975579623719	-0.530091021908974	0.008258849332789
4.000000000000000	0.100247979862216	-0.525450394706727	0.008115638198664
4.000000000000000	0.133158609352300	-0.518709405135013	0.007939905175161
4.000000000000000	0.165574948604616	-0.509895196779648	0.007732357877142
4.000000000000000	0.197366468462139	-0.499043261346758	0.007493832024323
4.000000000000000	0.228405155695023	-0.486197295750209	0.007225288076128
4.000000000000000	0.258566028464692	-0.471409026159555	0.006927807364254
4.000000000000000	0.287727639581593	-0.454737999717009	0.006602587738535
4.000000000000000	0.315772565530169	-0.436251344762121	0.006250938743618
4.000000000000000	0.342587879291907	-0.416023500529645	0.005874276345895
4.000000000000000	0.368065605062585	-0.394135917409013	0.005474117231901
4.000000000000000	0.392103153032730	-0.370676728972365	0.005052072701152
4.000000000000000	0.414603732480569	-0.345740397091762	0.004609842178018
4.000000000000000	0.435476741514105	-0.319427331574565	0.004149206368732
4.000000000000000	0.454638131892958	-0.291843485848577	0.003672020091120
4.000000000000000	0.472010747460965	-0.263099930324992	0.003180204805901
4.000000000000000	0.487524634826792	-0.233312405157044	0.002675740879647
4.000000000000000	0.501117325041545	-0.202600854195263	0.002160659610539
4.000000000000000	0.512734085139185	-0.171088942015922	0.001637035049056
4.000000000000000	0.522328138526862	-0.138903555967433	0.001106975646495
4.000000000000000	0.529860853337745	-0.106174295239783	0.000572615764990
4.000000000000000	0.535301897987916	-0.073032949014333	0.000036107083185
4.000000000000000	0.538629363310951	-0.039612965795301	-0.000500390067817
4.000000000000000	0.539829850778402	-0.006048916059735	-0.001034715403341
4.000000000000000	0.538898526450942	0.027524049610301	-0.001564717383849
4.000000000000000	0.535839140442934	0.060970744731423	-0.002088261878425
4.000000000000000	0.530664011822039	0.094156491267181	-0.002603240758171
4.000000000000000	0.523393979004686	0.126947661928979	-0.003107580384899
4.000000000000000	0.514058315847116	0.159212218246000	-0.003599249960933
4.000000000000000	0.502694613769902	0.190820242237530	-0.004076269706424
4.000000000000000	0.489348630390559	0.221644459546810	-0.004536718831217
4.000000000000000	0.474074105273776	0.251560751929951	-0.004978743269199
4.000000000000000	0.456932543541149	0.280448657036295	-0.005400563143969
4.000000000000000	0.437992968211767	0.308191853467785	-0.005800479935769
4.000000000000000	0.417331642270878	0.334678629164181	-0.006176883320827
4.000000000000000	0.395031761585758	0.359802331228093	-0.006528257655560
4.000000000000000	0.371183119905324	0.383461795378566	-0.006853188079539
4.000000000000000	0.345881747292392	0.405561753303926	-0.007150366212627
4.000000000000000	0.319229523444513	0.426013216273651	-0.007418595423371
4.000000000000000	0.291333767460386	0.444733833464576	-0.007656795647407
4.000000000000000	0.262306805703727	0.461648223558600	-0.007864007736506
4.000000000000000	0.232265519504643	0.476688278276643	-0.008039397320719
4.000000000000000	0.201330874519773	0.489793436626649	-0.008182258168092
4.000000000000000	0.169627433646282	0.500910928761325	-0.008292015028415
4.000000000000000	0.137282855451036	0.509995988463696	-0.008368225949550
4.000000000000000	0.104427380134608	0.517012033404855	-0.008410584057016
4.000000000000000	0.071193305099963	0.521930812448094	-0.008418918789663
4.000000000000000	0.037714452237507	0.524732519406257	-0.008393196586465
4.000000000000000	0.004125629071563	0.525405872794269	-0.008333521021656
4.000000000000000	-0.029437914061945	0.523948161255693	-0.008240132387673
4.000000000000000	-0.062841028620862	0.520365254480404	-0.008113406727585
4.000000000000000	-0.095949212052280	0.514671579569422	-0.007953854320897
4.000000000000000	-0.128629149386848	0.506890062942066	-0.007762117628838
4.000000000000000	-0.160749250051100	0.497052038019357	-0.007538968707394
4.000000000000000	-0.192180177736250	0.485197119055388	-0.007285306098515
4.000000000000000	-0.222795371189860	0.471373041624709	-0.007002151211995
4.000000000000000	-0.252471553833335	0.455635470408010	-0.006690644212627
4.000000000000000	-0.281089230153193	0.438047775050103	-0.006352039429152
4.000000000000000	-0.308533166867324	0.418680774992727	-0.005987700303525
4.000000000000000	-0.334692856928747	0.397612454309651	-0.005599093900813
4.000000000000000	-0.359462964498483	0.374927647692334	-0.005187785001843
4.000000000000000	-0.382743749095807	0.350717698850562	-0.004755429802384
4.000000000000000	-0.404441467217950	0.325080092703570	-0.004303769244225
4.000000000000000	-0.424468749812110	0.298118062842679	-0.003834622005025
4.000000000000000	-0.442744954079786	0.269940175846059	-0.003349877175133
4.000000000000000	-0.459196488196862	0.240659894119435	-0.002851486650890
4.000000000000000	-0.473757107641917	0.210395119023027	-0.002341457275036
4.000000000000000	-0.486368181939525	0.179267716124385	-0.001821842755853


5.000000000000000	nan	nan	nan
5.000000000000000	nan	nan	nan
5.000000000000000	nan	nan	nan
5.000000000000000	nan	nan	nan
5.000000000000000	nan	nan	nan
5.000000000000000	nan	nan	nan
5.000000000000000	nan	nan	nan
5.000000000000000	nan	nan	nan
5.000000000000000	nan	nan	nan
5.000000000000000	nan	nan	nan
5.000000000000000	nan	nan	nan
5.000000000000000	nan	nan	nan
5.000000000000000	nan	nan	nan
5.000000000000000	nan	nan	nan
5.000000000000000	nan	nan	nan
5.000000000000000	nan	nan	nan
5.000000000000000	nan	nan	nan
5.000000000000000	nan	nan	nan
5.000000000000000	nan	nan	nan
5.000000000000000	nan	nan	nan
5.000000000000000	nan	nan	nan
5.000000000000000	nan	nan	nan
5.000000000000000	nan	nan	nan
5.000000000000000	nan	nan	nan
5.000000000000000	nan	nan	nan
5.000000000000000	nan	nan	nan
5.000000000000000	nan	nan	nan
5.000000000000000	nan	nan	nan
5.000000000000000	nan	nan	nan
5.000000000000000	nan	nan	nan
5.000000000000000	nan	nan	nan
5.000000000000000	nan	nan	nan
5.000000000000000	nan	nan	nan
5.000000000000000	nan	nan	nan
5.000000000000000	nan	nan	nan
5.000000000000000	nan	nan	nan
5.000000000000000	nan	nan	nan
5.000000000000000	nan	nan	nan
5.000000000000000	nan	nan	nan
5.000000000000000	nan	nan	nan
5.000000000000000	nan	nan	nan
5.000000000000000	nan	nan	nan
5.000000000000000	nan	nan	nan
5.000000000000000	nan	nan	nan
5.000000000000000	nan	nan	nan
5.000000000000000	nan	nan	nan
5.000000000000000	nan	nan	nan
5.000000000000000	nan	nan	nan
5.000000000000000	nan	nan	nan
5.000000000000000	nan	nan	nan
5.000000000000000	nan	nan	nan
5.000000000000000	nan	nan	nan
5.000000000000000	nan	nan	nan
5.000000000000000	nan	nan	nan
5.000000000000000	nan	nan	nan
5.000000000000000	nan	nan	nan
5.000000000000000	nan	nan	nan
5.000000000000000	nan	nan	nan
5.000000000000000	nan	nan	nan
5.000000000000000	nan	nan	nan
5.000000000000000	nan	nan	nan
5.000000000000000	nan	nan	nan
5.000000000000000	nan	nan	nan
5.000000000000000	nan	nan	nan
5.000000000000000	nan	nan	nan
5.000000000000000	nan	nan	nan
5.000000000000000	nan	nan	nan
5.000000000000000	nan	nan	nan
5.000000000000000	nan	nan	nan
5.000000000000000	nan	nan	nan
5.000000000000000	nan	nan	nan
5.000000000000000	nan	nan	nan
5.000000000000000	nan	nan	nan
5.000000000000000	nan	nan	nan
5.000000000000000	nan	nan	nan
5.000000000000000	nan	nan	nan
5.000000000000000	nan	nan	nan
5.000000000000000	nan	nan	nan
5.000000000000000	nan	nan	nan
5.000000000000000	nan	nan	nan
5.000000000000000	nan	nan	nan
5.000000000000000	nan	nan	nan
5.000000000000000	nan	nan	nan
5.000000000000000	nan	nan	nan
5.000000000000000	nan	nan	nan
5.000000000000000	nan	nan	nan
5.000000000000000	nan	nan	nan
5.000000000000000	nan	nan	nan
5.000000000000000	nan	nan	nan
5.000000000000000	nan	nan	nan
5.000000000000000	nan	nan	nan
5.000000000000000	nan	nan	nan
5.000000000000000	nan	nan	nan
5.000000000000000	nan	nan	nan
5.000000000000000	nan	nan	nan
5.000000000000000	nan	nan	nan
5.000000000000000	nan	nan	nan
5.000000000000000	nan	nan	nan
5.000000000000000	nan	nan	nan
5.000000000000000	nan	nan	nan


6.000000000000000	nan	nan	nan
6.000000000000000	nan	nan	nan
6.000000000000000	nan	nan	nan
6.000000000000000	nan	nan	nan
6.000000000000000	nan	nan	nan
6.000000000000000	nan	nan	nan
6.000000000000000	nan	nan	nan
6.000000000000000	nan	nan	nan
6.000000000000000	nan	nan	nan
6.000000000000000	nan	nan	nan
6.000000000000000	nan	nan	nan
6.000000000000000	nan	nan	nan
6.000000000000000	nan	nan	nan
6.000000000000000	nan	nan	nan
6.000000000000000	nan	nan	nan
6.000000000000000	nan	nan	nan
6.000000000000000	nan	nan	nan
6.000000000000000	nan	nan	nan
6.000000000000000	nan	nan	nan
6.000000000000000	nan	nan	nan
6.000000000000000	nan	nan	nan
6.000000000000000	nan	nan	nan
6.000000000000000	nan	nan	nan
6.000000000000000	nan	nan	nan
6.000000000000000	nan	nan	nan
6.000000000000000	nan	nan	nan
6.000000000000000	nan	nan	nan
6.000000000000000	nan	nan	nan
6.000000000000000	nan	nan	nan
6.000000000000000	nan	nan	nan
6.000000000000000	nan	nan	nan
6.000000000000000	nan	nan	nan
6.000000000000000	nan	nan	nan
6.000000000000000	nan	nan	nan
6.000000000000000	nan	nan	nan
6.000000000000000	nan	nan	nan
6.000000000000000	nan	nan	nan
6.000000000000000	nan	nan	nan
6.000000000000000	nan	nan	nan
6.000000000000000	nan	nan	nan
6.000000000000000	nan	nan	nan
6.000000000000000	nan	nan	nan
6.000000000000000	nan	nan	nan
6.000000000000000	nan	nan	nan
6.000000000000000	nan	nan	nan
6.000000000000000	nan	nan	nan
6.000000000000000	nan	nan	nan
6.000000000000000	nan	nan	nan
6.000000000000000	nan	nan	nan
6.000000000000000	nan	nan	nan
6.000000000000000	nan	nan	nan
6.000000000000000	nan	nan	nan
6.000000000000000	nan	nan	nan
6.000000000000000	nan	nan	nan
6.000000000000000	nan	nan	nan
6.000000000000000	nan	nan	nan
6.000000000000000	nan	nan	nan
6.000000000000000	nan	nan	nan
6.000000000000000	nan	nan	nan
6.000000000000000	nan	nan	nan
6.000000000000000	nan	nan	nan
6.000000000000000	nan	nan	nan
6.000000000000000	nan	nan	nan
6.000000000000000	nan	nan	nan
6.000000000000000	nan	nan	nan
6.000000000000000	nan	nan	nan
6.000000000000000	nan	nan	nan
6.000000000000000	nan	nan	nan
6.000000000000000	nan	nan	nan
6.000000000000000	nan	nan	nan
6.000000000000000	nan	nan	nan
6.000000000000000	nan	nan	nan
6.000000000000000	nan	nan	nan
6.000000000000000	nan	nan	nan
6.000000000000000	nan	nan	nan
6.000000000000000	nan	nan	nan
6.000000000000000	nan	nan	nan
6.000000000000000	nan	nan	nan
6.000000000000000	nan	nan	nan
6.000000000000000	nan	nan	nan
6.000000000000000	nan	nan	nan
6.000000000000000	nan	nan	nan
6.000000000000000	nan	nan	nan
6.000000000000000	nan	nan	nan
6.000000000000000	nan	nan	nan
6.000000000000000	nan	nan	nan
6.000000000000000	nan	nan	nan
6.000000000000000	nan	nan	nan
6.000000000000000	nan	nan	nan
6.000000000000000	nan	nan	nan
6.000000000000000	nan	nan	nan
6.000000000000000	nan	nan	nan
6.000000000000000	nan	nan	nan
6.000000000000000	nan	nan	nan
6.000000000000000	nan	nan	nan
6.000000000000000	nan	nan	nan
6.000000000000000	nan	nan	nan
6.000000000000000	nan	nan	nan
6.000000000000000	nan	nan	nan
6.000000000000000	nan	nan	nan


7.000000000000000	-0.091153091260008	-0.558631586530401	-0.016595917136629
7.000000000000000	-0.052330058089935	-0.563685243723822	-0.017177015835389
7.000000000000000	-0.013261922486255	-0.566258394057693	-0.017682687897631
7.000000000000000	0.025894001957809	-0.566340676363798	-0.018110897160434
7.000000000000000	0.064980048154363	-0.563931759320332	-0.018459919376230
7.000000000000000	0.103838830390547	-0.559041342786016	-0.018728349155741
7.000000000000000	0.142313878065264	-0.551689118742191	-0.018915105626986
7.000000000000000	0.180250265741053	-0.541904692000161	-0.019019436787569
7.000000000000000	0.217495236974158	-0.529727460993063	-0.019040922532731
7.000000000000000	0.253898819410802	-0.515206459132284	-0.018979476346958
7.000000000000000	0.289314428672931	-0.498400157367223	-0.018835345652353
7.000000000000000	0.323599458601765	-0.479376228743405	-0.018609110812354
7.000000000000000	0.356615855482469	-0.458211275907024	-0.018301682794814
7.000000000000000	0.388230673937734	-0.434990522653112	-0.017914299503853
7.000000000000000	0.418316612251895	-0.409807470759403	-0.017448520795261
7.000000000000000	0.446752524970006	-0.382763523487671	-0.016906222195502
7.000000000000000	0.473423910707828	-0.353967577268588	-0.016289587349638
7.000000000000000	0.498223373208495	-0.323535583214227	-0.015601099228555
7.000000000000000	0.521051053789332	-0.291590080223864	-0.014843530130920
7.000000000000000	0.541815033437528	-0.258259701563073	-0.014019930520108
7.000000000000000	0.560431702935557	-0.223678656902972	-0.013133616741069
7.000000000000000	0.576826099525989	-0.187986191905245	-0.012188157666571
7.000000000000000	0.590932208760052	-0.151326027529002	-0.011187360326615
7.000000000000000	0.602693230314525	-0.113845781317211	-0.010135254578862
7.000000000000000	0.612061806706588	-0.075696372992947	-0.009036076881825
7.000000000000000	0.619000213985691	-0.037031416758936	-0.007894253236141
7.000000000000000	0.623480513634587	0.001993397252623	-0.006714381362633
7.000000000000000	0.625484665067885	0.041220929889270	-0.005501212188907
7.000000000000000	0.625004598275115	0.080493225722190	-0.004259630719044
7.000000000000000	0.622042246315817	0.119652149076978	-0.002994636363416
7.000000000000000	0.616609537535785	0.158540020790180	-0.001711322807820
7.000000000000000	0.608728347535836	0.197000253127640	-0.000414857503008
7.000000000000000	0.598430411086484	0.234877980308035	0.000889539142818
7.000000000000000	0.585757194343217	0.272020682092716	0.002196614784743
7.000000000000000	0.570759727876927	0.308278797930881	0.003501106290482
7.000000000000000	0.553498401191813	0.343506329187128	0.004797760933153
7.000000000000000	0.534042719558157	0.377561427026423	0.006081357542155
7.000000000000000	0.512471024139136	0.410306963589304	0.007346727526983
7.000000000000000	0.488870176538608	0.441611084157365	0.008588775689312
7.000000000000000	0.463335209040087	0.471347738085671	0.009802500739565
7.000000000000000	0.435968941945283	0.499397186364221	0.010983015435341
7.000000000000000	0.406881569553032	0.525646483764675	0.012125566260617
7.000000000000000	0.376190216445752	0.549989933630927	0.013225552566474
7.000000000000000	0.344018465870084	0.572329513482234	0.014278545096292
7.000000000000000	0.310495862110776	0.592575269715152	0.015280303820801
7.000000000000000	0.275757388861574	0.610645679814943	0.016226795011182
7.000000000000000	0.239942925693525	0.626467980617974	0.017114207481470
7.000000000000000	0.203196684809314	0.639978461303295	0.017938967934852
7.000000000000000	0.165666630351626	0.651122719933625	0.018697755352078
7.000000000000000	0.127503882603763	0.659855882512756	0.019387514364028
7.000000000000000	0.088862109481601	0.666142783677298	0.020005467554606
7.000000000000000	0.049896907767131	0.669958108295183	0.020549126644417
7.000000000000000	0.010765176575131	0.671286493400771	0.021016302510188
7.000000000000000	-0.028375514424189	0.670122590056086	0.021405113999593
7.000000000000000	-0.067367559482638	0.666471084889105	0.021713995505993
7.000000000000000	-0.106053951396765	0.660346681222361	0.021941703272581
7.000000000000000	-0.144278913720452	0.651774039867847	0.022087320400547
7.000000000000000	-0.181888528021685	0.640787679826639	0.022150260541113
7.000000000000000	-0.218731353657751	0.627431839293055	0.022130270256546
7.000000000000000	-0.254659037573259	0.611760297523064	0.022027430040667
7.000000000000000	-0.289526911665535	0.593836158284200	0.021842153994729
7.000000000000000	-0.323194575312006	0.573731595758964	0.021575188159976
7.000000000000000	-0.355526460713962	0.551527563924866	0.021227607513602
7.000000000000000	-0.386392378780226	0.527313470581328	0.020800811640192
7.000000000000000	-0.415668043352678	0.501186817336029	0.020296519096094
7.000000000000000	-0.443235571662749	0.473252807000350	0.019716760489397
7.000000000000000	-0.468983959003721	0.443623919974777	0.019063870303386
7.000000000000000	-0.492809525707505	0.412419461330032	0.018340477496408
7.000000000000000	-0.514616334626070	0.379765080407657	0.017549494915980
7.000000000000000	-0.534316577436479	0.345792264874467	0.016694107569779
7.000000000000000	-0.551830928214012	0.310637811268119	0.015777759800747
7.000000000000000	-0.567088862849668	0.274443274165743	0.014804141417930
7.000000000000000	-0.580028943025863	0.237354396193612	0.013777172838922
7.000000000000000	-0.590599063606849	0.199520521173032	0.012700989303729
7.000000000000000	-0.598756662447703	0.161093992765479	0.011579924223615
7.000000000000000	-0.604468891777067	0.122229541038450	0.010418491731985
7.000000000000000	-0.607712750463527	0.083083659422080	0.009221368507562
7.000000000000000	-0.608475176633054	0.043813974565346	0.007993374943054
7.000000000000000	-0.606753100264555	0.004578611629172	0.006739455735132
7.000000000000000	-0.602553455551771	-0.034464442427771	0.005464659973884
7.000000000000000	-0.595893152981722	-0.073157975006800	0.004174120811909
7.000000000000000	-0.586799011242144	-0.111346180908862	0.002873034794925
7.000000000000000	-0.575307649232103	-0.148875289707076	0.001566640937111
7.000000000000000	-0.561465338610608	-0.185594184925979	0.000260199625450
7.000000000000000	-0.545327817476975	-0.221355012534227	-0.001041028561997
7.000000000000000	-0.526960065933171	-0.256013776300606	-0.002331804038579
7.000000000000000	-0.506436044431881	-0.289430917616022	-0.003606929307023
7.000000000000000	-0.483838395963863	-0.321471877446769	-0.004861269887921
7.000000000000000	-0.459258113283800	-0.352007638156267	-0.006089774994465
7.000000000000000	-0.432794172514586	-0.380915243013545	-0.007287497870184
7.000000000000000	-0.404553134605416	-0.408078291296600	-0.008449615707787
7.000000000000000	-0.374648716248453	-0.433387406997027	-0.009571449068904
7.000000000000000	-0.343201331981840	-0.456740679238595	-0.010648480726533
7.000000000000000	-0.310337609322863	-0.478044072636378	-0.011676373854321
7.000000000000000	-0.276189878883622	-0.497211805944063	-0.012650989489431
7.000000000000000	-0.240895641522367	-0.514166697464752	-0.013568403198685
7.000000000000000	-0.204597014676071	-0.528840475834416	-0.014424920880871
7.000000000000000	-0.167440160103670	-0.541174054926578	-0.015217093641586
7.000000000000000	-0.129574695344247	-0.551117771771293	-0.015941731680714
7.000000000000000	-0.091153091260009	-0.558631586530401	-0.016595917136629


8.000000000000000	nan	nan	nan
8.000000000000000	nan	nan	nan
8.000000000000000	nan	nan	nan
8.000000000000000	nan	nan	nan
8.000000000000000	nan	nan	nan
8.000000000000000	nan	nan	nan
8.000000000000000	nan	nan	nan
8.000000000000000	nan	nan	nan
8.000000000000000	nan	nan	nan
8.000000000000000	nan	nan	nan
8.000000000000000	nan	nan	nan
8.000000000000000	nan	nan	nan
8.000000000000000	nan	nan	nan
8.000000000000000	nan	nan	nan
8.000000000000000	nan	nan	nan
8.000000000000000	nan	nan	nan
8.000000000000000	nan	nan	nan
8.000000000000000	nan	nan	nan
8.000000000000000	nan	nan	nan
8.000000000000000	nan	nan	nan
8.000000000000000	nan	nan	nan
8.000000000000000	nan	nan	nan
8.000000000000000	nan	nan	nan
8.000000000000000	nan	nan	nan
8.000000000000000	nan	nan	nan
8.000000000000000	nan	nan	nan
8.000000000000000	nan	nan	nan
8.000000000000000	nan	nan	nan
8.000000000000000	nan	nan	nan
8.000000000000000	nan	nan	nan
8.000000000000000	nan	nan	nan
8.000000000000000	nan	nan	nan
8.000000000000000	nan	nan	nan
8.000000000000000	nan	nan	nan
8.000000000000000	nan	nan	nan
8.000000000000000	nan	nan	nan
8.000000000000000	nan	nan	nan
8.000000000000000	nan	nan	nan
8.000000000000000	nan	nan	nan
8.000000000000000	nan	nan	nan
8.000000000000000	nan	nan	nan
8.000000000000000	nan	nan	nan
8.000000000000000	nan	nan	nan
8.000000000000000	nan	nan	nan
8.000000000000000	nan	nan	nan
8.000000000000000	nan	nan	nan
8.000000000000000	nan	nan	nan
8.000000000000000	nan	nan	nan
8.000000000000000	nan	nan	nan
8.000000000000000	nan	nan	nan
8.000000000000000	nan	nan	nan
8.000000000000000	nan	nan	nan
8.000000000000000	nan	nan	nan
8.000000000000000	nan	nan	nan
8.000000000000000	nan	nan	nan
8.000000000000000	nan	nan	nan
8.000000000000000	nan	nan	nan
8.000000000000000	nan	nan	nan
8.000000000000000	nan	nan	nan
8.000000000000000	nan	nan	nan
8.000000000000000	nan	nan	nan
8.000000000000000	nan	nan	nan
8.000000000000000	nan	nan	nan
8.000000000000000	nan	nan	nan
8.000000000000000	nan	nan	nan
8.000000000000000	nan	nan	nan
8.000000000000000	nan	nan	nan
8.000000000000000	nan	nan	nan
8.000000000000000	nan	nan	nan
8.000000000000000	nan	nan	nan
8.000000000000000	nan	nan	nan
8.000000000000000	nan	nan	nan
8.000000000000000	nan	nan	nan
8.000000000000000	nan	nan	nan
8.000000000000000	nan	nan	nan
8.000000000000000	nan	nan	nan
8.000000000000000	nan	nan	nan
8.000000000000000	nan	nan	nan
8.000000000000000	nan	nan	nan
8.000000000000000	nan	nan	nan
8.000000000000000	nan	nan	nan
8.000000000000000	nan	nan	nan
8.000000000000000	nan	nan	nan
8.000000000000000	nan	nan	nan
8.000000000000000	nan	nan	nan
8.000000000000000	nan	nan	nan
8.000000000000000	nan	nan	nan
8.000000000000000	nan	nan	nan
8.000000000000000	nan	nan	nan
8.000000000000000	nan	nan	nan
8.000000000000000	nan	nan	nan
8.000000000000000	nan	nan	nan
8.000000000000000	nan	nan	nan
8.000000000000000	nan	nan	nan
8.000000000000000	nan	nan	nan
8.000000000000000	nan	nan	nan
8.000000000000000	nan	nan	nan
8.000000000000000	nan	nan	nan
8.000000000000000	nan	nan	nan
8.000000000000000	nan	nan	nan


9.000000000000000	0.574887886138339	0.458419063167846	-0.011905391312698
9.000000000000000	0.541685376319686	0.497437273285285	-0.011942307741351
9.000000000000000	0.506063962873268	0.534262913489509	-0.011926213590899
9.000000000000000	0.468167080658677	0.568747699924796	-0.011857173666806
9.000000000000000	0.428147327045122	0.600752774527362	-0.011735465968478
9.000000000000000	0.386165847455684	0.630149264157773	-0.011561580569861
9.000000000000000	0.342391686491566	0.656818799527596	-0.011336217646082
9.000000000000000	0.297001107249155	0.680653991830743	-0.011060284654097
9.000000000000000	0.250176881570736	0.701558865160292	-0.010734892678674
9.000000000000000	0.202107554086800	0.719449242969590	-0.010361351958454
9.000000000000000	0.152986683013352	0.734253087021495	-0.009941166610078
9.000000000000000	0.103012060761302	0.745910787460935	-0.009476028571642
9.000000000000000	0.052384917496227	0.754375402842754	-0.008967810789859
9.000000000000000	0.001309110855520	0.759612849148341	-0.008418559678365
9.000000000000000	-0.050009694914365	0.761602037029950	-0.007830486877530
9.000000000000000	-0.101364857095244	0.760334956730051	-0.007205960348967
9.000000000000000	-0.152549586574500	0.755816710333804	-0.006547494840583
9.000000000000000	-0.203357780511851	0.748065491224760	-0.005857741760581
9.000000000000000	-0.253584852242747	0.737112510826527	-0.005139478501168
9.000000000000000	-0.303028555076659	0.723001872925382	-0.004395597254984
9.000000000000000	-0.351489796673122	0.705790396079892	-0.003629093369258
9.000000000000000	-0.398773440716321	0.685547384832629	-0.002843053284607
9.000000000000000	-0.444689092660161	0.662354350645242	-0.002040642107023
9.000000000000000	-0.489051866379908	0.636304683680566	-0.001225090863112
9.000000000000000	-0.531683128643356	0.607503276753401	-0.000399683489889
9.000000000000000	-0.572411218403809	0.576066102964165	0.000432256388475
9.000000000000000	-0.611072138018528	0.542119748716153	0.001267378843719
9.000000000000000	-0.647510213609353	0.505800903996767	0.002102321132467
9.000000000000000	-0.681578721906474	0.467255811975183	0.002933721236809
9.000000000000000	-0.713140481051244	0.426639680132721	0.003758231401963
9.000000000000000	-0.742068402979115	0.384116055297100	0.004572531616500
9.000000000000000	-0.768246005158412	0.339856165097085	0.005373342980858
9.000000000000000	-0.791567879624382	0.294038228489258	0.006157440910313
9.000000000000000	-0.811940117419859	0.246846738133185	0.006921668119247
9.000000000000000	-0.829280686733497	0.198471717504587	0.007662947334418
9.000000000000000	-0.843519763212914	0.149107955737873	0.008378293686057
9.000000000000000	-0.854600011122722	0.098954223279045	0.009064826726882
9.000000000000000	-0.862476814215291	0.048212471507268	0.009719782030646
9.000000000000000	-0.867118455384638	-0.002912980452058	0.010340522323504
9.000000000000000	-0.868506244380011	-0.054216268448303	0.010924548103381
9.000000000000000	-0.866634593064937	-0.105490812247881	0.011469507704591
9.000000000000000	-0.861511037918675	-0.156530147359944	0.011973206767160
9.000000000000000	-0.853156209689472	-0.207128756396009	0.012433617072740
9.000000000000000	-0.841603750321821	-0.257082896615952	0.012848884711529
9.000000000000000	-0.826900177492229	-0.306191420328110	0.013217337547313
9.000000000000000	-0.809104697298945	-0.354256584840042	0.013537491950565
9.000000000000000	-0.788288965859905	-0.401084848698557	0.013808058772499
9.000000000000000	-0.764536800778829	-0.446487651012843	0.014027948536019
9.000000000000000	-0.737943843641322	-0.490282170722616	0.014196275822654
9.000000000000000	-0.708617174899957	-0.532292062754006	0.014312362837833
9.000000000000000	-0.676674882699090	-0.572348168098934	0.014375742140117
9.000000000000000	-0.642245587375583	-0.610289194958728	0.014386158523426
9.000000000000000	-0.605467923550096	-0.645962368209272	0.014343570044659
9.000000000000000	-0.566489981894409	-0.679224044572512	0.014248148192590
9.000000000000000	-0.525468712822547	-0.709940291017233	0.014100277197339
9.000000000000000	-0.482569294506861	-0.737987424060110	0.013900552483212
9.000000000000000	-0.437964467763826	-0.763252507795441	0.013649778271143
9.000000000000000	-0.391833840487741	-0.785633808648178	0.013348964340374
9.000000000000000	-0.344363164433128	-0.805041205019126	0.012999321962435
9.000000000000000	-0.295743587257981	-0.821396550172821	0.012602259023775
9.000000000000000	-0.246170882839607	-0.834633986906844	0.012159374356710
9.000000000000000	-0.195844662962321	-0.844700212735540	0.011672451301480
9.000000000000000	-0.144967573551244	-0.851554694520307	0.011143450525372
9.000000000000000	-0.093744478688683	-0.855169831682245	0.010574502127803
9.000000000000000	-0.042381635698777	-0.855531067339943	0.009967897063164
9.000000000000000	0.008914135377949	-0.852636946924903	0.009326077915952
9.000000000000000	0.059936284575893	-0.846499124038575	0.008651629065348
9.000000000000000	0.110479363708183	-0.837142313527416	0.007947266278830
9.000000000000000	0.160339853634018	-0.824604191964925	0.007215825776740
9.000000000000000	0.209316983758417	-0.808935245941385	0.006460252811821
9.000000000000000	0.257213540464541	-0.790198568772173	0.005683589809729
9.000000000000000	0.303836661223326	-0.768469606443259	0.004888964118254
9.000000000000000	0.348998611182817	-0.743835853816837	0.004079575414599
9.000000000000000	0.392517539110155	-0.716396502320405	0.003258682821403
9.000000000000000	0.434218209642311	-0.686262040537891	0.002429591783412
9.000000000000000	0.473932708897045	-0.653553809311124	0.001595640757611
9.000000000000000	0.511501120602841	-0.618403513143086	0.000760187770445
9.000000000000000	0.546772170025299	-0.580952689870369	-0.000073403103775
9.000000000000000	0.579603833097091	-0.541352140740255	-0.000901775288809
9.000000000000000	0.609863908298757	-0.499761323187327	-0.001721593222237
9.000000000000000	0.637430548987566	-0.456347708754650	-0.002529555786592
9.000000000000000	0.662192754030938	-0.411286108744978	-0.003322409601790
9.000000000000000	0.684050814768829	-0.364757970317341	-0.004096962125353
9.000000000000000	0.702916716505314	-0.316950645863369	-0.004850094507639
9.000000000000000	0.718714492912702	-0.268056638605343	-0.005578774150361
9.000000000000000	0.731380531921128	-0.218272827453653	-0.006280066917778
9.000000000000000	0.740863831861904	-0.167799674244923	-0.006951148951434
9.000000000000000	0.747126206833241	-0.116840416552940	-0.007589318040834
9.000000000000000	0.750142440461395	-0.065600249322675	-0.008192004504292
9.000000000000000	0.749900387438106	-0.014285498622668	-0.008756781536134
9.000000000000000	0.746401022425469	0.036897209157233	-0.009281374978588
9.000000000000000	0.739658436131309	0.087741779317418	-0.009763672479012
9.000000000000000	0.729699778570881	0.138043478719124	-0.010201731995597
9.000000000000000	0.716565149743332	0.187599760172534	-0.010593789617280
9.000000000000000	0.700307438163167	0.236211078022814	-0.010938266666392
9.000000000000000	0.680992107896861	0.283681691650043	-0.011233776055438
9.000000000000000	0.658696934962170	0.329820453647602	-0.011479127872405
9.000000000000000	0.633511694151562	0.374441579505315	-0.011673334172124
9.000000000000000	0.605537797540805	0.417365395698101	-0.011815612954368
9.000000000000000	0.574887886138339	0.458419063167846	-0.011905391312698


10.000000000000000	-1.030227384140216	-0.023154031627195	-0.018518822451135
10.000000000000000	-1.026228121777699	-0.097360992588954	-0.015828718488237
10.000000000000000	-1.017489220903457	-0.171162264523392	-0.013063959919878
10.000000000000000	-1.004045869986970	-0.244260675756128	-0.010235679453010
10.000000000000000	-0.985952200657633	-0.316361884784757	-0.007355265574848
10.000000000000000	-0.963281069735786	-0.387175565488192	-0.004434316695455
10.000000000000000	-0.936123765864018	-0.456416576167488	-0.001484594445039
10.000000000000000	-0.904589641920019	-0.523806107710824	0.001482023685984
10.000000000000000	-0.868805674691138	-0.589072806259388	0.004453592173451
10.000000000000000	-0.828915953583679	-0.651953865853601	0.007418145559859
10.000000000000000	-0.785081100425712	-0.712196086659955	0.010363746635041
10.000000000000000	-0.737477622699666	-0.769556894517380	0.013278534503099
10.000000000000000	-0.686297202808994	-0.823805317697772	0.016150772342044
10.000000000000000	-0.631745926240784	-0.874722916947628	0.018968894663839
10.000000000000000	-0.574043451732244	-0.922104665065818	0.021721553884530
10.000000000000000	-0.513422126782491	-0.965759772475763	0.024397666016972
10.000000000000000	-0.450126052071179	-1.005512455467720	0.026986455302123
10.000000000000000	-0.384410098551214	-1.041202644017743	0.029477497599229
10.000000000000000	-0.316538881173386	-1.072686626333171	0.031860762360158
10.000000000000000	-0.246785693375352	-1.099837627529295	0.034126653018876
10.000000000000000	-0.175431406625421	-1.122546320107074	0.036266045633432
10.000000000000000	-0.102763339452285	-1.140721264176390	0.038270325624852
10.000000000000000	-0.029074100514708	-1.154289275652209	0.040131422465010
10.000000000000000	0.045339589630266	-1.163195720941063	0.041841842173793
10.000000000000000	0.120178093316271	-1.167404736931247	0.043394697494714
10.000000000000000	0.195140062302748	-1.166899375400916	0.044783735627468
10.000000000000000	0.269923651197947	-1.161681671262587	0.046003363405747
10.000000000000000	0.344227732883789	-1.151772634369271	0.047048669818946
10.000000000000000	0.417753111048488	-1.137212164915202	0.047915445787075
10.000000000000000	0.490203724944500	-1.118058892771846	0.048600201109234
10.000000000000000	0.561287841520656	-1.094389941406096	0.049100178517419
10.000000000000000	0.630719230128202	-1.066300617331293	0.049413364779072
10.000000000000000	0.698218315070591	-1.033904026341535	0.049538498803654
10.000000000000000	0.763513301356140	-0.997330618074562	0.049475076720615
10.000000000000000	0.826341269120537	-0.956727660737108	0.049223353908297
10.000000000000000	0.886449232312335	-0.912258648107811	0.048784343965622
10.000000000000000	0.943595157378489	-0.864102641205469	0.048159814630684
10.000000000000000	0.997548937848059	-0.812453547273513	0.047352280662689
10.000000000000000	1.048093320889743	-0.757519338983984	0.046364993715915
10.000000000000000	1.095024782112358	-0.699521217004974	0.045201929246437
10.000000000000000	1.138154345085725	-0.638692719303620	0.043867770504379
10.000000000000000	1.177308342282064	-0.575278780771124	0.042367889676112
10.000000000000000	1.212329114373823	-0.509534746956403	0.040708326252357
10.000000000000000	1.243075645072152	-0.441725345879681	0.038895762709290
10.000000000000000	1.269424128949725	-0.372123622066189	0.036937497600565
10.000000000000000	1.291268469961500	-0.301009837092229	0.034841416168618
10.000000000000000	1.308520708656048	-0.228670341070724	0.032615958593576
10.000000000000000	1.321111376357215	-0.155396419620378	0.030270086007633
10.000000000000000	1.328989774889966	-0.081483120961297	0.027813244411731
10.000000000000000	1.332124180724042	-0.007228067859945	0.025255326639850
10.000000000000000	1.330501972713417	0.067069740792700	0.022606632524056
10.000000000000000	1.324129682917203	0.141111133944140	0.019877827420714
10.000000000000000	1.313032970297349	0.214597973036604	0.017079899264859
10.000000000000000	1.297256517399059	0.287234352505788	0.014224114325664
10.000000000000000	1.276863850429955	0.358727791288127	0.011321971841148
10.000000000000000	1.251937083462455	0.428790410538808	0.008385157714803
10.000000000000000	1.222576587789391	0.497140092818275	0.005425497460585
10.000000000000000	1.188900587764234	0.563501618079581	0.002454908585744
10.000000000000000	1.151044684753352	0.627607771882387	-0.000514647396771
10.000000000000000	1.109161311117164	0.689200421371195	-0.003471213133105
10.000000000000000	1.063419116418827	0.748031554685258	-0.006402883576540
10.000000000000000	1.014002288331969	0.803864279614799	-0.009297853924914
10.000000000000000	0.961109810981934	0.856473777482342	-0.012144467154397
10.000000000000000	0.904954663706940	0.905648208408167	-0.014931260958207
10.000000000000000	0.845762963465455	0.951189564314745	-0.017647013901278
10.000000000000000	0.783773054343009	0.992914466235379	-0.020280790605017
10.000000000000000	0.719234547824686	1.030654902716577	-0.022821985780213
10.000000000000000	0.652407317697771	1.064258906340883	-0.025260366930793
10.000000000000000	0.583560453631733	1.093591165646024	-0.027586115556477
10.000000000000000	0.512971177649092	1.118533569976418	-0.029789866688407
10.000000000000000	0.440923727850184	1.138985685073091	-0.031862746598574
10.000000000000000	0.367708213886653	1.154865157486996	-0.033796408531192
10.000000000000000	0.293619448792271	1.166108046187284	-0.035583066312130
10.000000000000000	0.218955761874904	1.172669080029265	-0.037215525701096
10.000000000000000	0.144017797449684	1.174521840045333	-0.038687213360295
10.000000000000000	0.069107304250466	1.171658865824825	-0.039992203322948
10.000000000000000	-0.005474079605830	1.164091685554458	-0.041125240855063
10.000000000000000	-0.079426041209448	1.151850769598390	-0.042081763614396
10.000000000000000	-0.152450802111896	1.134985407804822	-0.042857920021395
10.000000000000000	-0.224254317374653	1.113563511033173	-0.043450584768147
10.000000000000000	-0.294547459584360	1.087671337701017	-0.043857371402896
10.000000000000000	-0.363047183066864	1.057413146451881	-0.044076641939436
10.000000000000000	-0.429477663612253	1.022910776342485	-0.044107513452706
10.000000000000000	-0.493571409121592	0.984303156239864	-0.043949861634018
10.000000000000000	-0.555070336703206	0.941745745403852	-0.043604321291604
10.000000000000000	-0.613726811881387	0.895409907507511	-0.043072283794467
10.000000000000000	-0.669304645733028	0.845482220616107	-0.042355891469828
10.000000000000000	-0.721580045937059	0.792163725903084	-0.041458028976733
10.000000000000000	-0.770342517907136	0.735669118128222	-0.040382311690546
10.000000000000000	-0.815395712379047	0.676225881137609	-0.039133071145110
10.000000000000000	-0.856558216039895	0.614073371866487	-0.037715337591191
10.000000000000000	-0.893664282015489	0.549461856533350	-0.036134819741430
10.000000000000000	-0.926564497274500	0.482651502906213	-0.034397881783374
10.000000000000000	-0.955126384262005	0.413911332698834	-0.032511517753139
10.000000000000000	-0.979234934339847	0.343518138315224	-0.030483323372894
10.000000000000000	-0.998793070885823	0.271755368304326	-0.028321465465569
10.000000000000000	-1.013722040186986	0.198911986012750	-0.026034649069944
10.000000000000000	-1.023961728553047	0.125281306031369	-0.023632082388526
10.000000000000000	-1.029470904372989	0.051159813120977	-0.021123439709370
10.000000000000000	-1.030227384140216	-0.023154031627194	-0.018518822451135


11.000000000000000	nan	nan	nan
11.000000000000000	nan	nan	nan
11.000000000000000	nan	nan	nan
11.000000000000000	nan	nan	nan
11.000000000000000	nan	nan	nan
11.000000000000000	nan	nan	nan
11.000000000000000	nan	nan	nan
11.000000000000000	nan	nan	nan
11.000000000000000	nan	nan	nan
11.000000000000000	nan	nan	nan
11.000000000000000	nan	nan	nan
11.000000000000000	nan	nan	nan
11.000000000000000	nan	nan	nan
11.000000000000000	nan	nan	nan
11.000000000000000	nan	nan	nan
11.000000000000000	nan	nan	nan
11.000000000000000	nan	nan	nan
11.000000000000000	nan	nan	nan
11.000000000000000	nan	nan	nan
11.000000000000000	nan	nan	nan
11.000000000000000	nan	nan	nan
11.000000000000000	nan	nan	nan
11.000000000000000	nan	nan	nan
11.000000000000000	nan	nan	nan
11.000000000000000	nan	nan	nan
11.000000000000000	nan	nan	nan
11.000000000000000	nan	nan	nan
11.000000000000000	nan	nan	nan
11.000000000000000	nan	nan	nan
11.000000000000000	nan	nan	nan
11.000000000000000	nan	nan	nan
11.000000000000000	nan	nan	nan
11.000000000000000	nan	nan	nan
11.000000000000000	nan	nan	nan
11.000000000000000	nan	nan	nan
11.000000000000000	nan	nan	nan
11.000000000000000	nan	nan	nan
11.000000000000000	nan	nan	nan
11.000000000000000	nan	nan	nan
11.000000000000000	nan	nan	nan
11.000000000000000	nan	nan	nan
11.000000000000000	nan	nan	nan
11.000000000000000	nan	nan	nan
11.000000000000000	nan	nan	nan
11.000000000000000	nan	nan	nan
11.000000000000000	nan	nan	nan
11.000000000000000	nan	nan	nan
11.000000000000000	nan	nan	nan
11.000000000000000	nan	nan	nan
11.000000000000000	nan	nan	nan
11.000000000000000	nan	nan	nan
11.000000000000000	nan	nan	nan
11.000000000000000	nan	nan	nan
11.000000000000000	nan	nan	nan
11.000000000000000	nan	nan	nan
11.000000000000000	nan	nan	nan
11.000000000000000	nan	nan	nan
11.000000000000000	nan	nan	nan
11.000000000000000	nan	nan	nan
11.000000000000000	nan	nan	nan
11.000000000000000	nan	nan	nan
11.000000000000000	nan	nan	nan
11.000000000000000	nan	nan	nan
11.000000000000000	nan	nan	nan
11.000000000000000	nan	nan	nan
11.000000000000000	nan	nan	nan
11.000000000000000	nan	nan	nan
11.000000000000000	nan	nan	nan
11.000000000000000	nan	nan	nan
11.000000000000000	nan	nan	nan
11.000000000000000	nan	nan	nan
11.000000000000000	nan	nan	nan
11.000000000000000	nan	nan	nan
11.000000000000000	nan	nan	nan
11.000000000000000	nan	nan	nan
11.000000000000000	nan	nan	nan
11.000000000000000	nan	nan	nan
11.000000000000000	nan	nan	nan
11.000000000000000	nan	nan	nan
11.000000000000000	nan	nan	nan
11.000000000000000	nan	nan	nan
11.000000000000000	nan	nan	nan
11.000000000000000	nan	nan	nan
11.000000000000000	nan	nan	nan
11.000000000000000	nan	nan	nan
11.000000000000000	nan	nan	nan
11.000000000000000	nan	nan	nan
11.000000000000000	nan	nan	nan
11.000000000000000	nan	nan	nan
11.000000000000000	nan	nan	nan
11.000000000000000	nan	nan	nan
11.000000000000000	nan	nan	nan
11.000000000000000	nan	nan	nan
11.000000000000000	nan	nan	nan
11.000000000000000	nan	nan	nan
11.000000000000000	nan	nan	nan
11.000000000000000	nan	nan	nan
11.000000000000000	nan	nan	nan
11.000000000000000	nan	nan	nan
11.000000000000000	nan	nan	nan


12.000000000000000	nan	nan	nan
12.000000000000000	nan	nan	nan
12.000000000000000	nan	nan	nan
12.000000000000000	nan	nan	nan
12.000000000000000	nan	nan	nan
12.000000000000000	nan	nan	nan
12.000000000000000	nan	nan	nan
12.000000000000000	nan	nan	nan
12.000000000000000	nan	nan	nan
12.000000000000000	nan	nan	nan
12.000000000000000	nan	nan	nan
12.000000000000000	nan	nan	nan
12.000000000000000	nan	nan	nan
12.000000000000000	nan	nan	nan
12.000000000000000	nan	nan	nan
12.000000000000000	nan	nan	nan
12.000000000000000	nan	nan	nan
12.000000000000000	nan	nan	nan
12.000000000000000	nan	nan	nan
12.000000000000000	nan	nan	nan
12.000000000000000	nan	nan	nan
12.000000000000000	nan	nan	nan
12.000000000000000	nan	nan	nan
12.000000000000000	nan	nan	nan
12.000000000000000	nan	nan	nan
12.000000000000000	nan	nan	nan
12.000000000000000	nan	nan	nan
12.000000000000000	nan	nan	nan
12.000000000000000	nan	nan	nan
12.000000000000000	nan	nan	nan
12.000000000000000	nan	nan	nan
12.000000000000000	nan	nan	nan
12.000000000000000	nan	nan	nan
12.000000000000000	nan	nan	nan
12.000000000000000	nan	nan	nan
12.000000000000000	nan	nan	nan
12.000000000000000	nan	nan	nan
12.000000000000000	nan	nan	nan
12.000000000000000	nan	nan	nan
12.000000000000000	nan	nan	nan
12.000000000000000	nan	nan	nan
12.000000000000000	nan	nan	nan
12.000000000000000	nan	nan	nan
12.000000000000000	nan	nan	nan
12.000000000000000	nan	nan	nan
12.000000000000000	nan	nan	nan
12.000000000000000	nan	nan	nan
12.000000000000000	nan	nan	nan
12.000000000000000	nan	nan	nan
12.000000000000000	nan	nan	nan
12.000000000000000	nan	nan	nan
12.000000000000000	nan	nan	nan
12.000000000000000	nan	nan	nan
12.000000000000000	nan	nan	nan
12.000000000000000	nan	nan	nan
12.000000000000000	nan	nan	nan
12.000000000000000	nan	nan	nan
12.000000000000000	nan	nan	nan
12.000000000000000	nan	nan	nan
12.000000000000000	nan	nan	nan
12.000000000000000	nan	nan	nan
12.000000000000000	nan	nan	nan
12.000000000000000	nan	nan	nan
12.000000000000000	nan	nan	nan
12.000000000000000	nan	nan	nan
12.000000000000000	nan	nan	nan
12.000000000000000	nan	nan	nan
12.000000000000000	nan	nan	nan
12.000000000000000	nan	nan	nan
12.000000000000000	nan	nan	nan
12.000000000000000	nan	nan	nan
12.000000000000000	nan	nan	nan
12.000000000000000	nan	nan	nan
12.000000000000000	nan	nan	nan
12.000000000000000	nan	nan	nan
12.000000000000000	nan	nan	nan
12.000000000000000	nan	nan	nan
12.000000000000000	nan	nan	nan
12.000000000000000	nan	nan	nan
12.000000000000000	nan	nan	nan
12.000000000000000	nan	nan	nan
12.000000000000000	nan	nan	nan
12.000000000000000	nan	nan	nan
12.000000000000000	nan	nan	nan
12.000000000000000	nan	nan	nan
12.000000000000000	nan	nan	nan
12.000000000000000	nan	nan	nan
12.000000000000000	nan	nan	nan
12.000000000000000	nan	nan	nan
12.000000000000000	nan	nan	nan
12.000000000000000	nan	nan	nan
12.000000000000000	nan	nan	nan
12.000000000000000	nan	nan	nan
12.000000000000000	nan	nan	nan
12.000000000000000	nan	nan	nan
12.000000000000000	nan	nan	nan
12.000000000000000	nan	nan	nan
12.000000000000000	nan	nan	nan
12.000000000000000	nan	nan	nan
12.000000000000000	nan	nan	nan


13.000000000000000	-0.158275120080950	-0.741608664713938	-0.015022958284467
13.000000000000000	-0.109738282424056	-0.750380723552223	-0.014312538666639
13.000000000000000	-0.060743484683491	-0.756055907249402	-0.013542960984765
13.000000000000000	-0.011488011617347	-0.758611363843750	-0.012717324056552
13.000000000000000	0.037829802368752	-0.758036803413492	-0.011838952430508
13.000000000000000	0.087011371844297	-0.754334539510693	-0.010911382999153
13.000000000000000	0.135858659987340	-0.747519479845400	-0.009938350757210
13.000000000000000	0.184174976008874	-0.737619066257552	-0.008923773762089
13.000000000000000	0.231765767157223	-0.724673164218377	-0.007871737357262
13.000000000000000	0.278439402113307	-0.708733902306212	-0.006786477722022
13.000000000000000	0.324007942622325	-0.689865462303114	-0.005672364813884
13.000000000000000	0.368287900254780	-0.668143820757477	-0.004533884772309
13.000000000000000	0.411100975249622	-0.643656443053288	-0.003375621854607
13.000000000000000	0.452274774464455	-0.616501931217894	-0.002202239976744
13.000000000000000	0.491643505541875	-0.586789626886439	-0.001018463933405
13.000000000000000	0.529048644496783	-0.554639171021695	0.000170939627090
13.000000000000000	0.564339574036517	-0.520180022162126	0.001361181396396
13.000000000000000	0.597374190043536	-0.483550935138046	0.002547468690995
13.000000000000000	0.628019473778540	-0.444899402354895	0.003725024750645
13.000000000000000	0.656152027499991	-0.404381059893372	0.004889107972705
13.000000000000000	0.681658571343262	-0.362159060817873	0.006035031004895
13.000000000000000	0.704436399458672	-0.318403418216684	0.007158179619612
13.000000000000000	0.724393793571692	-0.273290320619279	0.008254031293792
13.000000000000000	0.741450392300068	-0.227001422547295	0.009318173419518
13.000000000000000	0.755537514740740	-0.179723113055890	0.010346321072031
13.000000000000000	0.766598437023602	-0.131645765210802	0.011334334263613
13.000000000000000	0.774588620718505	-0.082962969523201	0.012278234613855
13.000000000000000	0.779475892175794	-0.033870754429034	0.013174221369189
13.000000000000000	0.781240572078243	0.015433203048308	0.014018686707186
13.000000000000000	0.779875554682718	0.064750373273587	0.014808230263977
13.000000000000000	0.775386336432495	0.113882173408495	0.015539672826325
13.000000000000000	0.767790993825028	0.162630767034651	0.016210069133188
13.000000000000000	0.757120110624268	0.210799860771035	0.016816719735251
13.000000000000000	0.743416654710642	0.258195494678152	0.017357181864653
13.000000000000000	0.726735805064565	0.304626823266250	0.017829279271152
13.000000000000000	0.707144729580160	0.349906883962756	0.018231110985116
13.000000000000000	0.684722314603854	0.393853349944557	0.018561058972056
13.000000000000000	0.659558847286906	0.436289264303779	0.018817794647883
13.000000000000000	0.631755652030912	0.477043752590786	0.019000284228642
13.000000000000000	0.601424682490203	0.515952710865291	0.019107792893201
13.000000000000000	0.568688070773993	0.552859466484996	0.019139887742111
13.000000000000000	0.533677635663480	0.587615408971030	0.019096439540746
13.000000000000000	0.496534351824139	0.620080588409895	0.018977623239675
13.000000000000000	0.457407782150501	0.650124278982375	0.018783917270208
13.000000000000000	0.416455475529162	0.677625505350265	0.018516101617918
13.000000000000000	0.373842332445025	0.702473529781370	0.018175254681911
13.000000000000000	0.329739940985247	0.724568298051261	0.017762748932500
13.000000000000000	0.284325885914572	0.743820842326325	0.017280245384746
13.000000000000000	0.237783033604161	0.760153639405834	0.016729686910138
13.000000000000000	0.190298795693260	0.773500922880506	0.016113290413339
13.000000000000000	0.142064374448668	0.783808947950629	0.015433537905488
13.000000000000000	0.093273992860701	0.791036207837400	0.014693166510018
13.000000000000000	0.044124112575751	0.795153600916070	0.013895157441231
13.000000000000000	-0.005187357185417	0.796144547897921	0.013042723999993
13.000000000000000	-0.054461856538253	0.794005058589204	0.012139298634913
13.000000000000000	-0.103500974464989	0.788743747958247	0.011188519121076
13.000000000000000	-0.152107247745786	0.780381801446013	0.010194213912013
13.000000000000000	-0.200084956073423	0.768952889659811	0.009160386723867
13.000000000000000	-0.247240910149897	0.754503032793640	0.008091200413842
13.000000000000000	-0.293385229591544	0.737090415321113	0.006990960217845
13.000000000000000	-0.338332107510321	0.716785151707118	0.005864096414824
13.000000000000000	-0.381900558692570	0.693669004081611	0.004715146487593
13.000000000000000	-0.423915148362594	0.667835053012381	0.003548736851995
13.000000000000000	-0.464206698596578	0.639387322702451	0.002369564227955
13.000000000000000	-0.502612969542384	0.608440362121330	0.001182376727448
13.000000000000000	-0.538979312702164	0.575118783756741	-0.000008045264471
13.000000000000000	-0.573159293647291	0.539556761844115	-0.001196908338593
13.000000000000000	-0.605015281658107	0.501897492094301	-0.002379425362920
13.000000000000000	-0.634419003914267	0.462292615094976	-0.003550834758758
13.000000000000000	-0.661252062004106	0.420901605707521	-0.004706419673911
13.000000000000000	-0.685406408673257	0.377891130918041	-0.005841526975782
13.000000000000000	-0.706784782892808	0.333434378728236	-0.006951585987895
13.000000000000000	-0.725301101495141	0.287710360788438	-0.008032126894398
13.000000000000000	-0.740880805800465	0.240903191580884	-0.009078798738429
13.000000000000000	-0.753461161838302	0.193201347055675	-0.010087386941890
13.000000000000000	-0.762991512955045	0.144796905704645	-0.011053830276060
13.000000000000000	-0.769433483790425	0.095884775129069	-0.011974237214731
13.000000000000000	-0.772761134801542	0.046661907215542	-0.012844901604015
13.000000000000000	-0.772961066712247	-0.002673494919753	-0.013662317585712
13.000000000000000	-0.770032474467301	-0.051922775025039	-0.014423193714163
13.000000000000000	-0.763987150474046	-0.100887623631558	-0.015124466209748
13.000000000000000	-0.754849437118543	-0.149370876575810	-0.015763311295636
13.000000000000000	-0.742656128747376	-0.197177308910052	-0.016337156568142
13.000000000000000	-0.727456323509803	-0.244114421004254	-0.016843691354889
13.000000000000000	-0.709311225656841	-0.289993213674176	-0.017280876019070
13.000000000000000	-0.688293899093341	-0.334628949214370	-0.017646950172342
13.000000000000000	-0.664488973175444	-0.377841895271719	-0.017940439763295
13.000000000000000	-0.637992301938018	-0.419458048564191	-0.018160163012932
13.000000000000000	-0.608910578124302	-0.459309835530639	-0.018305235173275
13.000000000000000	-0.577360903571881	-0.497236787090390	-0.018375072089938
13.000000000000000	-0.543470317684916	-0.533086184795592	-0.018369392554305
13.000000000000000	-0.507375285891304	-0.566713675774509	-0.018288219435862
13.000000000000000	-0.469221150144560	-0.597983853989583	-0.018131879590107
13.000000000000000	-0.429161543683072	-0.626770805469755	-0.017901002542420
13.000000000000000	-0.387357772403272	-0.652958615321590	-0.017596517953186
13.000000000000000	-0.343978165337723	-0.676441834477640	-0.017219651874379
13.000000000000000	-0.299197396853515	-0.697125904302618	-0.016771921812686
13.000000000000000	-0.253195783300243	-0.714927537347653	-0.016255130619043
13.000000000000000	-0.206158556939702	-0.729775052719448	-0.015671359229187
13.000000000000000	-0.158275120080950	-0.741608664713938	-0.015022958284467


14.000000000000000	-1.222732836394210	-0.005598849155495	0.049043519544681
14.000000000000000	-1.219809410837235	-0.083741487248615	0.051079077696717
14.000000000000000	-1.211937905221367	-0.161546761537849	0.052907500919051
14.000000000000000	-1.199150015321521	-0.238701377644522	0.054521426796697
14.000000000000000	-1.181497233456919	-0.314894661160813	0.055914356619770
14.000000000000000	-1.159050641149691	-0.389819808625947	0.057080681551500
14.000000000000000	-1.131900622904671	-0.463175122915445	0.058015705213033
14.000000000000000	-1.100156502262904	-0.534665228068965	0.058715662594094
14.000000000000000	-1.063946101594323	-0.604002258665040	0.059177735213357
14.000000000000000	-1.023415227402188	-0.670907018953533	0.059400062467468
14.000000000000000	-0.978727083211748	-0.735110107078381	0.059381749123045
14.000000000000000	-0.930061612407258	-0.796352999863785	0.059122868921462
14.000000000000000	-0.877614773663471	-0.854389093795795	0.058624464281921
14.000000000000000	-0.821597751889226	-0.908984698007625	0.057888542103996
14.000000000000000	-0.762236107860347	-0.959919975270291	0.056918065686558
14.000000000000000	-0.699768869966017	-1.006989827199547	0.055716942795618
14.000000000000000	-0.634447571725814	-1.050004720114684	0.054290009929127
14.000000000000000	-0.566535238953005	-1.088791448223770	0.052643012842113
14.000000000000000	-0.496305330642433	-1.123193831062245	0.050782583410547
14.000000000000000	-0.424040637847655	-1.153073342376526	0.048716212927123
14.000000000000000	-0.350032144981183	-1.178309667920335	0.046452221936465
14.000000000000000	-0.274577858122954	-1.198801189917713	0.043999726731232
14.000000000000000	-0.197981605055026	-1.214465396241931	0.041368602644022
14.000000000000000	-0.120551811854332	-1.225239212662706	0.038569444282895
14.000000000000000	-0.042600260969729	-1.231079256823862	0.035613522870626
14.000000000000000	0.035559164215884	-1.231962012928770	0.032512740859468
14.000000000000000	0.113611743283168	-1.227883926430158	0.029279584004178
14.000000000000000	0.191243186044390	-1.218861418343020	0.025927071086291
14.000000000000000	0.268140898079084	-1.204930819122987	0.022468701492077
14.000000000000000	0.343995239441455	-1.186148222376399	0.018918400855283
14.000000000000000	0.418500771471154	-1.162589258991153	0.015290464983517
14.000000000000000	0.491357486686961	-1.134348792597814	0.011599502294076
14.000000000000000	0.562272016811025	-1.101540537587250	0.007860374991010
14.000000000000000	0.630958814059378	-1.064296601222919	0.004088139220265
14.000000000000000	0.697141300942077	-1.022766951691546	0.000297984443903
14.000000000000000	0.760552983943144	-0.977118814234162	-0.003494827722502
14.000000000000000	0.820938526595891	-0.927535997789083	-0.007275024963006
14.000000000000000	0.878054777632756	-0.874218154858186	-0.011027385757519
14.000000000000000	0.931671750069638	-0.817379977576755	-0.014736800673493
14.000000000000000	0.981573547282311	-0.757250333224020	-0.018388333206277
14.000000000000000	1.027559232345928	-0.694071342655408	-0.021967279923146
14.000000000000000	1.069443637137098	-0.628097405367306	-0.025459229668840
14.000000000000000	1.107058107940567	-0.559594175120085	-0.028850121594193
14.000000000000000	1.140251184558203	-0.488837490244160	-0.032126301774217
14.000000000000000	1.168889210185756	-0.416112262936398	-0.035274578187634
14.000000000000000	1.192856869601636	-0.341711332019249	-0.038282273836492
14.000000000000000	1.212057653500612	-0.265934283782173	-0.041137277791960
14.000000000000000	1.226414247102720	-0.189086245653383	-0.043828093960766
14.000000000000000	1.235868841472593	-0.111476657559387	-0.046343887375904
14.000000000000000	1.240383366295646	-0.033418025919621	-0.048674527825226
14.000000000000000	1.239939643173788	0.044775334706612	-0.050810630642227
14.000000000000000	1.234539458823423	0.122788567253927	-0.052743594494786
14.000000000000000	1.224204557880968	0.200307539969142	-0.054465636019698
14.000000000000000	1.208976555344878	0.277020111308971	-0.055969821163526
14.000000000000000	1.188916769006739	0.352617386823852	-0.057250093103587
14.000000000000000	1.164105972546158	0.426794962966873	-0.058301296636644
14.000000000000000	1.134644070283665	0.499254152819422	-0.059119198937084
14.000000000000000	1.100649694901276	0.569703188797980	-0.059700506601017
14.000000000000000	1.062259729750553	0.637858397499210	-0.060042878907650
14.000000000000000	1.019628757671660	0.703445341952630	-0.060144937244541
14.000000000000000	0.972928438542822	0.766199926681427	-0.060006270658789
14.000000000000000	0.922346818066584	0.825869461121740	-0.059627437511794
14.000000000000000	0.868087570576137	0.882213677118366	-0.059009963230931
14.000000000000000	0.810369178910661	0.935005696399829	-0.058156334167195
14.000000000000000	0.749424054662045	0.984032944137095	-0.057069987583544
14.000000000000000	0.685497602335439	1.029098004907388	-0.055755297814250
14.000000000000000	0.618847231191917	1.070019417616419	-0.054217558651003
14.000000000000000	0.549741318752242	1.106632406178166	-0.052462962026678
14.000000000000000	0.478458130135307	1.138789543010016	-0.050498573082607
14.000000000000000	0.405284697582715	1.166361342671610	-0.048332301719749
14.000000000000000	0.330515664681247	1.189236783257005	-0.045972870748310
14.000000000000000	0.254452099937137	1.207323753440707	-0.043429780764065
14.000000000000000	0.177400284479444	1.220549423377471	-0.040713271892814
14.000000000000000	0.099670478774060	1.228860537962378	-0.037834282557006
14.000000000000000	0.021575673314309	1.232223631270352	-0.034804405430575
14.000000000000000	-0.056569671681296	1.230625161311623	-0.031635840759333
14.000000000000000	-0.134450892489371	1.224071564560547	-0.028341347234886
14.000000000000000	-0.211754388921414	1.212589230038188	-0.024934190619886
14.000000000000000	-0.288168887081081	1.196224393053049	-0.021428090331487
14.000000000000000	-0.363386692754302	1.175042949027802	-0.017837164198093
14.000000000000000	-0.437104930385288	1.149130188161679	-0.014175871611850
14.000000000000000	-0.509026762649493	1.118590451996939	-0.010458955305771
14.000000000000000	-0.578862585712749	1.083546713272309	-0.006701381989959
14.000000000000000	-0.646331195363699	1.044140080755164	-0.002918282085944
14.000000000000000	-0.711160919323906	1.000529231046324	0.000875111198182
14.000000000000000	-0.773090711176229	0.952889769645388	0.004663523206518
14.000000000000000	-0.831871201506612	0.901413523849370	0.008431699341003
14.000000000000000	-0.887265702026701	0.846307770331867	0.012164466486297
14.000000000000000	-0.939051158634048	0.787794400513064	0.015846794106564
14.000000000000000	-0.987019049572249	0.726109027081289	0.019463854768131
14.000000000000000	-1.030976225074463	0.661500035263887	0.023001083844334
14.000000000000000	-1.070745685109353	0.594227582667565	0.026444238162124
14.000000000000000	-1.106167292097744	0.524562551715533	0.029779453354305
14.000000000000000	-1.137098415730128	0.452785458899598	0.032993299686441
14.000000000000000	-1.163414507288584	0.379185325239253	0.036072836133659
14.000000000000000	-1.185009601160508	0.304058512496038	0.039005662489590
14.000000000000000	-1.201796741524731	0.227707529829329	0.041779969297621
14.000000000000000	-1.213708332491922	0.150439815698724	0.044384585403410
14.000000000000000	-1.220696410289379	0.072566499917867	0.046809022937183
14.000000000000000	-1.222732836394210	-0.005598849155495	0.049043519544681


15.000000000000000	nan	nan	nan
15.000000000000000	nan	nan	nan
15.000000000000000	nan	nan	nan
15.000000000000000	nan	nan	nan
15.000000000000000	nan	nan	nan
15.000000000000000	nan	nan	nan
15.000000000000000	nan	nan	nan
15.000000000000000	nan	nan	nan
15.000000000000000	nan	nan	nan
15.000000000000000	nan	nan	nan
15.000000000000000	nan	nan	nan
15.000000000000000	nan	nan	nan
15.000000000000000	nan	nan	nan
15.000000000000000	nan	nan	nan
15.000000000000000	nan	nan	nan
15.000000000000000	nan	nan	nan
15.000000000000000	nan	nan	nan
15.000000000000000	nan	nan	nan
15.000000000000000	nan	nan	nan
15.000000000000000	nan	nan	nan
15.000000000000000	nan	nan	nan
15.000000000000000	nan	nan	nan
15.000000000000000	nan	nan	nan
15.000000000000000	nan	nan	nan
15.000000000000000	nan	nan	nan
15.000000000000000	nan	nan	nan
15.000000000000000	nan	nan	nan
15.000000000000000	nan	nan	nan
15.000000000000000	nan	nan	nan
15.000000000000000	nan	nan	nan
15.000000000000000	nan	nan	nan
15.000000000000000	nan	nan	nan
15.000000000000000	nan	nan	nan
15.000000000000000	nan	nan	nan
15.000000000000000	nan	nan	nan
15.000000000000000	nan	nan	nan
15.000000000000000	nan	nan	nan
15.000000000000000	nan	nan	nan
15.000000000000000	nan	nan	nan
15.000000000000000	nan	nan	nan
15.000000000000000	nan	nan	nan
15.000000000000000	nan	nan	nan
15.000000000000000	nan	nan	nan
15.000000000000000	nan	nan	nan
15.000000000000000	nan	nan	nan
15.000000000000000	nan	nan	nan
15.000000000000000	nan	nan	nan
15.000000000000000	nan	nan	nan
15.000000000000000	nan	nan	nan
15.000000000000000	nan	nan	nan
15.000000000000000	nan	nan	nan
15.000000000000000	nan	nan	nan
15.000000000000000	nan	nan	nan
15.000000000000000	nan	nan	nan
15.000000000000000	nan	nan	nan
15.000000000000000	nan	nan	nan
15.000000000000000	nan	nan	nan
15.000000000000000	nan	nan	nan
15.000000000000000	nan	nan	nan
15.000000000000000	nan	nan	nan
15.000000000000000	nan	nan	nan
15.000000000000000	nan	nan	nan
15.000000000000000	nan	nan	nan
15.000000000000000	nan	nan	nan
15.000000000000000	nan	nan	nan
15.000000000000000	nan	nan	nan
15.000000000000000	nan	nan	nan
15.000000000000000	nan	nan	nan
15.000000000000000	nan	nan	nan
15.000000000000000	nan	nan	nan
15.000000000000000	nan	nan	nan
15.000000000000000	nan	nan	nan
15.000000000000000	nan	nan	nan
15.000000000000000	nan	nan	nan
15.000000000000000	nan	nan	nan
15.000000000000000	nan	nan	nan
15.000000000000000	nan	nan	nan
15.000000000000000	nan	nan	nan
15.000000000000000	nan	nan	nan
15.000000000000000	nan	nan	nan
15.000000000000000	nan	nan	nan
15.000000000000000	nan	nan	nan
15.000000000000000	nan	nan	nan
15.000000000000000	nan	nan	nan
15.000000000000000	nan	nan	nan
15.000000000000000	nan	nan	nan
15.000000000000000	nan	nan	nan
15.000000000000000	nan	nan	nan
15.000000000000000	nan	nan	nan
15.000000000000000	nan	nan	nan
15.000000000000000	nan	nan	nan
15.000000000000000	nan	nan	nan
15.000000000000000	nan	nan	nan
15.000000000000000	nan	nan	nan
15.000000000000000	nan	nan	nan
15.000000000000000	nan	nan	nan
15.000000000000000	nan	nan	nan
15.000000000000000	nan	nan	nan
15.000000000000000	nan	nan	nan
15.000000000000000	nan	nan	nan


16.000000000000000	0.109787996793045	-0.933517767963571	-0.011787915480713
16.000000000000000	0.171663762162682	-0.924253245668830	-0.010679144120918
16.000000000000000	0.232826088012375	-0.911078230900902	-0.009524986918833
16.000000000000000	0.293028695242787	-0.894045774794219	-0.008330091258158
16.000000000000000	0.352029169202738	-0.873224461038023	-0.007099268561988
16.000000000000000	0.409589935807440	-0.848698129714058	-0.005837474918909
16.000000000000000	0.465479218165491	-0.820565539702148	-0.004549791126579
16.000000000000000	0.519471969862607	-0.788939971013050	-0.003241402233150
16.000000000000000	0.571350781144110	-0.753948768649828	-0.001917576658909
16.000000000000000	0.620906754347273	-0.715732829834470	-0.000583644982206
16.000000000000000	0.667940345058479	-0.674446036664510	0.000755021524898
16.000000000000000	0.712262165608145	-0.630254636484126	0.002093032524855
16.000000000000000	0.753693747668030	-0.583336572464765	0.003425000319609
16.000000000000000	0.792068260880196	-0.533880767090795	0.004745561544961
16.000000000000000	0.827231184623984	-0.482086361435338	0.006049398766941
16.000000000000000	0.859040930216012	-0.428161913289457	0.007331261893236
16.000000000000000	0.887369411037833	-0.372324557373536	0.008585989313463
16.000000000000000	0.912102558295537	-0.314799131012403	0.009808528683149
16.000000000000000	0.933140780334529	-0.255817268794773	0.010993957267739
16.000000000000000	0.950399363659966	-0.195616469862516	0.012137501764713
16.000000000000000	0.963808814048107	-0.134439141585434	0.013234557523989
16.000000000000000	0.973315136375021	-0.072531623472343	0.014280707089223
16.000000000000000	0.978880052035893	-0.010143195248812	0.015271737985348
16.000000000000000	0.980481153079461	0.052474926904311	0.016203659680723
16.000000000000000	0.978111992436920	0.115070601909790	0.017072719655597
16.000000000000000	0.971782109881998	0.177391779077133	0.017875418512181
16.000000000000000	0.961516993617650	0.239187513021756	0.018608524065486
16.000000000000000	0.947357977644064	0.300208974133486	0.019269084358195
16.000000000000000	0.929362075321230	0.360210450525568	0.019854439547149
16.000000000000000	0.907601749796259	0.418950337429719	0.020362232613599
16.000000000000000	0.882164622219870	0.476192110053255	0.020790418854091
16.000000000000000	0.853153118926937	0.531705275980945	0.021137274113758
16.000000000000000	0.820684059001792	0.585266303286626	0.021401401728891
16.000000000000000	0.784888183889000	0.636659520617369	0.021581738150806
16.000000000000000	0.745909630943709	0.685677985625898	0.021677557228380
16.000000000000000	0.703905353041393	0.732124318254386	0.021688473132007
16.000000000000000	0.659044486584018	0.775811495514281	0.021614441907194
16.000000000000000	0.611507670447442	0.816563604561875	0.021455761651557
16.000000000000000	0.561486318612425	0.854216551037237	0.021213071314479
16.000000000000000	0.509181849408082	0.888618719814282	0.020887348124292
16.000000000000000	0.454804874471363	0.919631585501377	0.020479903653319
16.000000000000000	0.398574350688322	0.947130270234198	0.019992378536642
16.000000000000000	0.340716698532023	0.971004046514814	0.019426735865836
16.000000000000000	0.281464890347200	0.991156783072245	0.018785253284296
16.000000000000000	0.221057512252856	1.007507331949157	0.018070513815970
16.000000000000000	0.159737803440171	1.019989855256045	0.017285395464436
16.000000000000000	0.097752676734124	1.028554090277183	0.016433059624191
16.000000000000000	0.035351724362695	1.033165551860834	0.015516938350838
16.000000000000000	-0.027213787062942	1.033805671278787	0.014540720541406
16.000000000000000	-0.089691928310384	1.030471870996072	0.013508337080463
16.000000000000000	-0.151831121956099	1.023177575049783	0.012423945011832
16.000000000000000	-0.213381155398916	1.011952154995220	0.011291910799646
16.000000000000000	-0.274094188377862	0.996840811637001	0.010116792746131
16.000000000000000	-0.333725750937416	0.977904393021374	0.008903322636940
16.000000000000000	-0.392035727821742	0.955219149422614	0.007656386687914
16.000000000000000	-0.448789325334067	0.928876426310078	0.006381005870022
16.000000000000000	-0.503758016768039	0.898982296532240	0.005082315691681
16.000000000000000	-0.556720462604110	0.865657133198768	0.003765545519873
16.000000000000000	-0.607463401765664	0.829035124980497	0.002435997523335
16.000000000000000	-0.655782510346100	0.789263735779014	0.001099025322594
16.000000000000000	-0.701483224349095	0.746503110941567	-0.000239987567175
16.000000000000000	-0.744381523129140	0.700925432412282	-0.001575649413661
16.000000000000000	-0.784304670377735	0.652714225416239	-0.002902581978020
16.000000000000000	-0.821091909671536	0.602063619468165	-0.004215442171150
16.000000000000000	-0.854595111781734	0.549177566681397	-0.005508943568419
16.000000000000000	-0.884679371138178	0.494269020524705	-0.006777877696232
16.000000000000000	-0.911223549046491	0.437559078333833	-0.008017135004719
16.000000000000000	-0.934120761470838	0.379276091030563	-0.009221725442088
16.000000000000000	-0.953278809418215	0.319654743634148	-0.010386798547800
16.000000000000000	-0.968620550191251	0.258935110267570	-0.011507662983662
16.000000000000000	-0.980084208014626	0.197361687463779	-0.012579805424195
16.000000000000000	-0.987623622784311	0.135182409664452	-0.013598908730196
16.000000000000000	-0.991208435938018	0.072647650875497	-0.014560869332339
16.000000000000000	-0.990824212698415	0.010009216499305	-0.015461813754795
16.000000000000000	-0.986472500196879	-0.052480670596739	-0.016298114212359
16.000000000000000	-0.978170821243742	-0.114570385692713	-0.017066403218255
16.000000000000000	-0.965952603770124	-0.176009915420104	-0.017763587143820
16.000000000000000	-0.949867046225448	-0.236551864477399	-0.018386858675451
16.000000000000000	-0.929978919472647	-0.295952451803650	-0.018933708118671
16.000000000000000	-0.906368305978766	-0.353972492198758	-0.019401933503779
16.000000000000000	-0.879130277351126	-0.410378359437865	-0.019789649452406
16.000000000000000	-0.848374511517516	-0.464942927001699	-0.020095294769269
16.000000000000000	-0.814224851091895	-0.517446482634904	-0.020317638728552
16.000000000000000	-0.776818804703885	-0.567677613049749	-0.020455786029608
16.000000000000000	-0.736306993300060	-0.615434055212816	-0.020509180402011
16.000000000000000	-0.692852543646551	-0.660523510786855	-0.020477606845471
16.000000000000000	-0.646630431475137	-0.702764420448309	-0.020361192495555
16.000000000000000	-0.597826776917725	-0.741986694962640	-0.020160406111763
16.000000000000000	-0.546638095066273	-0.778032400073635	-0.019876056189996
16.000000000000000	-0.493270504675868	-0.810756392448920	-0.019509287707030
16.000000000000000	-0.437938898197256	-0.840026904120927	-0.019061577510097
16.000000000000000	-0.380866076480780	-0.865726073069998	-0.018534728370142
16.000000000000000	-0.322281851635996	-0.887750417813138	-0.017930861722706
16.000000000000000	-0.262422121659415	-0.906011254087421	-0.017252409125646
16.000000000000000	-0.201527920556536	-0.920435051950219	-0.016502102468114
16.000000000000000	-0.139844447782970	-0.930963731858327	-0.015682962970205
16.000000000000000	-0.077620080912780	-0.937554898533788	-0.014798289017566
16.000000000000000	-0.015105375509649	-0.940182011674711	-0.013851642879966
16.000000000000000	0.047447943771940	-0.938834492823700	-0.012846836367286
16.000000000000000	0.109787996793045	-0.933517767963571	-0.011787915480713


17.000000000000000	0.921284216593548	1.059715405306893	0.007267623337519
17.000000000000000	0.849663826137313	1.118094168153083	0.007063066279635
17.000000000000000	0.774482487359321	1.171810124473103	0.006828967091049
17.000000000000000	0.696042928976047	1.220646979069565	0.006566268406570
17.000000000000000	0.614660999404348	1.264408083165672	0.006276028021083
17.000000000000000	0.530664394951362	1.302917226240437	0.005959414630181
17.000000000000000	0.444391340297144	1.336019345566262	0.005617703124243
17.000000000000000	0.356189226583251	1.363581150591808	0.005252269454898
17.000000000000000	0.266413212591220	1.385491659656003	0.004864585094555
17.000000000000000	0.175424794643514	1.401662646872025	0.004456211111303
17.000000000000000	0.083590350985412	1.412028997381804	0.004028791883039
17.000000000000000	-0.008720333490868	1.416548969550575	0.003584048476141
17.000000000000000	-0.101135556239423	1.415204363045711	0.003123771715337
17.000000000000000	-0.193283193775620	1.408000592123036	0.002649814972694
17.000000000000000	-0.284792200086035	1.394966663825531	0.002164086704732
17.000000000000000	-0.375294100699791	1.376155061182204	0.001668542767752
17.000000000000000	-0.464424476405197	1.351641531877464	0.001165178542290
17.000000000000000	-0.551824430637298	1.321524783241922	0.000656020898421
17.000000000000000	-0.637142034627671	1.285926084792816	0.000143120034275
17.000000000000000	-0.720033744497364	1.244988779924461	-0.000371458779395
17.000000000000000	-0.800165784586844	1.198877708714996	-0.000885643515323
17.000000000000000	-0.877215491452774	1.147778544173564	-0.001397363733056
17.000000000000000	-0.950872613119820	1.091897044600645	-0.001904558915885
17.000000000000000	-1.020840558355850	1.031458225071989	-0.002405186767821
17.000000000000000	-1.086837590940149	0.966705451382335	-0.002897231437197
17.000000000000000	-1.148597964115742	0.897899460097242	-0.003378711633794
17.000000000000000	-1.205872990657789	0.825317308658971	-0.003847688606796
17.000000000000000	-1.258432044249269	0.749251259773944	-0.004302273951455
17.000000000000000	-1.306063488131760	0.670007604573984	-0.004740637213030
17.000000000000000	-1.348575527291969	0.587905429290026	-0.005161013257386
17.000000000000000	-1.385796980752555	0.503275330404489	-0.005561709378561
17.000000000000000	-1.417577970857515	0.416458083455918	-0.005941112114697
17.000000000000000	-1.443790526776597	0.327803270856168	-0.006297693744885
17.000000000000000	-1.464329099798674	0.237667874245415	-0.006630018440752
17.000000000000000	-1.479110988339147	0.146414837053085	-0.006936748048041
17.000000000000000	-1.488076670950039	0.054411603052758	-0.007216647474881
17.000000000000000	-1.491190045991858	-0.037971363204211	-0.007468589665070
17.000000000000000	-1.488438577002157	-0.130362068118701	-0.007691560136328
17.000000000000000	-1.479833343175443	-0.222388486930744	-0.007884661065264
17.000000000000000	-1.465408994751173	-0.313680061731934	-0.008047114902590
17.000000000000000	-1.445223613489468	-0.403869193571339	-0.008178267504042
17.000000000000000	-1.419358478796364	-0.492592722646735	-0.008277590764382
17.000000000000000	-1.387917740440332	-0.579493390620951	-0.008344684743897
17.000000000000000	-1.351027999177918	-0.664221279175106	-0.008379279278812
17.000000000000000	-1.308837796977183	-0.746435219006170	-0.008381235069143
17.000000000000000	-1.261517018891620	-0.825804163595344	-0.008350544239615
17.000000000000000	-1.209256208993006	-0.902008522215539	-0.008287330371365
17.000000000000000	-1.152265803117674	-0.974741446810447	-0.008191848004330
17.000000000000000	-1.090775281515677	-1.043710067563355	-0.008064481612301
17.000000000000000	-1.025032244814810	-1.108636672180538	-0.007905744054788
17.000000000000000	-0.955301417020271	-1.169259824140642	-0.007716274511907
17.000000000000000	-0.881863579564528	-1.225335415407288	-0.007496835910637
17.000000000000000	-0.805014440699588	-1.276637649365975	-0.007248311852774
17.000000000000000	-0.725063444784236	-1.322959950027355	-0.006971703056986
17.000000000000000	-0.642332526260816	-1.364115793835834	-0.006668123329265
17.000000000000000	-0.557154813338862	-1.399939460734091	-0.006338795078029
17.000000000000000	-0.469873286605365	-1.430286701459269	-0.005985044391910
17.000000000000000	-0.380839397963011	-1.455035318383835	-0.005608295700068
17.000000000000000	-0.290411655457407	-1.474085657562306	-0.005210066036513
17.000000000000000	-0.198954179691714	-1.487361010002509	-0.004791958931549
17.000000000000000	-0.106835237641494	-1.494807920545618	-0.004355657954917
17.000000000000000	-0.014425759773579	-1.496396403111218	-0.003902919936663
17.000000000000000	0.077902153560010	-1.492120061440663	-0.003435567892993
17.000000000000000	0.169776730438837	-1.481996114852551	-0.002955483685639
17.000000000000000	0.260828024368372	-1.466065328906609	-0.002464600444262
17.000000000000000	0.350689403923947	-1.444391851255169	-0.001964894782419
17.000000000000000	0.438999029046108	-1.417062953343215	-0.001458378838444
17.000000000000000	0.525401308042816	-1.384188678997074	-0.000947092173270
17.000000000000000	0.609548329431699	-1.345901401316768	-0.000433093557844
17.000000000000000	0.691101262856791	-1.302355289656260	0.000081547316823
17.000000000000000	0.769731723438791	-1.253725688837876	0.000594758173568
17.000000000000000	0.845123094065062	-1.200208413100600	0.001104472493406
17.000000000000000	0.916971800295010	-1.142018957625235	0.001608637836671
17.000000000000000	0.984988532747198	-1.079391630811375	0.002105224107467
17.000000000000000	1.048899412046125	-1.012578610800174	0.002592231728150
17.000000000000000	1.108447091637799	-0.941848930041980	0.003067699690917
17.000000000000000	1.163391794033487	-0.867487391997604	0.003529713454095
17.000000000000000	1.213512276309033	-0.789793424335311	0.003976412651326
17.000000000000000	1.258606720972024	-0.709079873241273	0.004405998582601
17.000000000000000	1.298493548609607	-0.625671743698404	0.004816741456994
17.000000000000000	1.333012149044690	-0.539904890805991	0.005206987357921
17.000000000000000	1.362023528056450	-0.452124667409755	0.005575164902873
17.000000000000000	1.385410867060988	-0.362684533487832	0.005919791570821
17.000000000000000	1.403079993498550	-0.271944632892187	0.006239479671809
17.000000000000000	1.414959760033181	-0.180270343176435	0.006532941934685
17.000000000000000	1.421002331037934	-0.088030804349392	0.006798996690492
17.000000000000000	1.421183375212061	0.004402567521454	0.007036572630632
17.000000000000000	1.415502163554572	0.096657575871363	0.007244713120644
17.000000000000000	1.403981572299663	0.188362742342540	0.007422580052237
17.000000000000000	1.386667990802195	0.279148802596374	0.007569457218054
17.000000000000000	1.363631134744141	0.368650193210594	0.007684753195588
17.000000000000000	1.334963765414129	0.456506523674158	0.007768003728631
17.000000000000000	1.300781316190484	0.542364027552631	0.007818873596668
17.000000000000000	1.261221427731744	0.625876986980768	0.007837157964695
17.000000000000000	1.216443393746319	0.706709124746328	0.007822783208016
17.000000000000000	1.166627519572940	0.784534958359730	0.007775807208702
17.000000000000000	1.111974396154699	0.859041110657156	0.007696419122523
17.000000000000000	1.052704092330124	0.929927571659785	0.007584938617282
17.000000000000000	0.989055268693631	0.996908906608094	0.007441814585627
17.000000000000000	0.921284216593549	1.059715405306893	0.007267623337519


18.000000000000000	nan	nan	nan
18.000000000000000	nan	nan	nan
18.000000000000000	nan	nan	nan
18.000000000000000	nan	nan	nan
18.000000000000000	nan	nan	nan
18.000000000000000	nan	nan	nan
18.000000000000000	nan	nan	nan
18.000000000000000	nan	nan	nan
18.000000000000000	nan	nan	nan
18.000000000000000	nan	nan	nan
18.000000000000000	nan	nan	nan
18.000000000000000	nan	nan	nan
18.000000000000000	nan	nan	nan
18.000000000000000	nan	nan	nan
18.000000000000000	nan	nan	nan
18.000000000000000	nan	nan	nan
18.000000000000000	nan	nan	nan
18.000000000000000	nan	nan	nan
18.000000000000000	nan	nan	nan
18.000000000000000	nan	nan	nan
18.000000000000000	nan	nan	nan
18.000000000000000	nan	nan	nan
18.000000000000000	nan	nan	nan
18.000000000000000	nan	nan	nan
18.000000000000000	nan	nan	nan
18.000000000000000	nan	nan	nan
18.000000000000000	nan	nan	nan
18.000000000000000	nan	nan	nan
18.000000000000000	nan	nan	nan
18.000000000000000	nan	nan	nan
18.000000000000000	nan	nan	nan
18.000000000000000	nan	nan	nan
18.000000000000000	nan	nan	nan
18.000000000000000	nan	nan	nan
18.000000000000000	nan	nan	nan
18.000000000000000	nan	nan	nan
18.000000000000000	nan	nan	nan
18.000000000000000	nan	nan	nan
18.000000000000000	nan	nan	nan
18.000000000000000	nan	nan	nan
18.000000000000000	nan	nan	nan
18.000000000000000	nan	nan	nan
18.000000000000000	nan	nan	nan
18.000000000000000	nan	nan	nan
18.000000000000000	nan	nan	nan
18.000000000000000	nan	nan	nan
18.000000000000000	nan	nan	nan
18.000000000000000	nan	nan	nan
18.000000000000000	nan	nan	nan
18.000000000000000	nan	nan	nan
18.000000000000000	nan	nan	nan
18.000000000000000	nan	nan	nan
18.000000000000000	nan	nan	nan
18.000000000000000	nan	nan	nan
18.000000000000000	nan	nan	nan
18.000000000000000	nan	nan	nan
18.000000000000000	nan	nan	nan
18.000000000000000	nan	nan	nan
18.000000000000000	nan	nan	nan
18.000000000000000	nan	nan	nan
18.000000000000000	nan	nan	nan
18.000000000000000	nan	nan	nan
18.000000000000000	nan	nan	nan
18.000000000000000	nan	nan	nan
18.000000000000000	nan	nan	nan
18.000000000000000	nan	nan	nan
18.000000000000000	nan	nan	nan
18.000000000000000	nan	nan	nan
18.000000000000000	nan	nan	nan
18.000000000000000	nan	nan	nan
18.000000000000000	nan	nan	nan
18.000000000000000	nan	nan	nan
18.000000000000000	nan	nan	nan
18.000000000000000	nan	nan	nan
18.000000000000000	nan	nan	nan
18.000000000000000	nan	nan	nan
18.000000000000000	nan	nan	nan
18.000000000000000	nan	nan	nan
18.000000000000000	nan	nan	nan
18.000000000000000	nan	nan	nan
18.000000000000000	nan	nan	nan
18.000000000000000	nan	nan	nan
18.000000000000000	nan	nan	nan
18.000000000000000	nan	nan	nan
18.000000000000000	nan	nan	nan
18.000000000000000	nan	nan	nan
18.000000000000000	nan	nan	nan
18.000000000000000	nan	nan	nan
18.000000000000000	nan	nan	nan
18.000000000000000	nan	nan	nan
18.000000000000000	nan	nan	nan
18.000000000000000	nan	nan	nan
18.000000000000000	nan	nan	nan
18.000000000000000	nan	nan	nan
18.000000000000000	nan	nan	nan
18.000000000000000	nan	nan	nan
18.000000000000000	nan	nan	nan
18.000000000000000	nan	nan	nan
18.000000000000000	nan	nan	nan
18.000000000000000	nan	nan	nan


