# n	x	y	z
1.000000000000000	0.290735912914084	-0.251469723182823	-0.013452876653027
1.000000000000000	0.307263267542165	-0.231132953355485	-0.012574167643078
1.000000000000000	0.322463197987718	-0.209787489241051	-0.011640653946589
1.000000000000000	0.336274499495558	-0.187519281489761	-0.010656094493736
1.000000000000000	0.348641558829127	-0.164417996314803	-0.009624453757943
1.000000000000000	0.359514578205363	-0.140576654438123	-0.008549885792340
1.000000000000000	0.368849775812805	-0.116091256528805	-0.007436717502864
1.000000000000000	0.376609562105486	-0.091060396642262	-0.006289431225331
1.000000000000000	0.382762691162774	-0.065584865216770	-0.005112646676652
1.000000000000000	0.387284386505663	-0.039767243225949	-0.003911102352867
1.000000000000000	0.390156440862913	-0.013711489121389	-0.002689636448889
1.000000000000000	0.391367289485301	0.012477479771348	-0.001453167376805
1.000000000000000	0.390912056712785	0.038694209717765	-0.000206673961164
1.000000000000000	0.388792575607068	0.064833135199398	0.001044824608990
1.000000000000000	0.385017380570506	0.090789003988904	0.002296288990625
1.000000000000000	0.379601672981080	0.116457300963630	0.003542679978372
1.000000000000000	0.372567259981812	0.141734668951124	0.004778978795630
1.000000000000000	0.363942466671097	0.166519324911990	0.006000207303405
1.000000000000000	0.353762022047532	0.190711469784262	0.007201448045522
1.000000000000000	0.342066919168489	0.214213690339009	0.008377864049482
1.000000000000000	0.328904250085551	0.236931351429017	0.009524718303246
1.000000000000000	0.314327016221431	0.258772977051135	0.010637392829510
1.000000000000000	0.298393914951957	0.279650618687847	0.011711407280668
1.000000000000000	0.281169103252452	0.299480209444916	0.012742436979591
1.000000000000000	0.262721939360239	0.318181902559095	0.013726330333577
1.000000000000000	0.243126703493502	0.335680392912857	0.014659125551350
1.000000000000000	0.222462298751060	0.351905220261532	0.015537066595791
1.000000000000000	0.200811933397436	0.366791052951839	0.016356618308178
1.000000000000000	0.178262785812549	0.380277950989394	0.017114480643022
1.000000000000000	0.154905653455143	0.392311607395919	0.017807601956182
1.000000000000000	0.130834587253464	0.402843566884267	0.018433191292763
1.000000000000000	0.106146512895377	0.411831420970769	0.018988729625304
1.000000000000000	0.080940840542817	0.419238978739225	0.019471979997015
1.000000000000000	0.055319064542164	0.425036412568953	0.019880996529209
1.000000000000000	0.029384354742327	0.429200378240089	0.020214132256670
1.000000000000000	0.003241141066175	0.431714108932521	0.020470045759402
1.000000000000000	-0.023005306991902	0.432567482739957	0.020647706564053
1.000000000000000	-0.049249304249095	0.431757063427266	0.020746399293266
1.000000000000000	-0.075385175391105	0.429286114266988	0.020765726546254
1.000000000000000	-0.101307680489335	0.425164584899286	0.020705610498991
1.000000000000000	-0.126912438764941	0.419409071268256	0.020566293217581
1.000000000000000	-0.152096348893388	0.412042748795916	0.020348335683545
1.000000000000000	-0.176758004157092	0.403095279062965	0.020052615534947
1.000000000000000	-0.200798100774484	0.392602690372065	0.019680323532452
1.000000000000000	-0.224119837761288	0.380607232674580	0.019232958764556
1.000000000000000	-0.246629306713920	0.367157207444934	0.018712322611285
1.000000000000000	-0.268235869945485	0.352306773187627	0.018120511490672
1.000000000000000	-0.288852525451750	0.336115727360043	0.017459908417224
1.000000000000000	-0.308396257237512	0.318649265589201	0.016733173406363
1.000000000000000	-0.326788369592709	0.299977719151974	0.015943232763481
1.000000000000000	-0.343954803972267	0.280176271775859	0.015093267300741
1.000000000000000	-0.359826437203726	0.259324656900641	0.014186699529072
1.000000000000000	-0.374339359821857	0.237506836619976	0.013227179876923
1.000000000000000	-0.387435133409522	0.214810663595671	0.012218571991278
1.000000000000000	-0.399061025908555	0.191327527306020	0.011164937180109
1.000000000000000	-0.409170223953150	0.167151986052637	0.010070518058927
1.000000000000000	-0.417722021370758	0.142381386207541	0.008939721467265
1.000000000000000	-0.424681983091484	0.117115470233680	0.007777100723891
1.000000000000000	-0.430022083805952	0.091455975057234	0.006587337292196
1.000000000000000	-0.433720820813341	0.065506222408918	0.005375221929603
1.000000000000000	-0.435763300605168	0.039370702783845	0.004145635396867
1.000000000000000	-0.436141298836192	0.013154654695175	0.002903528804980
1.000000000000000	-0.434853293440949	-0.013036359084229	0.001653903678795
1.000000000000000	-0.431904470762572	-0.039096876585833	0.000401791817646
1.000000000000000	-0.427306704669218	-0.064921961303555	-0.000847764965925
1.000000000000000	-0.421078508742192	-0.090407624736040	-0.002089735147775
1.000000000000000	-0.413244961728290	-0.115451245111650	-0.003319117752328
1.000000000000000	-0.403837606556534	-0.139951980610124	-0.004530962489737
1.000000000000000	-0.392894323325935	-0.163811175416990	-0.005720389688959
1.000000000000000	-0.380459176775698	-0.186932756975716	-0.006882609946462
1.000000000000000	-0.366582238852073	-0.209223622837983	-0.008012943411469
1.000000000000000	-0.351319387086300	-0.230594015554385	-0.009106838630059
1.000000000000000	-0.334732079595512	-0.250957884096001	-0.010159890872272
1.000000000000000	-0.316887107612586	-0.270233230351514	-0.011167859868395
1.000000000000000	-0.297856326541427	-0.288342439304666	-0.012126686883039
1.000000000000000	-0.277716366620613	-0.305212591562536	-0.013032511058226
1.000000000000000	-0.256548324360471	-0.320775756976196	-0.013881684959709
1.000000000000000	-0.234437435996054	-0.334969268171448	-0.014670789263897
1.000000000000000	-0.211472734270906	-0.347735972888219	-0.015396646526266
1.000000000000000	-0.187746689933625	-0.359024464112545	-0.016056333975808
1.000000000000000	-0.163354839390798	-0.368789287074467	-0.016647195283995
1.000000000000000	-0.138395400015609	-0.376991122278351	-0.017166851260881
1.000000000000000	-0.112968874661145	-0.383596943828618	-0.017613209435256
1.000000000000000	-0.087177646970872	-0.388580152413368	-0.017984472480291
1.000000000000000	-0.061125569115848	-0.391920682410424	-0.018279145450739
1.000000000000000	-0.034917543618674	-0.393605082684505	-0.018496041802551
1.000000000000000	-0.008659100948071	-0.393626570750208	-0.018634288170670
1.000000000000000	0.017544025415082	-0.391985060082675	-0.018693327885765
1.000000000000000	0.043586324729151	-0.388687160466003	-0.018672923215740
1.000000000000000	0.069362933846265	-0.383746151377977	-0.018573156323002
1.000000000000000	0.094770059459203	-0.377181928518295	-0.018394428933614
1.000000000000000	0.119705396040408	-0.369020923695611	-0.018137460719692
1.000000000000000	0.144068537790239	-0.359295998395970	-0.017803286401540
1.000000000000000	0.167761382935690	-0.348046311461203	-0.017393251581191
1.000000000000000	0.190688528751601	-0.335317161410089	-0.016909007324148
1.000000000000000	0.212757655713764	-0.321159804037209	-0.016352503511122
1.000000000000000	0.233879899237066	-0.305631246023953	-0.015725980986555
1.000000000000000	0.253970207501799	-0.288794015392733	-0.015031962535525
1.000000000000000	0.272947683927333	-0.270715909728705	-0.014273242725386
1.000000000000000	0.290735912914083	-0.251469723182823	-0.013452876653027


2.000000000000000	nan	nan	nan
2.000000000000000	nan	nan	nan
2.000000000000000	nan	nan	nan
2.000000000000000	nan	nan	nan
2.000000000000000	nan	nan	nan
2.000000000000000	nan	nan	nan
2.000000000000000	nan	nan	nan
2.000000000000000	nan	nan	nan
2.000000000000000	nan	nan	nan
2.000000000000000	nan	nan	nan
2.000000000000000	nan	nan	nan
2.000000000000000	nan	nan	nan
2.000000000000000	nan	nan	nan
2.000000000000000	nan	nan	nan
2.000000000000000	nan	nan	nan
2.000000000000000	nan	nan	nan
2.000000000000000	nan	nan	nan
2.000000000000000	nan	nan	nan
2.000000000000000	nan	nan	nan
2.000000000000000	nan	nan	nan
2.000000000000000	nan	nan	nan
2.000000000000000	nan	nan	nan
2.000000000000000	nan	nan	nan
2.000000000000000	nan	nan	nan
2.000000000000000	nan	nan	nan
2.000000000000000	nan	nan	nan
2.000000000000000	nan	nan	nan
2.000000000000000	nan	nan	nan
2.000000000000000	nan	nan	nan
2.000000000000000	nan	nan	nan
2.000000000000000	nan	nan	nan
2.000000000000000	nan	nan	nan
2.000000000000000	nan	nan	nan
2.000000000000000	nan	nan	nan
2.000000000000000	nan	nan	nan
2.000000000000000	nan	nan	nan
2.000000000000000	nan	nan	nan
2.000000000000000	nan	nan	nan
2.000000000000000	nan	nan	nan
2.000000000000000	nan	nan	nan
2.000000000000000	nan	nan	nan
2.000000000000000	nan	nan	nan
2.000000000000000	nan	nan	nan
2.000000000000000	nan	nan	nan
2.000000000000000	nan	nan	nan
2.000000000000000	nan	nan	nan
2.000000000000000	nan	nan	nan
2.000000000000000	nan	nan	nan
2.000000000000000	nan	nan	nan
2.000000000000000	nan	nan	nan
2.000000000000000	nan	nan	nan
2.000000000000000	nan	nan	nan
2.000000000000000	nan	nan	nan
2.000000000000000	nan	nan	nan
2.000000000000000	nan	nan	nan
2.000000000000000	nan	nan	nan
2.000000000000000	nan	nan	nan
2.000000000000000	nan	nan	nan
2.000000000000000	nan	nan	nan
2.000000000000000	nan	nan	nan
2.000000000000000	nan	nan	nan
2.000000000000000	nan	nan	nan
2.000000000000000	nan	nan	nan
2.000000000000000	nan	nan	nan
2.000000000000000	nan	nan	nan
2.000000000000000	nan	nan	nan
2.000000000000000	nan	nan	nan
2.000000000000000	nan	nan	nan
2.000000000000000	nan	nan	nan
2.000000000000000	nan	nan	nan
2.000000000000000	nan	nan	nan
2.000000000000000	nan	nan	nan
2.000000000000000	nan	nan	nan
2.000000000000000	nan	nan	nan
2.000000000000000	nan	nan	nan
2.000000000000000	nan	nan	nan
2.000000000000000	nan	nan	nan
2.000000000000000	nan	nan	nan
2.000000000000000	nan	nan	nan
2.000000000000000	nan	nan	nan
2.000000000000000	nan	nan	nan
2.000000000000000	nan	nan	nan
2.000000000000000	nan	nan	nan
2.000000000000000	nan	nan	nan
2.000000000000000	nan	nan	nan
2.000000000000000	nan	nan	nan
2.000000000000000	nan	nan	nan
2.000000000000000	nan	nan	nan
2.000000000000000	nan	nan	nan
2.000000000000000	nan	nan	nan
2.000000000000000	nan	nan	nan
2.000000000000000	nan	nan	nan
2.000000000000000	nan	nan	nan
2.000000000000000	nan	nan	nan
2.000000000000000	nan	nan	nan
2.000000000000000	nan	nan	nan
2.000000000000000	nan	nan	nan
2.000000000000000	nan	nan	nan
2.000000000000000	nan	nan	nan
2.000000000000000	nan	nan	nan


3.000000000000000	nan	nan	nan
3.000000000000000	nan	nan	nan
3.000000000000000	nan	nan	nan
3.000000000000000	nan	nan	nan
3.000000000000000	nan	nan	nan
3.000000000000000	nan	nan	nan
3.000000000000000	nan	nan	nan
3.000000000000000	nan	nan	nan
3.000000000000000	nan	nan	nan
3.000000000000000	nan	nan	nan
3.000000000000000	nan	nan	nan
3.000000000000000	nan	nan	nan
3.000000000000000	nan	nan	nan
3.000000000000000	nan	nan	nan
3.000000000000000	nan	nan	nan
3.000000000000000	nan	nan	nan
3.000000000000000	nan	nan	nan
3.000000000000000	nan	nan	nan
3.000000000000000	nan	nan	nan
3.000000000000000	nan	nan	nan
3.000000000000000	nan	nan	nan
3.000000000000000	nan	nan	nan
3.000000000000000	nan	nan	nan
3.000000000000000	nan	nan	nan
3.000000000000000	nan	nan	nan
3.000000000000000	nan	nan	nan
3.000000000000000	nan	nan	nan
3.000000000000000	nan	nan	nan
3.000000000000000	nan	nan	nan
3.000000000000000	nan	nan	nan
3.000000000000000	nan	nan	nan
3.000000000000000	nan	nan	nan
3.000000000000000	nan	nan	nan
3.000000000000000	nan	nan	nan
3.000000000000000	nan	nan	nan
3.000000000000000	nan	nan	nan
3.000000000000000	nan	nan	nan
3.000000000000000	nan	nan	nan
3.000000000000000	nan	nan	nan
3.000000000000000	nan	nan	nan
3.000000000000000	nan	nan	nan
3.000000000000000	nan	nan	nan
3.000000000000000	nan	nan	nan
3.000000000000000	nan	nan	nan
3.000000000000000	nan	nan	nan
3.000000000000000	nan	nan	nan
3.000000000000000	nan	nan	nan
3.000000000000000	nan	nan	nan
3.000000000000000	nan	nan	nan
3.000000000000000	nan	nan	nan
3.000000000000000	nan	nan	nan
3.000000000000000	nan	nan	nan
3.000000000000000	nan	nan	nan
3.000000000000000	nan	nan	nan
3.000000000000000	nan	nan	nan
3.000000000000000	nan	nan	nan
3.000000000000000	nan	nan	nan
3.000000000000000	nan	nan	nan
3.000000000000000	nan	nan	nan
3.000000000000000	nan	nan	nan
3.000000000000000	nan	nan	nan
3.000000000000000	nan	nan	nan
3.000000000000000	nan	nan	nan
3.000000000000000	nan	nan	nan
3.000000000000000	nan	nan	nan
3.000000000000000	nan	nan	nan
3.000000000000000	nan	nan	nan
3.000000000000000	nan	nan	nan
3.000000000000000	nan	nan	nan
3.000000000000000	nan	nan	nan
3.000000000000000	nan	nan	nan
3.000000000000000	nan	nan	nan
3.000000000000000	nan	nan	nan
3.000000000000000	nan	nan	nan
3.000000000000000	nan	nan	nan
3.000000000000000	nan	nan	nan
3.000000000000000	nan	nan	nan
3.000000000000000	nan	nan	nan
3.000000000000000	nan	nan	nan
3.000000000000000	nan	nan	nan
3.000000000000000	nan	nan	nan
3.000000000000000	nan	nan	nan
3.000000000000000	nan	nan	nan
3.000000000000000	nan	nan	nan
3.000000000000000	nan	nan	nan
3.000000000000000	nan	nan	nan
3.000000000000000	nan	nan	nan
3.000000000000000	nan	nan	nan
3.000000000000000	nan	nan	nan
3.000000000000000	nan	nan	nan
3.000000000000000	nan	nan	nan
3.000000000000000	nan	nan	nan
3.000000000000000	nan	nan	nan
3.000000000000000	nan	nan	nan
3.000000000000000	nan	nan	nan
3.000000000000000	nan	nan	nan
3.000000000000000	nan	nan	nan
3.000000000000000	nan	nan	nan
3.000000000000000	nan	nan	nan
3.000000000000000	nan	nan	nan


4.000000000000000	-0.119370998619973	0.480614352661204	-0.004887280767315
4.000000000000000	-0.151326506172827	0.471576325013573	-0.006162402812205
4.000000000000000	-0.182644233850630	0.460524914325242	-0.007411546587919
4.000000000000000	-0.213198076217420	0.447504620726526	-0.008629682233351
4.000000000000000	-0.242865003733774	0.432567872344315	-0.009811904746191
4.000000000000000	-0.271525558153341	0.415774814192512	-0.010953453733636
4.000000000000000	-0.299064333539037	0.397193065989289	-0.012049732580817
4.000000000000000	-0.325370440962024	0.376897449876348	-0.013096326959741
4.000000000000000	-0.350337955012286	0.354969689136566	-0.014089022604233
4.000000000000000	-0.373866340322870	0.331498079123174	-0.015023822279299
4.000000000000000	-0.395860856390329	0.306577131725538	-0.015896961876579
4.000000000000000	-0.416232939061285	0.280307194803134	-0.016704925571083
4.000000000000000	-0.434900557149024	0.252794048120141	-0.017444459978181
4.000000000000000	-0.451788542744123	0.224148477407654	-0.018112587253827
4.000000000000000	-0.466828893889102	0.194485828268659	-0.018706617085296
4.000000000000000	-0.479961048398299	0.163925541721992	-0.019224157524113
4.000000000000000	-0.491132127720415	0.132590673255511	-0.019663124617596
4.000000000000000	-0.500297149861785	0.100607397325086	-0.020021750800190
4.000000000000000	-0.507419210512982	0.068104499294591	-0.020298592010831
4.000000000000000	-0.512469631649451	0.035212856862698	-0.020492533507674
4.000000000000000	-0.515428077007790	0.002064913064582	-0.020602794356762
4.000000000000000	-0.516282633972706	-0.031205857029444	-0.020628930576571
4.000000000000000	-0.515029861544911	-0.064465483770922	-0.020570836925769
4.000000000000000	-0.511674804196815	-0.097580042381741	-0.020428747326984
4.000000000000000	-0.506230971560211	-0.130416192221954	-0.020203233924880
4.000000000000000	-0.498720284027760	-0.162841713705467	-0.019895204782334
4.000000000000000	-0.489172984487305	-0.194726040701654	-0.019505900223987
4.000000000000000	-0.477627516544436	-0.225940786279073	-0.019036887841891
4.000000000000000	-0.464130369723657	-0.256360259674336	-0.018490056183375
4.000000000000000	-0.448735892271482	-0.285861972404443	-0.017867607146527
4.000000000000000	-0.431506072315225	-0.314327131484676	-0.017172047113929
4.000000000000000	-0.412510288258694	-0.341641117766019	-0.016406176860338
4.000000000000000	-0.391825029419841	-0.367693947466018	-0.015573080274956
4.000000000000000	-0.369533588035275	-0.392380715034656	-0.014676111943697
4.000000000000000	-0.345725723871827	-0.415602015571973	-0.013718883641451
4.000000000000000	-0.320497302795647	-0.437264345096521	-0.012705249788743
4.000000000000000	-0.293949910754194	-0.457280477052887	-0.011639291931343
4.000000000000000	-0.266190444725482	-0.475569813542253	-0.010525302305319
4.000000000000000	-0.237330682281678	-0.492058709861683	-0.009367766553719
4.000000000000000	-0.207486831500271	-0.506680771045352	-0.008171345664471
4.000000000000000	-0.176779063035156	-0.519377119213638	-0.006940857202225
4.000000000000000	-0.145331026231826	-0.530096630653565	-0.005681255909726
4.000000000000000	-0.113269351235100	-0.538796141675950	-0.004397613756811
4.000000000000000	-0.080723139094220	-0.545440622420343	-0.003095099517376
4.000000000000000	-0.047823441918497	-0.550003317907915	-0.001778957956548
4.000000000000000	-0.014702735176712	-0.552465855774311	-0.000454488711870
4.000000000000000	0.018505615734831	-0.552818320248683	0.000872975046475
4.000000000000000	0.051667892507693	-0.551059292080990	0.002198088090450
4.000000000000000	0.084650562357727	-0.547195854256827	0.003515514657518
4.000000000000000	0.117320815714477	-0.541243563476736	0.004819949935871
4.000000000000000	0.149547100998436	-0.533226387514863	0.006106141425036
4.000000000000000	0.181199654332832	-0.523176608709196	0.007368910085838
4.000000000000000	0.212151022056960	-0.511134693971977	0.008603171194568
4.000000000000000	0.242276573937087	-0.497149131843734	0.009803954817365
4.000000000000000	0.271455005008417	-0.481276237247041	0.010966425822389
4.000000000000000	0.299568824027372	-0.463579924726200	0.012085903349189
4.000000000000000	0.326504826567359	-0.444131451085929	0.013157879656879
4.000000000000000	0.352154550853044	-0.423009128465359	0.014178038275214
4.000000000000000	0.376414714497639	-0.400298009002692	0.015142271385497
4.000000000000000	0.399187630384621	-0.376089542360255	0.016046696361313
4.000000000000000	0.420381600019271	-0.350481207488991	0.016887671402495
4.000000000000000	0.439911282766151	-0.323576120115123	0.017661810199370
4.000000000000000	0.457698039485719	-0.295482617529523	0.018365995568229
4.000000000000000	0.473670249186390	-0.266313822351677	0.018997392003131
4.000000000000000	0.487763597416991	-0.236187187024821	0.019553457093479
4.000000000000000	0.499921335238356	-0.205224020876409	0.020031951761415
4.000000000000000	0.510094507731278	-0.173549001648263	0.020430949277792
4.000000000000000	0.518242151120685	-0.141289673463315	0.020748843020435
4.000000000000000	0.524331457722308	-0.108575933250436	0.020984352943442
4.000000000000000	0.528337908047645	-0.075539507695354	0.021136530731474
4.000000000000000	0.530245369535287	-0.042313422823777	0.021204763618289
4.000000000000000	0.530046161511050	-0.009031468352544	0.021188776854135
4.000000000000000	0.527741086115340	0.024172341034348	0.021088634812067
4.000000000000000	0.523339425073211	0.057164305315575	0.020904740728746
4.000000000000000	0.516858902320143	0.089811577495285	0.020637835080739
4.000000000000000	0.508325612634001	0.121982698531062	0.020288992602890
4.000000000000000	0.497773916560580	0.153548126673091	0.019859617960734
4.000000000000000	0.485246302055813	0.184380759083065	0.019351440094411
4.000000000000000	0.470793213401766	0.214356443632456	0.018766505256830
4.000000000000000	0.454472848085323	0.243354478819313	0.018107168774132
4.000000000000000	0.436350922457441	0.271258099790616	0.017376085561626
4.000000000000000	0.416500407116602	0.297954948513121	0.016576199433375
4.000000000000000	0.395001233081969	0.323337526199510	0.015710731248505
4.000000000000000	0.371939969939380	0.347303626168062	0.014783165941934
4.000000000000000	0.347409477256181	0.369756745392890	0.013797238491772
4.000000000000000	0.321508530668522	0.390606473087563	0.012756918879886
4.000000000000000	0.294341424146734	0.409768854757437	0.011666396106177
4.000000000000000	0.266017550040320	0.427166730254771	0.010530061320962
4.000000000000000	0.236650958593571	0.442730044475407	0.009352490143360
4.000000000000000	0.206359898705487	0.456396129445955	0.008138424236885
4.000000000000000	0.175266341783198	0.468109956665598	0.006892752216446
4.000000000000000	0.143495490606152	0.477824358686444	0.005620489963617
4.000000000000000	0.111175275178716	0.485500219040194	0.004326760429454
4.000000000000000	0.078435837601195	0.491106629746349	0.003016773006176
4.000000000000000	0.045409008033536	0.494621015767744	0.001695802550786
4.000000000000000	0.012227773861794	0.496029225912251	0.000369168145078
4.000000000000000	-0.020974255795134	0.495325589814638	-0.000957788322422
4.000000000000000	-0.054063388082265	0.492512940769125	-0.002279723666362
4.000000000000000	-0.086906384742485	0.487602604320712	-0.003591314919679
4.000000000000000	-0.119370998619973	0.480614352661204	-0.004887280767315


5.000000000000000	nan	nan	nan
5.000000000000000	nan	nan	nan
5.000000000000000	nan	nan	nan
5.000000000000000	nan	nan	nan
5.000000000000000	nan	nan	nan
5.000000000000000	nan	nan	nan
5.000000000000000	nan	nan	nan
5.000000000000000	nan	nan	nan
5.000000000000000	nan	nan	nan
5.000000000000000	nan	nan	nan
5.000000000000000	nan	nan	nan
5.000000000000000	nan	nan	nan
5.000000000000000	nan	nan	nan
5.000000000000000	nan	nan	nan
5.000000000000000	nan	nan	nan
5.000000000000000	nan	nan	nan
5.000000000000000	nan	nan	nan
5.000000000000000	nan	nan	nan
5.000000000000000	nan	nan	nan
5.000000000000000	nan	nan	nan
5.000000000000000	nan	nan	nan
5.000000000000000	nan	nan	nan
5.000000000000000	nan	nan	nan
5.000000000000000	nan	nan	nan
5.000000000000000	nan	nan	nan
5.000000000000000	nan	nan	nan
5.000000000000000	nan	nan	nan
5.000000000000000	nan	nan	nan
5.000000000000000	nan	nan	nan
5.000000000000000	nan	nan	nan
5.000000000000000	nan	nan	nan
5.000000000000000	nan	nan	nan
5.000000000000000	nan	nan	nan
5.000000000000000	nan	nan	nan
5.000000000000000	nan	nan	nan
5.000000000000000	nan	nan	nan
5.000000000000000	nan	nan	nan
5.000000000000000	nan	nan	nan
5.000000000000000	nan	nan	nan
5.000000000000000	nan	nan	nan
5.000000000000000	nan	nan	nan
5.000000000000000	nan	nan	nan
5.000000000000000	nan	nan	nan
5.000000000000000	nan	nan	nan
5.000000000000000	nan	nan	nan
5.000000000000000	nan	nan	nan
5.000000000000000	nan	nan	nan
5.000000000000000	nan	nan	nan
5.000000000000000	nan	nan	nan
5.000000000000000	nan	nan	nan
5.000000000000000	nan	nan	nan
5.000000000000000	nan	nan	nan
5.000000000000000	nan	nan	nan
5.000000000000000	nan	nan	nan
5.000000000000000	nan	nan	nan
5.000000000000000	nan	nan	nan
5.000000000000000	nan	nan	nan
5.000000000000000	nan	nan	nan
5.000000000000000	nan	nan	nan
5.000000000000000	nan	nan	nan
5.000000000000000	nan	nan	nan
5.000000000000000	nan	nan	nan
5.000000000000000	nan	nan	nan
5.000000000000000	nan	nan	nan
5.000000000000000	nan	nan	nan
5.000000000000000	nan	nan	nan
5.000000000000000	nan	nan	nan
5.000000000000000	nan	nan	nan
5.000000000000000	nan	nan	nan
5.000000000000000	nan	nan	nan
5.000000000000000	nan	nan	nan
5.000000000000000	nan	nan	nan
5.000000000000000	nan	nan	nan
5.000000000000000	nan	nan	nan
5.000000000000000	nan	nan	nan
5.000000000000000	nan	nan	nan
5.000000000000000	nan	nan	nan
5.000000000000000	nan	nan	nan
5.000000000000000	nan	nan	nan
5.000000000000000	nan	nan	nan
5.000000000000000	nan	nan	nan
5.000000000000000	nan	nan	nan
5.000000000000000	nan	nan	nan
5.000000000000000	nan	nan	nan
5.000000000000000	nan	nan	nan
5.000000000000000	nan	nan	nan
5.000000000000000	nan	nan	nan
5.000000000000000	nan	nan	nan
5.000000000000000	nan	nan	nan
5.000000000000000	nan	nan	nan
5.000000000000000	nan	nan	nan
5.000000000000000	nan	nan	nan
5.000000000000000	nan	nan	nan
5.000000000000000	nan	nan	nan
5.000000000000000	nan	nan	nan
5.000000000000000	nan	nan	nan
5.000000000000000	nan	nan	nan
5.000000000000000	nan	nan	nan
5.000000000000000	nan	nan	nan
5.000000000000000	nan	nan	nan


6.000000000000000	nan	nan	nan
6.000000000000000	nan	nan	nan
6.000000000000000	nan	nan	nan
6.000000000000000	nan	nan	nan
6.000000000000000	nan	nan	nan
6.000000000000000	nan	nan	nan
6.000000000000000	nan	nan	nan
6.000000000000000	nan	nan	nan
6.000000000000000	nan	nan	nan
6.000000000000000	nan	nan	nan
6.000000000000000	nan	nan	nan
6.000000000000000	nan	nan	nan
6.000000000000000	nan	nan	nan
6.000000000000000	nan	nan	nan
6.000000000000000	nan	nan	nan
6.000000000000000	nan	nan	nan
6.000000000000000	nan	nan	nan
6.000000000000000	nan	nan	nan
6.000000000000000	nan	nan	nan
6.000000000000000	nan	nan	nan
6.000000000000000	nan	nan	nan
6.000000000000000	nan	nan	nan
6.000000000000000	nan	nan	nan
6.000000000000000	nan	nan	nan
6.000000000000000	nan	nan	nan
6.000000000000000	nan	nan	nan
6.000000000000000	nan	nan	nan
6.000000000000000	nan	nan	nan
6.000000000000000	nan	nan	nan
6.000000000000000	nan	nan	nan
6.000000000000000	nan	nan	nan
6.000000000000000	nan	nan	nan
6.000000000000000	nan	nan	nan
6.000000000000000	nan	nan	nan
6.000000000000000	nan	nan	nan
6.000000000000000	nan	nan	nan
6.000000000000000	nan	nan	nan
6.000000000000000	nan	nan	nan
6.000000000000000	nan	nan	nan
6.000000000000000	nan	nan	nan
6.000000000000000	nan	nan	nan
6.000000000000000	nan	nan	nan
6.000000000000000	nan	nan	nan
6.000000000000000	nan	nan	nan
6.000000000000000	nan	nan	nan
6.000000000000000	nan	nan	nan
6.000000000000000	nan	nan	nan
6.000000000000000	nan	nan	nan
6.000000000000000	nan	nan	nan
6.000000000000000	nan	nan	nan
6.000000000000000	nan	nan	nan
6.000000000000000	nan	nan	nan
6.000000000000000	nan	nan	nan
6.000000000000000	nan	nan	nan
6.000000000000000	nan	nan	nan
6.000000000000000	nan	nan	nan
6.000000000000000	nan	nan	nan
6.000000000000000	nan	nan	nan
6.000000000000000	nan	nan	nan
6.000000000000000	nan	nan	nan
6.000000000000000	nan	nan	nan
6.000000000000000	nan	nan	nan
6.000000000000000	nan	nan	nan
6.000000000000000	nan	nan	nan
6.000000000000000	nan	nan	nan
6.000000000000000	nan	nan	nan
6.000000000000000	nan	nan	nan
6.000000000000000	nan	nan	nan
6.000000000000000	nan	nan	nan
6.000000000000000	nan	nan	nan
6.000000000000000	nan	nan	nan
6.000000000000000	nan	nan	nan
6.000000000000000	nan	nan	nan
6.000000000000000	nan	nan	nan
6.000000000000000	nan	nan	nan
6.000000000000000	nan	nan	nan
6.000000000000000	nan	nan	nan
6.000000000000000	nan	nan	nan
6.000000000000000	nan	nan	nan
6.000000000000000	nan	nan	nan
6.000000000000000	nan	nan	nan
6.000000000000000	nan	nan	nan
6.000000000000000	nan	nan	nan
6.000000000000000	nan	nan	nan
6.000000000000000	nan	nan	nan
6.000000000000000	nan	nan	nan
6.000000000000000	nan	nan	nan
6.000000000000000	nan	nan	nan
6.000000000000000	nan	nan	nan
6.000000000000000	nan	nan	nan
6.000000000000000	nan	nan	nan
6.000000000000000	nan	nan	nan
6.000000000000000	nan	nan	nan
6.000000000000000	nan	nan	nan
6.000000000000000	nan	nan	nan
6.000000000000000	nan	nan	nan
6.000000000000000	nan	nan	nan
6.000000000000000	nan	nan	nan
6.000000000000000	nan	nan	nan
6.000000000000000	nan	nan	nan


7.000000000000000	-0.510395931725677	-0.322135985621742	0.019828807420900
7.000000000000000	-0.488156740137720	-0.355109250799773	0.018094654159035
7.000000000000000	-0.463870434814384	-0.386601191056817	0.016284474670434
7.000000000000000	-0.437634808135506	-0.416484999464343	0.014405557909008
7.000000000000000	-0.409555501710022	-0.444640344473199	0.012465469609403
7.000000000000000	-0.379745580994491	-0.470953854446288	0.010472021822459
7.000000000000000	-0.348325080018407	-0.495319574166137	0.008433241458839
7.000000000000000	-0.315420518049532	-0.517639391479163	0.006357337967492
7.000000000000000	-0.281164390145454	-0.537823432358687	0.004252670279102
7.000000000000000	-0.245694633642757	-0.555790422795919	0.002127713147619
7.000000000000000	-0.209154072732046	-0.571468016061705	-0.000008976974578
7.000000000000000	-0.171689843355347	-0.584793084021273	-0.002148796390498
7.000000000000000	-0.133452800741592	-0.595711971328950	-0.004283128802589
7.000000000000000	-0.094596911965862	-0.604180711479300	-0.006403380007528
7.000000000000000	-0.055278635978312	-0.610165203844728	-0.008501012502042
7.000000000000000	-0.015656293599204	-0.613641350986667	-0.010567579860420
7.000000000000000	0.024110569983161	-0.614595155687460	-0.012594760745294
7.000000000000000	0.063861827644602	-0.613022777312218	-0.014574392414721
7.000000000000000	0.103437415100476	-0.608930547273695	-0.016498503590666
7.000000000000000	0.142677975428056	-0.602334943537931	-0.018359346556528
7.000000000000000	0.181425500740612	-0.593262524273292	-0.020149428354455
7.000000000000000	0.219523968429410	-0.581749820910102	-0.021861540956845
7.000000000000000	0.256819969411683	-0.567843191041469	-0.023488790290529
7.000000000000000	0.293163325854867	-0.551598631757615	-0.025024623996766
7.000000000000000	0.328407695889726	-0.533081554165360	-0.026462857815285
7.000000000000000	0.362411162877410	-0.512366520000681	-0.027797700486115
7.000000000000000	0.395036806857673	-0.489536941394916	-0.029023777068944
7.000000000000000	0.426153255877222	-0.464684745003555	-0.030136150586109
7.000000000000000	0.455635214978214	-0.437910001850036	-0.031130341902062
7.000000000000000	0.483363970716823	-0.409320524375061	-0.032002347759267
7.000000000000000	0.509227869180379	-0.379031432313943	-0.032748656897907
7.000000000000000	0.533122765578274	-0.347164689150066	-0.033366264194485
7.000000000000000	0.554952443596266	-0.313848611010983	-0.033852682762399
7.000000000000000	0.574629002825627	-0.279217349984657	-0.034205953965753
7.000000000000000	0.592073212707059	-0.243410353936354	-0.034424655306098
7.000000000000000	0.607214831564194	-0.206571805001303	-0.034507906150324
7.000000000000000	0.619992889442034	-0.168850039014131	-0.034455371276665
7.000000000000000	0.630355933611443	-0.130396948212805	-0.034267262224515
7.000000000000000	0.638262235751120	-0.091367369622204	-0.033944336442635
7.000000000000000	0.643679959972831	-0.051918461580065	-0.033487894239174
7.000000000000000	0.646587291013285	-0.012209070915827	-0.032899773545788
7.000000000000000	0.646972522076508	0.027600906669486	-0.032182342516934
7.000000000000000	0.644834101972973	0.067351170446821	-0.031338489994154
7.000000000000000	0.640180641365694	0.106881660133557	-0.030371613873724
7.000000000000000	0.633030878098128	0.146033200399763	-0.029285607424528
7.000000000000000	0.623413601743488	0.184648141811081	-0.028084843611237
7.000000000000000	0.611367537679297	0.222570995627350	-0.026774157485927
7.000000000000000	0.596941191153957	0.259649059900886	-0.025358826719024
7.000000000000000	0.580192651973239	0.295733034353332	-0.023844550347995
7.000000000000000	0.561189360593128	0.330677621555182	-0.022237425829332
7.000000000000000	0.540007836560921	0.364342111987248	-0.020543924486247
7.000000000000000	0.516733370398008	0.396590950628232	-0.018770865450938
7.000000000000000	0.491459680165048	0.427294282786954	-0.016925388206349
7.000000000000000	0.464288534092420	0.456328476981361	-0.015014923837996
7.000000000000000	0.435329340795469	0.483576622758869	-0.013047165111602
7.000000000000000	0.404698708724638	0.508929001453496	-0.011030035497051
7.000000000000000	0.372519976624383	0.532283527984202	-0.008971657263368
7.000000000000000	0.338922716891590	0.553546161915484	-0.006880318773207
7.000000000000000	0.304042213833260	0.572631286125013	-0.004764441108544
7.000000000000000	0.268018918924351	0.589462051553574	-0.002632544161949
7.000000000000000	0.230997885259265	0.603970686649099	-0.000493212329984
7.000000000000000	0.193128183474228	0.616098770258793	0.001644940053125
7.000000000000000	0.154562301492452	0.625797466870488	0.003773303402379
7.000000000000000	0.115455530509092	0.633027723256026	0.005883307549765
7.000000000000000	0.075965339688404	0.637760425724815	0.007966456253293
7.000000000000000	0.036250742091009	0.639976517354392	0.010014361408368
7.000000000000000	-0.003528345615590	0.639667074725919	0.012018776823727
7.000000000000000	-0.043211747084978	0.636833343855646	0.013971631425937
7.000000000000000	-0.082639671265449	0.631486735177640	0.015865061758763
7.000000000000000	-0.121653355822167	0.623648777597994	0.017691443646530
7.000000000000000	-0.160095706417060	0.613351031805525	0.019443422893985
7.000000000000000	-0.197811929272269	0.600634963188012	0.021113944899049
7.000000000000000	-0.234650154470063	0.585551774865721	0.022696283059209
7.000000000000000	-0.270462047479392	0.568162201514510	0.024184065857169
7.000000000000000	-0.305103406446693	0.548536264808721	0.025571302516706
7.000000000000000	-0.338434742845855	0.526752991468617	0.026852407125408
7.000000000000000	-0.370321843149287	0.502900095047668	0.028022221127175
7.000000000000000	-0.400636309258420	0.477073622741030	0.029076034093899
7.000000000000000	-0.429256075517535	0.449377568637389	0.030009602692700
7.000000000000000	-0.456065900229074	0.419923454971471	0.030819167772328
7.000000000000000	-0.480957829691285	0.388829883063362	0.031501469499939
7.000000000000000	-0.503831632889674	0.356222055752854	0.032053760487289
7.000000000000000	-0.524595205091928	0.322231273251798	0.032473816853500
7.000000000000000	-0.543164938721162	0.286994404444490	0.032759947179842
7.000000000000000	-0.559466060014123	0.250653335764983	0.032910999320478
7.000000000000000	-0.573432930108743	0.213354399870497	0.032926365041751
7.000000000000000	-0.585009309348671	0.175247786411451	0.032805982471324
7.000000000000000	-0.594148583740519	0.136486937270753	0.032550336347321
7.000000000000000	-0.600813952651960	0.097227928707493	0.032160456066454
7.000000000000000	-0.604978576994889	0.057628842892932	0.031637911539008
7.000000000000000	-0.606625687296955	0.017849131369396	0.030984806867366
7.000000000000000	-0.605748651226309	-0.021951027004812	0.030203771873533
7.000000000000000	-0.602351000297663	-0.061611371039137	0.029297951509766
7.000000000000000	-0.596446415652127	-0.100972202526025	0.028270993194967
7.000000000000000	-0.588058672968081	-0.139875029289237	0.027127032127811
7.000000000000000	-0.577221546724914	-0.178163203375907	0.025870674635761
7.000000000000000	-0.563978674205110	-0.215682551822563	0.024506979627016
7.000000000000000	-0.548383379782317	-0.252281997455229	0.023041438220066
7.000000000000000	-0.530498460202915	-0.287814167223889	0.021479951632904
7.000000000000000	-0.510395931725677	-0.322135985621742	0.019828807420900


8.000000000000000	nan	nan	nan
8.000000000000000	nan	nan	nan
8.000000000000000	nan	nan	nan
8.000000000000000	nan	nan	nan
8.000000000000000	nan	nan	nan
8.000000000000000	nan	nan	nan
8.000000000000000	nan	nan	nan
8.000000000000000	nan	nan	nan
8.000000000000000	nan	nan	nan
8.000000000000000	nan	nan	nan
8.000000000000000	nan	nan	nan
8.000000000000000	nan	nan	nan
8.000000000000000	nan	nan	nan
8.000000000000000	nan	nan	nan
8.000000000000000	nan	nan	nan
8.000000000000000	nan	nan	nan
8.000000000000000	nan	nan	nan
8.000000000000000	nan	nan	nan
8.000000000000000	nan	nan	nan
8.000000000000000	nan	nan	nan
8.000000000000000	nan	nan	nan
8.000000000000000	nan	nan	nan
8.000000000000000	nan	nan	nan
8.000000000000000	nan	nan	nan
8.000000000000000	nan	nan	nan
8.000000000000000	nan	nan	nan
8.000000000000000	nan	nan	nan
8.000000000000000	nan	nan	nan
8.000000000000000	nan	nan	nan
8.000000000000000	nan	nan	nan
8.000000000000000	nan	nan	nan
8.000000000000000	nan	nan	nan
8.000000000000000	nan	nan	nan
8.000000000000000	nan	nan	nan
8.000000000000000	nan	nan	nan
8.000000000000000	nan	nan	nan
8.000000000000000	nan	nan	nan
8.000000000000000	nan	nan	nan
8.000000000000000	nan	nan	nan
8.000000000000000	nan	nan	nan
8.000000000000000	nan	nan	nan
8.000000000000000	nan	nan	nan
8.000000000000000	nan	nan	nan
8.000000000000000	nan	nan	nan
8.000000000000000	nan	nan	nan
8.000000000000000	nan	nan	nan
8.000000000000000	nan	nan	nan
8.000000000000000	nan	nan	nan
8.000000000000000	nan	nan	nan
8.000000000000000	nan	nan	nan
8.000000000000000	nan	nan	nan
8.000000000000000	nan	nan	nan
8.000000000000000	nan	nan	nan
8.000000000000000	nan	nan	nan
8.000000000000000	nan	nan	nan
8.000000000000000	nan	nan	nan
8.000000000000000	nan	nan	nan
8.000000000000000	nan	nan	nan
8.000000000000000	nan	nan	nan
8.000000000000000	nan	nan	nan
8.000000000000000	nan	nan	nan
8.000000000000000	nan	nan	nan
8.000000000000000	nan	nan	nan
8.000000000000000	nan	nan	nan
8.000000000000000	nan	nan	nan
8.000000000000000	nan	nan	nan
8.000000000000000	nan	nan	nan
8.000000000000000	nan	nan	nan
8.000000000000000	nan	nan	nan
8.000000000000000	nan	nan	nan
8.000000000000000	nan	nan	nan
8.000000000000000	nan	nan	nan
8.000000000000000	nan	nan	nan
8.000000000000000	nan	nan	nan
8.000000000000000	nan	nan	nan
8.000000000000000	nan	nan	nan
8.000000000000000	nan	nan	nan
8.000000000000000	nan	nan	nan
8.000000000000000	nan	nan	nan
8.000000000000000	nan	nan	nan
8.000000000000000	nan	nan	nan
8.000000000000000	nan	nan	nan
8.000000000000000	nan	nan	nan
8.000000000000000	nan	nan	nan
8.000000000000000	nan	nan	nan
8.000000000000000	nan	nan	nan
8.000000000000000	nan	nan	nan
8.000000000000000	nan	nan	nan
8.000000000000000	nan	nan	nan
8.000000000000000	nan	nan	nan
8.000000000000000	nan	nan	nan
8.000000000000000	nan	nan	nan
8.000000000000000	nan	nan	nan
8.000000000000000	nan	nan	nan
8.000000000000000	nan	nan	nan
8.000000000000000	nan	nan	nan
8.000000000000000	nan	nan	nan
8.000000000000000	nan	nan	nan
8.000000000000000	nan	nan	nan
8.000000000000000	nan	nan	nan


9.000000000000000	nan	nan	nan
9.000000000000000	nan	nan	nan
9.000000000000000	nan	nan	nan
9.000000000000000	nan	nan	nan
9.000000000000000	nan	nan	nan
9.000000000000000	nan	nan	nan
9.000000000000000	nan	nan	nan
9.000000000000000	nan	nan	nan
9.000000000000000	nan	nan	nan
9.000000000000000	nan	nan	nan
9.000000000000000	nan	nan	nan
9.000000000000000	nan	nan	nan
9.000000000000000	nan	nan	nan
9.000000000000000	nan	nan	nan
9.000000000000000	nan	nan	nan
9.000000000000000	nan	nan	nan
9.000000000000000	nan	nan	nan
9.000000000000000	nan	nan	nan
9.000000000000000	nan	nan	nan
9.000000000000000	nan	nan	nan
9.000000000000000	nan	nan	nan
9.000000000000000	nan	nan	nan
9.000000000000000	nan	nan	nan
9.000000000000000	nan	nan	nan
9.000000000000000	nan	nan	nan
9.000000000000000	nan	nan	nan
9.000000000000000	nan	nan	nan
9.000000000000000	nan	nan	nan
9.000000000000000	nan	nan	nan
9.000000000000000	nan	nan	nan
9.000000000000000	nan	nan	nan
9.000000000000000	nan	nan	nan
9.000000000000000	nan	nan	nan
9.000000000000000	nan	nan	nan
9.000000000000000	nan	nan	nan
9.000000000000000	nan	nan	nan
9.000000000000000	nan	nan	nan
9.000000000000000	nan	nan	nan
9.000000000000000	nan	nan	nan
9.000000000000000	nan	nan	nan
9.000000000000000	nan	nan	nan
9.000000000000000	nan	nan	nan
9.000000000000000	nan	nan	nan
9.000000000000000	nan	nan	nan
9.000000000000000	nan	nan	nan
9.000000000000000	nan	nan	nan
9.000000000000000	nan	nan	nan
9.000000000000000	nan	nan	nan
9.000000000000000	nan	nan	nan
9.000000000000000	nan	nan	nan
9.000000000000000	nan	nan	nan
9.000000000000000	nan	nan	nan
9.000000000000000	nan	nan	nan
9.000000000000000	nan	nan	nan
9.000000000000000	nan	nan	nan
9.000000000000000	nan	nan	nan
9.000000000000000	nan	nan	nan
9.000000000000000	nan	nan	nan
9.000000000000000	nan	nan	nan
9.000000000000000	nan	nan	nan
9.000000000000000	nan	nan	nan
9.000000000000000	nan	nan	nan
9.000000000000000	nan	nan	nan
9.000000000000000	nan	nan	nan
9.000000000000000	nan	nan	nan
9.000000000000000	nan	nan	nan
9.000000000000000	nan	nan	nan
9.000000000000000	nan	nan	nan
9.000000000000000	nan	nan	nan
9.000000000000000	nan	nan	nan
9.000000000000000	nan	nan	nan
9.000000000000000	nan	nan	nan
9.000000000000000	nan	nan	nan
9.000000000000000	nan	nan	nan
9.000000000000000	nan	nan	nan
9.000000000000000	nan	nan	nan
9.000000000000000	nan	nan	nan
9.000000000000000	nan	nan	nan
9.000000000000000	nan	nan	nan
9.000000000000000	nan	nan	nan
9.000000000000000	nan	nan	nan
9.000000000000000	nan	nan	nan
9.000000000000000	nan	nan	nan
9.000000000000000	nan	nan	nan
9.000000000000000	nan	nan	nan
9.000000000000000	nan	nan	nan
9.000000000000000	nan	nan	nan
9.000000000000000	nan	nan	nan
9.000000000000000	nan	nan	nan
9.000000000000000	nan	nan	nan
9.000000000000000	nan	nan	nan
9.000000000000000	nan	nan	nan
9.000000000000000	nan	nan	nan
9.000000000000000	nan	nan	nan
9.000000000000000	nan	nan	nan
9.000000000000000	nan	nan	nan
9.000000000000000	nan	nan	nan
9.000000000000000	nan	nan	nan
9.000000000000000	nan	nan	nan
9.000000000000000	nan	nan	nan


10.000000000000000	0.862451068734264	-0.549734047584754	-0.036623059141931
10.000000000000000	0.898659556636014	-0.488398148587675	-0.041068847670234
10.000000000000000	0.930889007524088	-0.424865887186135	-0.045333960229982
10.000000000000000	0.959009644774942	-0.359393085373481	-0.049401222718244
10.000000000000000	0.982908236507372	-0.292243379014395	-0.053254257704494
10.000000000000000	1.002488551527331	-0.223687156276316	-0.056877550376747
10.000000000000000	1.017671746816982	-0.154000468871718	-0.060256511014230
10.000000000000000	1.028396685007708	-0.083463920495297	-0.063377533735040
10.000000000000000	1.034620180558716	-0.012361536931929	-0.066228051282224
10.000000000000000	1.036317173649966	0.059020377614918	-0.068796585627694
10.000000000000000	1.033480831089222	0.130394393369167	-0.071072794190188
10.000000000000000	1.026122573826907	0.201473112360390	-0.073047511481198
10.000000000000000	1.014272030967966	0.271970325673999	-0.074712786011158
10.000000000000000	0.997976920465915	0.341602165913533	-0.076061912307284
10.000000000000000	0.977302856979490	0.410088250234472	-0.077089457914148
10.000000000000000	0.952333087665568	0.477152809346991	-0.077791285268255
10.000000000000000	0.923168156972251	0.542525797941563	-0.078164568358557
10.000000000000000	0.889925501781861	0.605943982066107	-0.078207804105797
10.000000000000000	0.852738978534063	0.667151999076206	-0.077920818414880
10.000000000000000	0.811758324233222	0.725903385890348	-0.077304766875895
10.000000000000000	0.767148553510343	0.781961571409769	-0.076362130110957
10.000000000000000	0.719089294167384	0.835100829106769	-0.075096703785621
10.000000000000000	0.667774063879505	0.885107185945773	-0.073513583325074
10.000000000000000	0.613409490967684	0.931779283977221	-0.071619143396659
10.000000000000000	0.556214482379400	0.974929191134968	-0.069421012241336
10.000000000000000	0.496419342227615	1.014383157972379	-0.066928040957452
10.000000000000000	0.434264844437399	1.049982317290034	-0.064150267860488
10.000000000000000	0.370001263234310	1.081583323837859	-0.061098878062307
10.000000000000000	0.303887365378423	1.109058931515867	-0.057786158432659
10.000000000000000	0.236189368201915	1.132298505749281	-0.054225448124287
10.000000000000000	0.167179867645829	1.151208468974928	-0.050431084860873
10.000000000000000	0.097136740612432	1.165712677445051	-0.046418347204082
10.000000000000000	0.026342026053002	1.175752727831311	-0.042203393032188
10.000000000000000	-0.044919210703484	1.181288192394375	-0.037803194477998
10.000000000000000	-0.116360025807816	1.182296781772156	-0.033235469588067
10.000000000000000	-0.187692752312161	1.178774434731206	-0.028518610978378
10.000000000000000	-0.258630158503326	1.170735334519866	-0.023671611773766
10.000000000000000	-0.328886604483496	1.158211851757339	-0.018713989129309
10.000000000000000	-0.398179192341282	1.141254414088623	-0.013665705641634
10.000000000000000	-0.466228905281768	1.119931303130189	-0.008547088966587
10.000000000000000	-0.532761731128666	1.094328379524007	-0.003378749966934
10.000000000000000	-0.597509765674637	1.064548737207047	0.001818500280306
10.000000000000000	-0.660212291436978	1.030712288288380	0.007023734282726
10.000000000000000	-0.720616827474911	0.992955280205437	0.012215992400151
10.000000000000000	-0.778480146041216	0.951429747103668	0.017374367241719
10.000000000000000	-0.833569251974523	0.906302897648696	0.022478087852559
10.000000000000000	-0.885662320888597	0.857756441736036	0.027506603351097
10.000000000000000	-0.934549592380844	0.805985858809478	0.032439665680204
10.000000000000000	-0.980034214663423	0.751199610734363	0.037257411138974
10.000000000000000	-1.021933037215915	0.693618302395225	0.041940440366838
10.000000000000000	-1.060077348267831	0.633473793397782	0.046469896457941
10.000000000000000	-1.094313554141361	0.571008264452136	0.050827540891248
10.000000000000000	-1.124503797718907	0.506473242196533	0.054995826970629
10.000000000000000	-1.150526513545042	0.440128586388362	0.058957970479213
10.000000000000000	-1.172276917327690	0.372241443540629	0.062698017263505
10.000000000000000	-1.189667427867486	0.303085171217239	0.066200907475131
10.000000000000000	-1.202628019716359	0.232938237318561	0.069452536211532
10.000000000000000	-1.211106505145295	0.162083098789484	0.072439810311428
10.000000000000000	-1.215068744285899	0.090805064264984	0.075150701076359
10.000000000000000	-1.214498782599599	0.019391145232952	0.077574292706007
10.000000000000000	-1.209398915120943	-0.051871099659766	0.079700826252270
10.000000000000000	-1.199789677216300	-0.122694722504553	0.081521738915105
10.000000000000000	-1.185709761895192	-0.192794541568971	0.083029698521898
10.000000000000000	-1.167215864007198	-0.261888289622939	0.084218633051538
10.000000000000000	-1.144382451951807	-0.329697750529253	0.085083755084300
10.000000000000000	-1.117301467820456	-0.395949879521770	0.085621581079098
10.000000000000000	-1.086081957178176	-0.460377902660314	0.085829945400474
10.000000000000000	-1.050849629975594	-0.522722391035174	0.085708009038845
10.000000000000000	-1.011746354359323	-0.582732305395764	0.085256262988905
10.000000000000000	-0.968929585419012	-0.640166006997078	0.084476526272554
10.000000000000000	-0.922571731171273	-0.694792230593637	0.083371938614347
10.000000000000000	-0.872859458333445	-0.746391015663000	0.081946947798926
10.000000000000000	-0.819992940682609	-0.794754592109164	0.080207291761362
10.000000000000000	-0.764185053026438	-0.839688216879403	0.078159975482518
10.000000000000000	-0.705660514031475	-0.881010958125811	0.075813242782462
10.000000000000000	-0.644654981360384	-0.918556423753991	0.073176543125513
10.000000000000000	-0.581414102761707	-0.952173431425297	0.070260493570581
10.000000000000000	-0.516192526933088	-0.981726617314751	0.067076836020023
10.000000000000000	-0.449252878140838	-1.007096981173389	0.063638389939143
10.000000000000000	-0.380864698724714	-1.028182365500262	0.059959000736732
10.000000000000000	-0.311303363746042	-1.044897866894642	0.056053484014488
10.000000000000000	-0.240848972149541	-1.057176177932047	0.051937565909825
10.000000000000000	-0.169785218903732	-1.064967858187482	0.047627819772263
10.000000000000000	-0.098398252661427	-1.068241533314582	0.043141599428400
10.000000000000000	-0.026975523540099	-1.066984021379035	0.038496969304177
10.000000000000000	0.044195374338289	-1.061200385937574	0.033712631685811
10.000000000000000	0.114827860887304	-1.050913915648824	0.028807851412289
10.000000000000000	0.184637524012909	-1.036166030498091	0.023802378302660
10.000000000000000	0.253343264840584	-1.017016115013705	0.018716367630488
10.000000000000000	0.320668429601279	-0.993541279146475	0.013570298965672
10.000000000000000	0.386341923618499	-0.965836047775145	0.008384893710453
10.000000000000000	0.450099302910888	-0.934011980088056	0.003181031661637
10.000000000000000	0.511683839014804	-0.898197220373679	-0.002020333064975
10.000000000000000	0.570847552739237	-0.858535982028786	-0.007198256409419
10.000000000000000	0.627352212690481	-0.815187966862006	-0.012331888701902
10.000000000000000	0.680970294545881	-0.768327722031004	-0.017400558617067
10.000000000000000	0.731485897213973	-0.718143937202682	-0.022383856410120
10.000000000000000	0.778695612191979	-0.664838684766490	-0.027261716099673
10.000000000000000	0.822409342620057	-0.608626606160233	-0.032014496266366
10.000000000000000	0.862451068734264	-0.549734047584754	-0.036623059141931


11.000000000000000	nan	nan	nan
11.000000000000000	nan	nan	nan
11.000000000000000	nan	nan	nan
11.000000000000000	nan	nan	nan
11.000000000000000	nan	nan	nan
11.000000000000000	nan	nan	nan
11.000000000000000	nan	nan	nan
11.000000000000000	nan	nan	nan
11.000000000000000	nan	nan	nan
11.000000000000000	nan	nan	nan
11.000000000000000	nan	nan	nan
11.000000000000000	nan	nan	nan
11.000000000000000	nan	nan	nan
11.000000000000000	nan	nan	nan
11.000000000000000	nan	nan	nan
11.000000000000000	nan	nan	nan
11.000000000000000	nan	nan	nan
11.000000000000000	nan	nan	nan
11.000000000000000	nan	nan	nan
11.000000000000000	nan	nan	nan
11.000000000000000	nan	nan	nan
11.000000000000000	nan	nan	nan
11.000000000000000	nan	nan	nan
11.000000000000000	nan	nan	nan
11.000000000000000	nan	nan	nan
11.000000000000000	nan	nan	nan
11.000000000000000	nan	nan	nan
11.000000000000000	nan	nan	nan
11.000000000000000	nan	nan	nan
11.000000000000000	nan	nan	nan
11.000000000000000	nan	nan	nan
11.000000000000000	nan	nan	nan
11.000000000000000	nan	nan	nan
11.000000000000000	nan	nan	nan
11.000000000000000	nan	nan	nan
11.000000000000000	nan	nan	nan
11.000000000000000	nan	nan	nan
11.000000000000000	nan	nan	nan
11.000000000000000	nan	nan	nan
11.000000000000000	nan	nan	nan
11.000000000000000	nan	nan	nan
11.000000000000000	nan	nan	nan
11.000000000000000	nan	nan	nan
11.000000000000000	nan	nan	nan
11.000000000000000	nan	nan	nan
11.000000000000000	nan	nan	nan
11.000000000000000	nan	nan	nan
11.000000000000000	nan	nan	nan
11.000000000000000	nan	nan	nan
11.000000000000000	nan	nan	nan
11.000000000000000	nan	nan	nan
11.000000000000000	nan	nan	nan
11.000000000000000	nan	nan	nan
11.000000000000000	nan	nan	nan
11.000000000000000	nan	nan	nan
11.000000000000000	nan	nan	nan
11.000000000000000	nan	nan	nan
11.000000000000000	nan	nan	nan
11.000000000000000	nan	nan	nan
11.000000000000000	nan	nan	nan
11.000000000000000	nan	nan	nan
11.000000000000000	nan	nan	nan
11.000000000000000	nan	nan	nan
11.000000000000000	nan	nan	nan
11.000000000000000	nan	nan	nan
11.000000000000000	nan	nan	nan
11.000000000000000	nan	nan	nan
11.000000000000000	nan	nan	nan
11.000000000000000	nan	nan	nan
11.000000000000000	nan	nan	nan
11.000000000000000	nan	nan	nan
11.000000000000000	nan	nan	nan
11.000000000000000	nan	nan	nan
11.000000000000000	nan	nan	nan
11.000000000000000	nan	nan	nan
11.000000000000000	nan	nan	nan
11.000000000000000	nan	nan	nan
11.000000000000000	nan	nan	nan
11.000000000000000	nan	nan	nan
11.000000000000000	nan	nan	nan
11.000000000000000	nan	nan	nan
11.000000000000000	nan	nan	nan
11.000000000000000	nan	nan	nan
11.000000000000000	nan	nan	nan
11.000000000000000	nan	nan	nan
11.000000000000000	nan	nan	nan
11.000000000000000	nan	nan	nan
11.000000000000000	nan	nan	nan
11.000000000000000	nan	nan	nan
11.000000000000000	nan	nan	nan
11.000000000000000	nan	nan	nan
11.000000000000000	nan	nan	nan
11.000000000000000	nan	nan	nan
11.000000000000000	nan	nan	nan
11.000000000000000	nan	nan	nan
11.000000000000000	nan	nan	nan
11.000000000000000	nan	nan	nan
11.000000000000000	nan	nan	nan
11.000000000000000	nan	nan	nan
11.000000000000000	nan	nan	nan


12.000000000000000	nan	nan	nan
12.000000000000000	nan	nan	nan
12.000000000000000	nan	nan	nan
12.000000000000000	nan	nan	nan
12.000000000000000	nan	nan	nan
12.000000000000000	nan	nan	nan
12.000000000000000	nan	nan	nan
12.000000000000000	nan	nan	nan
12.000000000000000	nan	nan	nan
12.000000000000000	nan	nan	nan
12.000000000000000	nan	nan	nan
12.000000000000000	nan	nan	nan
12.000000000000000	nan	nan	nan
12.000000000000000	nan	nan	nan
12.000000000000000	nan	nan	nan
12.000000000000000	nan	nan	nan
12.000000000000000	nan	nan	nan
12.000000000000000	nan	nan	nan
12.000000000000000	nan	nan	nan
12.000000000000000	nan	nan	nan
12.000000000000000	nan	nan	nan
12.000000000000000	nan	nan	nan
12.000000000000000	nan	nan	nan
12.000000000000000	nan	nan	nan
12.000000000000000	nan	nan	nan
12.000000000000000	nan	nan	nan
12.000000000000000	nan	nan	nan
12.000000000000000	nan	nan	nan
12.000000000000000	nan	nan	nan
12.000000000000000	nan	nan	nan
12.000000000000000	nan	nan	nan
12.000000000000000	nan	nan	nan
12.000000000000000	nan	nan	nan
12.000000000000000	nan	nan	nan
12.000000000000000	nan	nan	nan
12.000000000000000	nan	nan	nan
12.000000000000000	nan	nan	nan
12.000000000000000	nan	nan	nan
12.000000000000000	nan	nan	nan
12.000000000000000	nan	nan	nan
12.000000000000000	nan	nan	nan
12.000000000000000	nan	nan	nan
12.000000000000000	nan	nan	nan
12.000000000000000	nan	nan	nan
12.000000000000000	nan	nan	nan
12.000000000000000	nan	nan	nan
12.000000000000000	nan	nan	nan
12.000000000000000	nan	nan	nan
12.000000000000000	nan	nan	nan
12.000000000000000	nan	nan	nan
12.000000000000000	nan	nan	nan
12.000000000000000	nan	nan	nan
12.000000000000000	nan	nan	nan
12.000000000000000	nan	nan	nan
12.000000000000000	nan	nan	nan
12.000000000000000	nan	nan	nan
12.000000000000000	nan	nan	nan
12.000000000000000	nan	nan	nan
12.000000000000000	nan	nan	nan
12.000000000000000	nan	nan	nan
12.000000000000000	nan	nan	nan
12.000000000000000	nan	nan	nan
12.000000000000000	nan	nan	nan
12.000000000000000	nan	nan	nan
12.000000000000000	nan	nan	nan
12.000000000000000	nan	nan	nan
12.000000000000000	nan	nan	nan
12.000000000000000	nan	nan	nan
12.000000000000000	nan	nan	nan
12.000000000000000	nan	nan	nan
12.000000000000000	nan	nan	nan
12.000000000000000	nan	nan	nan
12.000000000000000	nan	nan	nan
12.000000000000000	nan	nan	nan
12.000000000000000	nan	nan	nan
12.000000000000000	nan	nan	nan
12.000000000000000	nan	nan	nan
12.000000000000000	nan	nan	nan
12.000000000000000	nan	nan	nan
12.000000000000000	nan	nan	nan
12.000000000000000	nan	nan	nan
12.000000000000000	nan	nan	nan
12.000000000000000	nan	nan	nan
12.000000000000000	nan	nan	nan
12.000000000000000	nan	nan	nan
12.000000000000000	nan	nan	nan
12.000000000000000	nan	nan	nan
12.000000000000000	nan	nan	nan
12.000000000000000	nan	nan	nan
12.000000000000000	nan	nan	nan
12.000000000000000	nan	nan	nan
12.000000000000000	nan	nan	nan
12.000000000000000	nan	nan	nan
12.000000000000000	nan	nan	nan
12.000000000000000	nan	nan	nan
12.000000000000000	nan	nan	nan
12.000000000000000	nan	nan	nan
12.000000000000000	nan	nan	nan
12.000000000000000	nan	nan	nan
12.000000000000000	nan	nan	nan


13.000000000000000	-0.440805867269767	0.411367446439858	-0.013029624044192
13.000000000000000	-0.469759316737978	0.378325363366151	-0.011524105293707
13.000000000000000	-0.496537720903057	0.343495339636539	-0.009963803448508
13.000000000000000	-0.521033252582699	0.307017623463543	-0.008355001293428
13.000000000000000	-0.543147276916378	0.269039097735606	-0.006704176906928
13.000000000000000	-0.562790748533107	0.229712688571553	-0.005017977576164
13.000000000000000	-0.579884570105728	0.189196749541075	-0.003303193030707
13.000000000000000	-0.594359910847926	0.147654424030801	-0.001566728102700
13.000000000000000	-0.606158483671512	0.105252988323455	0.000184425076466
13.000000000000000	-0.615232779887960	0.062163178035307	0.001943215230998
13.000000000000000	-0.621546260509121	0.018558500624109	0.003702560333698
13.000000000000000	-0.625073503376838	-0.025385463264204	0.005455376122786
13.000000000000000	-0.625800305529001	-0.069491766796802	0.007194604627727
13.000000000000000	-0.623723740389863	-0.113582809456404	0.008913242589179
13.000000000000000	-0.618852169554330	-0.157481052175879	0.010604369658655
13.000000000000000	-0.611205209118765	-0.201009732225406	0.012261176264319
13.000000000000000	-0.600813650693896	-0.243993574973603	0.013876991030729
13.000000000000000	-0.587719337417862	-0.286259499656602	0.015445307642113
13.000000000000000	-0.571974995468672	-0.327637316313199	0.016959811041004
13.000000000000000	-0.553644021754486	-0.367960411079761	0.018414402856750
13.000000000000000	-0.532800228636649	-0.407066417085448	0.019803225961498
13.000000000000000	-0.509527546713359	-0.444797868246296	0.021120688054780
13.000000000000000	-0.483919686860774	-0.481002833325561	0.022361484181739
13.000000000000000	-0.456079762892385	-0.515535527707186	0.023520618094301
13.000000000000000	-0.426119876356086	-0.548256900418994	0.024593422369310
13.000000000000000	-0.394160665140802	-0.579035194041881	0.025575577202590
13.000000000000000	-0.360330817710293	-0.607746475250433	0.026463127803273
13.000000000000000	-0.324766554920128	-0.634275133848693	0.027252500318345
13.000000000000000	-0.287611081504378	-0.658514348291608	0.027940516223293
13.000000000000000	-0.249014009440696	-0.680366515817698	0.028524405120897
13.000000000000000	-0.209130755515685	-0.699743645460921	0.029001815896647
13.000000000000000	-0.168121915516356	-0.716567712359241	0.029370826185849
13.000000000000000	-0.126152617567572	-0.730770971933209	0.029629950114308
13.000000000000000	-0.083391857219370	-0.742296232669471	0.029778144281420
13.000000000000000	-0.040011816961529	-0.751097086410811	0.029814811961578
13.000000000000000	0.003812827094549	-0.757138095225421	0.029739805506975
13.000000000000000	0.047905608574883	-0.760394934102940	0.029553426942133
13.000000000000000	0.092088981410727	-0.760854488902688	0.029256426747749
13.000000000000000	0.136185034753915	-0.758514909159685	0.028850000838782
13.000000000000000	0.180016209361062	-0.753385615535816	0.028335785748923
13.000000000000000	0.223406012561964	-0.745487261886151	0.027715852040849
13.000000000000000	0.266179728933294	-0.734851652093163	0.026992695968801
13.000000000000000	0.308165123815938	-0.721521612003716	0.026169229427047
13.000000000000000	0.349193136843191	-0.705550816984497	0.025248768224714
13.000000000000000	0.389098562687170	-0.687003575790254	0.024235018734193
13.000000000000000	0.427720716282375	-0.665954571615143	0.023132062966885
13.000000000000000	0.464904079847726	-0.642488561369864	0.021944342136384
13.000000000000000	0.500498929101782	-0.616700034395490	0.020676638775275
13.000000000000000	0.534361936149577	-0.588692831988250	0.019334057477566
13.000000000000000	0.566356746613466	-0.558579729267269	0.017922004344287
13.000000000000000	0.596354528684081	-0.526481981068971	0.016446165215031
13.000000000000000	0.624234491880554	-0.492528833696653	0.014912482773082
13.000000000000000	0.649884373431152	-0.456857004491229	0.013327132616331
13.000000000000000	0.673200890315835	-0.419610131318762	0.011696498390319
13.000000000000000	0.694090155150530	-0.380938194191463	0.010027146083553
13.000000000000000	0.712468054238482	-0.340996911351127	0.008325797588584
13.000000000000000	0.728260586266430	-0.299947112246723	0.006599303635321
13.000000000000000	0.741404160281772	-0.257954089930974	0.004854616205559
13.000000000000000	0.751845851750891	-0.215186935483571	0.003098760539801
13.000000000000000	0.759543615667572	-0.171817857141073	0.001338806849094
13.000000000000000	0.764466455853399	-0.128021486875118	-0.000418158154213
13.000000000000000	0.766594549768430	-0.083974177211112	-0.002165059792163
13.000000000000000	0.765919328329566	-0.039853291118848	-0.003894863908417
13.000000000000000	0.762443510415227	0.004163512165572	-0.005600605192323
13.000000000000000	0.756181091917386	0.047898992510778	-0.007275415225761
13.000000000000000	0.747157289385051	0.091177042573585	-0.008912550139840
13.000000000000000	0.735408438486125	0.133823396921109	-0.010505417770078
13.000000000000000	0.720981847696496	0.175666333736156	-0.012047604200721
13.000000000000000	0.703935607805497	0.216537366280377	-0.013532899591317
13.000000000000000	0.684338358004804	0.256271921330892	-0.014955323181555
13.000000000000000	0.662269009502639	0.294710001858578	-0.016309147373671
13.000000000000000	0.637816427776181	0.331696831279628	-0.017588920795469
13.000000000000000	0.611079074741655	0.367083476686236	-0.018789490251066
13.000000000000000	0.582164612282950	0.400727448546845	-0.019906021470999
13.000000000000000	0.551189468735207	0.432493274461204	-0.020934018578117
13.000000000000000	0.518278370069010	0.462253044659905	-0.021869342190896
13.000000000000000	0.483563837662919	0.489886927051883	-0.022708226091262
13.000000000000000	0.447185654686656	0.515283649745953	-0.023447292389829
13.000000000000000	0.409290303243614	0.538340949103440	-0.024083565127461
13.000000000000000	0.370030374539126	0.558965981517763	-0.024614482258412
13.000000000000000	0.329563954449537	0.577075697262865	-0.025037905966780
13.000000000000000	0.288053986966177	0.592597174905152	-0.025352131274735
13.000000000000000	0.245667618077418	0.605467914932367	-0.025555892907866
13.000000000000000	0.202575522730770	0.615636091417069	-0.025648370389994
13.000000000000000	0.158951217585107	0.623060760701348	-0.025629191346936
13.000000000000000	0.114970362320323	0.627712026262486	-0.025498433005931
13.000000000000000	0.070810052317802	0.629571159095705	-0.025256621884667
13.000000000000000	0.026648105559818	0.628630673129255	-0.024904731671183
13.000000000000000	-0.017337653380719	0.624894355368183	-0.024444179303173
13.000000000000000	-0.060970109377056	0.618377250645404	-0.023876819262472
13.000000000000000	-0.104073569928698	0.609105601041464	-0.023204936107719
13.000000000000000	-0.146474472613101	0.597116740216947	-0.022431235275241
13.000000000000000	-0.188002083960290	0.582458943083002	-0.021558832185217
13.000000000000000	-0.228489186936283	0.565191231415306	-0.020591239696982
13.000000000000000	-0.267772754267063	0.545383136194215	-0.019532353963980
13.000000000000000	-0.305694604891882	0.523114417628042	-0.018386438745330
13.000000000000000	-0.342102040902554	0.498474743986845	-0.017158108237175
13.000000000000000	-0.376848462404041	0.471563330539959	-0.015852308492939
13.000000000000000	-0.409793957820490	0.442488540051119	-0.014474297507318
13.000000000000000	-0.440805867269766	0.411367446439858	-0.013029624044192


14.000000000000000	-0.251053945249744	-1.073693174160074	0.021416926660411
14.000000000000000	-0.173931644886140	-1.089172573116213	0.020015774187970
14.000000000000000	-0.095975673764677	-1.099696128457806	0.018522652889131
14.000000000000000	-0.017499933066985	-1.105221465541717	0.016943575036377
14.000000000000000	0.061179583096668	-1.105726335785642	0.015284899018895
14.000000000000000	0.139746060084136	-1.101208706255298	0.013553303739588
14.000000000000000	0.217883138422141	-1.091686767850337	0.011755761721491
14.000000000000000	0.295276187674209	-1.077198862056005	0.009899511031878
14.000000000000000	0.371613573346397	-1.057803326555521	0.007992026137126
14.000000000000000	0.446587911729407	-1.033578260324811	0.006040987805669
14.000000000000000	0.519897307624297	-1.004621209155500	0.004054252180263
14.000000000000000	0.591246569967893	-0.971048772872437	0.002039819144064
14.000000000000000	0.660348400463014	-0.932996135827351	0.000005800107928
14.000000000000000	0.726924550427317	-0.890616522559181	-0.002039614651381
14.000000000000000	0.790706941202533	-0.844080580812939	-0.004088188970544
14.000000000000000	0.851438743612607	-0.793575694401465	-0.006131673963808
14.000000000000000	0.908875412124146	-0.739305228676953	-0.008161841238343
14.000000000000000	0.962785669544968	-0.681487711650454	-0.010170516027066
14.000000000000000	1.012952438295728	-0.620355954056701	-0.012149610105555
14.000000000000000	1.059173714504717	-0.556156111907451	-0.014091154360463
14.000000000000000	1.101263381406150	-0.489146695308104	-0.015987330878332
14.000000000000000	1.139051958766702	-0.419597527528750	-0.017830504425569
14.000000000000000	1.172387285322586	-0.347788658521092	-0.019613253192834
14.000000000000000	1.201135131479256	-0.274009237256130	-0.021328398680053
14.000000000000000	1.225179739806612	-0.198556347423312	-0.022969034601699
14.000000000000000	1.244424291153316	-0.121733811179366	-0.024528554695966
14.000000000000000	1.258791294503337	-0.043850965763712	-0.026000679325859
14.000000000000000	1.268222899004931	0.034778582093427	-0.027379480765070
14.000000000000000	1.272681126915595	0.113838218954639	-0.028659407066843
14.000000000000000	1.272148026525036	0.193009599565889	-0.029835304419702
14.000000000000000	1.266625744440374	0.271973928720502	-0.030902437900033
14.000000000000000	1.256136516942507	0.350413244934941	-0.031856510537950
14.000000000000000	1.240722580448463	0.428011700767477	-0.032693680619672
14.000000000000000	1.220446001440250	0.504456834624364	-0.033410577156755
14.000000000000000	1.195388426545041	0.579440828932394	-0.034004313459869
14.000000000000000	1.165650753773025	0.652661749611623	-0.034472498762476
14.000000000000000	1.131352726236730	0.723824761857342	-0.034813247847605
14.000000000000000	1.092632449987766	0.792643317335781	-0.035025188638957
14.000000000000000	1.049645837912511	0.858840308013107	-0.035107467725767
14.000000000000000	1.002565981925933	0.922149181971679	-0.035059753799192
14.000000000000000	0.951582455991549	0.982315016720537	-0.034882238986376
14.000000000000000	0.896900552773978	1.039095545678306	-0.034575638076816
14.000000000000000	0.838740456997842	1.092262133695205	-0.034141185644162
14.000000000000000	0.777336358841586	1.141600697686106	-0.033580631075023
14.000000000000000	0.712935510936294	1.186912568667557	-0.032896231524805
14.000000000000000	0.645797232766599	1.228015291727659	-0.032090742828943
14.000000000000000	0.576191866482657	1.264743360707598	-0.031167408406121
14.000000000000000	0.504399688327711	1.296948884636534	-0.030129946198176
14.000000000000000	0.430709780064589	1.324502183236346	-0.028982533699253
14.000000000000000	0.355418864945475	1.347292309098336	-0.027729791134513
14.000000000000000	0.278830112912091	1.365227494429292	-0.026376762856118
14.000000000000000	0.201251919837355	1.378235520567998	-0.024928897031400
14.000000000000000	0.122996665724039	1.386264008784294	-0.023392023705021
14.000000000000000	0.044379456860752	1.389280631189739	-0.021772331323437
14.000000000000000	-0.034283142999868	1.387273240910603	-0.020076341816207
14.000000000000000	-0.112674387331655	1.380249920999046	-0.018310884334489
14.000000000000000	-0.190478622261387	1.368238951885514	-0.016483067752453
14.000000000000000	-0.267382557595522	1.351288697503430	-0.014600252042360
14.000000000000000	-0.343076528329234	1.329467410544705	-0.012670018638547
14.000000000000000	-0.417255741558093	1.302862957630234	-0.010700139909665
14.000000000000000	-0.489621503771519	1.271582465502027	-0.008698547862100
14.000000000000000	-0.559882423586123	1.235751889661631	-0.006673302200578
14.000000000000000	-0.627755585075964	1.195515507191775	-0.004632557874581
14.000000000000000	-0.692967686975133	1.151035335803487	-0.002584532241241
14.000000000000000	-0.755256143165487	1.102490481447946	-0.000537471976945
14.000000000000000	-0.814370140018269	1.050076417120039	0.001500380129119
14.000000000000000	-0.870071646332072	0.994004195757597	0.003520818365768
14.000000000000000	-0.922136371800467	0.934499600405705	0.005515707141323
14.000000000000000	-0.970354670149915	0.871802235068070	0.007477013742768
14.000000000000000	-1.014532383311310	0.806164559906262	0.009396840680652
14.000000000000000	-1.054491623226001	0.737850874671747	0.011267457489485
14.000000000000000	-1.090071488138214	0.667136254464078	0.013081331855602
14.000000000000000	-1.121128710489641	0.594305442100545	0.014831159947125
14.000000000000000	-1.147538233807325	0.519651701557354	0.016509895823921
14.000000000000000	-1.169193716261942	0.443475637099101	0.018110779809114
14.000000000000000	-1.186007958868816	0.366083982851492	0.019627365707916
14.000000000000000	-1.197913256607450	0.287788367691280	0.021053546764184
14.000000000000000	-1.204861671045753	0.208904060426766	0.022383580250165
14.000000000000000	-1.206825223371180	0.129748700321578	0.023612110590438
14.000000000000000	-1.203796007051541	0.050641018073470	0.024734190926925
14.000000000000000	-1.195786219671811	-0.028100447601709	0.025745303038143
14.000000000000000	-1.182828113818764	-0.106158632612996	0.026641375532485
14.000000000000000	-1.164973867211188	-0.183219224199497	0.027418800242279
14.000000000000000	-1.142295372598626	-0.258971926556952	0.028074446752607
14.000000000000000	-1.114883948274651	-0.333111710289410	0.028605675006378
14.000000000000000	-1.082849970370322	-0.405340040654957	0.029010345934907
14.000000000000000	-1.046322428408468	-0.475366079659749	0.029286830071192
14.000000000000000	-1.005448405908401	-0.542907857159966	0.029434014111199
14.000000000000000	-0.960392488132498	-0.607693406256067	0.029451305396746
14.000000000000000	-0.911336099359435	-0.669461858407498	0.029338634301930
14.000000000000000	-0.858476772352657	-0.727964493858232	0.029096454513483
14.000000000000000	-0.802027352965649	-0.782965743143453	0.028725741203936
14.000000000000000	-0.742215143086811	-0.834244135644636	0.028227987104948
14.000000000000000	-0.679280985374978	-0.881593191373568	0.027605196496594
14.000000000000000	-0.613478293471039	-0.924822252394383	0.026859877136845
14.000000000000000	-0.545072031590639	-0.963757250535778	0.025995030163707
14.000000000000000	-0.474337647606807	-0.998241408302103	0.025014138010697
14.000000000000000	-0.401559963918587	-1.028135870161000	0.023921150384318
14.000000000000000	-0.327032030571760	-1.053320261665629	0.022720468359976
14.000000000000000	-0.251053945249745	-1.073693174160074	0.021416926660411


15.000000000000000	nan	nan	nan
15.000000000000000	nan	nan	nan
15.000000000000000	nan	nan	nan
15.000000000000000	nan	nan	nan
15.000000000000000	nan	nan	nan
15.000000000000000	nan	nan	nan
15.000000000000000	nan	nan	nan
15.000000000000000	nan	nan	nan
15.000000000000000	nan	nan	nan
15.000000000000000	nan	nan	nan
15.000000000000000	nan	nan	nan
15.000000000000000	nan	nan	nan
15.000000000000000	nan	nan	nan
15.000000000000000	nan	nan	nan
15.000000000000000	nan	nan	nan
15.000000000000000	nan	nan	nan
15.000000000000000	nan	nan	nan
15.000000000000000	nan	nan	nan
15.000000000000000	nan	nan	nan
15.000000000000000	nan	nan	nan
15.000000000000000	nan	nan	nan
15.000000000000000	nan	nan	nan
15.000000000000000	nan	nan	nan
15.000000000000000	nan	nan	nan
15.000000000000000	nan	nan	nan
15.000000000000000	nan	nan	nan
15.000000000000000	nan	nan	nan
15.000000000000000	nan	nan	nan
15.000000000000000	nan	nan	nan
15.000000000000000	nan	nan	nan
15.000000000000000	nan	nan	nan
15.000000000000000	nan	nan	nan
15.000000000000000	nan	nan	nan
15.000000000000000	nan	nan	nan
15.000000000000000	nan	nan	nan
15.000000000000000	nan	nan	nan
15.000000000000000	nan	nan	nan
15.000000000000000	nan	nan	nan
15.000000000000000	nan	nan	nan
15.000000000000000	nan	nan	nan
15.000000000000000	nan	nan	nan
15.000000000000000	nan	nan	nan
15.000000000000000	nan	nan	nan
15.000000000000000	nan	nan	nan
15.000000000000000	nan	nan	nan
15.000000000000000	nan	nan	nan
15.000000000000000	nan	nan	nan
15.000000000000000	nan	nan	nan
15.000000000000000	nan	nan	nan
15.000000000000000	nan	nan	nan
15.000000000000000	nan	nan	nan
15.000000000000000	nan	nan	nan
15.000000000000000	nan	nan	nan
15.000000000000000	nan	nan	nan
15.000000000000000	nan	nan	nan
15.000000000000000	nan	nan	nan
15.000000000000000	nan	nan	nan
15.000000000000000	nan	nan	nan
15.000000000000000	nan	nan	nan
15.000000000000000	nan	nan	nan
15.000000000000000	nan	nan	nan
15.000000000000000	nan	nan	nan
15.000000000000000	nan	nan	nan
15.000000000000000	nan	nan	nan
15.000000000000000	nan	nan	nan
15.000000000000000	nan	nan	nan
15.000000000000000	nan	nan	nan
15.000000000000000	nan	nan	nan
15.000000000000000	nan	nan	nan
15.000000000000000	nan	nan	nan
15.000000000000000	nan	nan	nan
15.000000000000000	nan	nan	nan
15.000000000000000	nan	nan	nan
15.000000000000000	nan	nan	nan
15.000000000000000	nan	nan	nan
15.000000000000000	nan	nan	nan
15.000000000000000	nan	nan	nan
15.000000000000000	nan	nan	nan
15.000000000000000	nan	nan	nan
15.000000000000000	nan	nan	nan
15.000000000000000	nan	nan	nan
15.000000000000000	nan	nan	nan
15.000000000000000	nan	nan	nan
15.000000000000000	nan	nan	nan
15.000000000000000	nan	nan	nan
15.000000000000000	nan	nan	nan
15.000000000000000	nan	nan	nan
15.000000000000000	nan	nan	nan
15.000000000000000	nan	nan	nan
15.000000000000000	nan	nan	nan
15.000000000000000	nan	nan	nan
15.000000000000000	nan	nan	nan
15.000000000000000	nan	nan	nan
15.000000000000000	nan	nan	nan
15.000000000000000	nan	nan	nan
15.000000000000000	nan	nan	nan
15.000000000000000	nan	nan	nan
15.000000000000000	nan	nan	nan
15.000000000000000	nan	nan	nan
15.000000000000000	nan	nan	nan


16.000000000000000	-0.372870721803374	-0.820815435612797	-0.010485177739847
16.000000000000000	-0.319346959116380	-0.843116278153153	-0.009879639853249
16.000000000000000	-0.264516816937706	-0.861977101159668	-0.009233744187199
16.000000000000000	-0.208601076897948	-0.877321958754904	-0.008550091535578
16.000000000000000	-0.151824891947135	-0.889089062613198	-0.007831434726324
16.000000000000000	-0.094416879743264	-0.897231030760439	-0.007080667536763
16.000000000000000	-0.036608202089678	-0.901715078364553	-0.006300813041387
16.000000000000000	0.021368365871923	-0.902523149748456	-0.005495011439005
16.000000000000000	0.079279372964827	-0.899651991093890	-0.004666507408267
16.000000000000000	0.136891632002800	-0.893113163543398	-0.003818637042491
16.000000000000000	0.193973158752583	-0.882932996647687	-0.002954814416387
16.000000000000000	0.250294106052525	-0.869152482345820	-0.002078517838790
16.000000000000000	0.305627689325976	-0.851827109905145	-0.001193275846736
16.000000000000000	0.359751099762737	-0.831026642485597	-0.000302652997286
16.000000000000000	0.412446401491500	-0.806834836228079	0.000589764485686
16.000000000000000	0.463501409130681	-0.779349102998045	0.001480383151949
16.000000000000000	0.512710542184065	-0.748680118142291	0.002365616794473
16.000000000000000	0.559875652840901	-0.714951374838406	0.003241900889815
16.000000000000000	0.604806823847208	-0.678298686831325	0.004105706951204
16.000000000000000	0.647323133235519	-0.638869641559314	0.004953556736505
16.000000000000000	0.687253382833794	-0.596823005871447	0.005782036253876
16.000000000000000	0.724436787620034	-0.552328086729542	0.006587809508707
16.000000000000000	0.758723623146816	-0.505564049468779	0.007367631936494
16.000000000000000	0.789975828428798	-0.456719196362131	0.008118363467554
16.000000000000000	0.818067561865581	-0.405990208393572	0.008836981170976
16.000000000000000	0.842885707961416	-0.353581353293171	0.009520591426902
16.000000000000000	0.864330332801387	-0.299703663023039	0.010166441578105
16.000000000000000	0.882315086450009	-0.244574084026099	0.010771931013977
16.000000000000000	0.896767550651946	-0.188414603659330	0.011334621642262
16.000000000000000	0.907629530434765	-0.131451356329029	0.011852247706400
16.000000000000000	0.914857288439546	-0.073913712927374	0.012322724908921
16.000000000000000	0.918421721035799	-0.016033357236790	0.012744158804184
16.000000000000000	0.918308475511501	0.041956646978868	0.013114852426635
16.000000000000000	0.914518007866410	0.099822794439835	0.013433313123890
16.000000000000000	0.907065580975911	0.157332078593780	0.013698258567121
16.000000000000000	0.895981203132804	0.214252929850960	0.013908621914538
16.000000000000000	0.881309507214501	0.270356148033222	0.014063556107187
16.000000000000000	0.863109570962181	0.325415825282227	0.014162437279758
16.000000000000000	0.841454679095579	0.379210255710663	0.014204867272669
16.000000000000000	0.816432028221282	0.431522828133604	0.014190675235313
16.000000000000000	0.788142375722773	0.482142898285300	0.014119918314015
16.000000000000000	0.756699634046005	0.530866637009287	0.013992881421926
16.000000000000000	0.722230412014193	0.577497851006464	0.013810076091771
16.000000000000000	0.684873505018760	0.621848772836262	0.013572238416096
16.000000000000000	0.644779336139290	0.663740816989852	0.013280326083278
16.000000000000000	0.602109350442874	0.703005298990964	0.012935514521251
16.000000000000000	0.557035364901804	0.739484114628735	0.012539192164478
16.000000000000000	0.509738876547274	0.773030376587561	0.012092954863209
16.000000000000000	0.460410331644885	0.803509005910478	0.011598599457560
16.000000000000000	0.409248358834757	0.830797275914446	0.011058116542269
16.000000000000000	0.356458969324097	0.854785306367383	0.010473682451278
16.000000000000000	0.302254727352779	0.875376505937081	0.009847650494397
16.000000000000000	0.246853894272170	0.892487961130408	0.009182541481362
16.000000000000000	0.190479549683710	0.906050770156683	0.008481033571424
16.000000000000000	0.133358693176080	0.916010320370866	0.007745951489343
16.000000000000000	0.075721330277987	0.922326508179405	0.006980255151221
16.000000000000000	0.017799546307073	0.924973900523254	0.006187027745963
16.000000000000000	-0.040173428155742	0.923941837287825	0.005369463320366
16.000000000000000	-0.097964156403498	0.919234474227508	0.004530853917818
16.000000000000000	-0.155339935570418	0.910870766231911	0.003674576322400
16.000000000000000	-0.212069733644222	0.898884391001215	0.002804078461771
16.000000000000000	-0.267925119750493	0.883323613437956	0.001922865523581
16.000000000000000	-0.322681183963194	0.864251091301303	0.001034485841310
16.000000000000000	-0.376117442937550	0.841743622906371	0.000142516606394
16.000000000000000	-0.428018727718668	0.815891837884518	-0.000749450535876
16.000000000000000	-0.478176050150968	0.786799832249798	-0.001637823948630
16.000000000000000	-0.526387444399730	0.754584749241062	-0.002519026465682
16.000000000000000	-0.572458780196225	0.719376307627472	-0.003389509795510
16.000000000000000	-0.616204544531792	0.681316279376807	-0.004245768808977
16.000000000000000	-0.657448588653246	0.640557918789782	-0.005084355653247
16.000000000000000	-0.696024837351740	0.597265345399071	-0.005901893635073
16.000000000000000	-0.731777957689009	0.551612883117875	-0.006695090817545
16.000000000000000	-0.764563984468298	0.503784358299048	-0.007460753275565
16.000000000000000	-0.794250899931390	0.453972359531257	-0.008195797956649
16.000000000000000	-0.820719165347527	0.402377462152702	-0.008897265095297
16.000000000000000	-0.843862202353687	0.349207420605033	-0.009562330130919
16.000000000000000	-0.863586822108037	0.294676331879525	-0.010188315081348
16.000000000000000	-0.879813600528509	0.239003773424068	-0.010772699326126
16.000000000000000	-0.892477198105543	0.182413918982280	-0.011313129756154
16.000000000000000	-0.901526623001235	0.125134635924961	-0.011807430248831
16.000000000000000	-0.906925436375467	0.067396567708618	-0.012253610430534
16.000000000000000	-0.908651899112260	0.009432205155665	-0.012649873691148
16.000000000000000	-0.906699059355515	-0.048525049704056	-0.012994624418381
16.000000000000000	-0.901074780501692	-0.106241823460877	-0.013286474422731
16.000000000000000	-0.891801709536680	-0.163485711037656	-0.013524248527239
16.000000000000000	-0.878917185844383	-0.220026211502996	-0.013706989299506
16.000000000000000	-0.862473090854197	-0.275635656217137	-0.013833960906939
16.000000000000000	-0.842535639132808	-0.330090125573224	-0.013904652079689
16.000000000000000	-0.819185111761497	-0.383170350642526	-0.013918778169354
16.000000000000000	-0.792515533072565	-0.434662596093024	-0.013876282295156
16.000000000000000	-0.762634292046532	-0.484359520826154	-0.013777335572981
16.000000000000000	-0.729661709894612	-0.532061012866237	-0.013622336426358
16.000000000000000	-0.693730555567662	-0.577574995140772	-0.013411908982144
16.000000000000000	-0.654985511142481	-0.620718198907016	-0.013146900557387
16.000000000000000	-0.613582589238147	-0.661316901710527	-0.012828378247482
16.000000000000000	-0.569688504808264	-0.699207626904174	-0.012457624629349
16.000000000000000	-0.523480003838690	-0.734237801910898	-0.012036132596953
16.000000000000000	-0.475143151653825	-0.766266372579628	-0.011565599349947
16.000000000000000	-0.424872583697227	-0.795164371160567	-0.011047919559644
16.000000000000000	-0.372870721803375	-0.820815435612797	-0.010485177739847


17.000000000000000	-0.447703239389570	1.342727077599284	-0.014493153187868
17.000000000000000	-0.534445537065255	1.310701585226468	-0.015330684102531
17.000000000000000	-0.618981857646067	1.273236545647623	-0.016104737166457
17.000000000000000	-0.700971803205594	1.230482817354082	-0.016812195541154
17.000000000000000	-0.780085229170908	1.182612554520019	-0.017450210541441
17.000000000000000	-0.856003573698237	1.129818513798359	-0.018016213106095
17.000000000000000	-0.928421140409077	1.072313278157757	-0.018507924142555
17.000000000000000	-0.997046329321611	1.010328400886025	-0.018923363704024
17.000000000000000	-1.061602811020922	0.944113473206760	-0.019260858962014
17.000000000000000	-1.121830639340015	0.873935119263579	-0.019519050942238
17.000000000000000	-1.177487298071286	0.800075922518800	-0.019696899996720
17.000000000000000	-1.228348677493694	0.722833287889571	-0.019793689990087
17.000000000000000	-1.274209976783513	0.642518244203236	-0.019809031183197
17.000000000000000	-1.314886528674961	0.559454191794026	-0.019742861802482
17.000000000000000	-1.350214543050108	0.473975600284055	-0.019595448288682
17.000000000000000	-1.380051766463868	0.386426661792195	-0.019367384223989
17.000000000000000	-1.404278054948416	0.297159904993901	-0.019059587941897
17.000000000000000	-1.422795857790541	0.206534775612655	-0.018673298829401
17.000000000000000	-1.435530610333942	0.114916189058900	-0.018210072336418
17.000000000000000	-1.442431034224778	0.022673061044479	-0.017671773712541
17.000000000000000	-1.443469343891501	-0.069823177910731	-0.017060570496341
17.000000000000000	-1.438641358427550	-0.162200078098429	-0.016378923787448
17.000000000000000	-1.427966518426381	-0.254085670345411	-0.015629578336576
17.000000000000000	-1.411487807701058	-0.345109963802144	-0.014815551493380
17.000000000000000	-1.389271580203616	-0.434906435765337	-0.013940121056650
17.000000000000000	-1.361407292841108	-0.523113507535497	-0.013006812075778
17.000000000000000	-1.328007145264215	-0.609376000366744	-0.012019382656625
17.000000000000000	-1.289205628078855	-0.693346565646255	-0.010981808828954
17.000000000000000	-1.245158981299981	-0.774687083544537	-0.009898268536364
17.000000000000000	-1.196044565228181	-0.853070024504643	-0.008773124813184
17.000000000000000	-1.142060146282350	-0.928179768088097	-0.007610908216076
17.000000000000000	-1.083423100664118	-0.999713873867005	-0.006416298581078
17.000000000000000	-1.020369539060610	-1.067384299244911	-0.005194106179561
17.000000000000000	-0.953153355910041	-1.130918559302675	-0.003949252348960
17.000000000000000	-0.882045207058427	-1.190060823999064	-0.002686749676289
17.000000000000000	-0.807331419924013	-1.244572948308039	-0.001411681814217
17.000000000000000	-0.729312840557825	-1.294235431144724	-0.000129183010997
17.000000000000000	-0.648303622242800	-1.338848299218799	0.001155582563339
17.000000000000000	-0.564629960509392	-1.378231912256363	0.002437441611274
17.000000000000000	-0.478628779661305	-1.412227686347914	0.003711232538847
17.000000000000000	-0.390646376100233	-1.440698732509784	0.004971826239567
17.000000000000000	-0.301037023912476	-1.463530407887756	0.006214146747522
17.000000000000000	-0.210161548332231	-1.480630777383380	0.007433191676494
17.000000000000000	-0.118385872825726	-1.491930983844167	0.008624052362810
17.000000000000000	-0.026079545646575	-1.497385525327037	0.009781933630792
17.000000000000000	0.066385748204616	-1.496972438318584	0.010902173101242
17.000000000000000	0.158637683624557	-1.490693386174396	0.011980259965192
17.000000000000000	0.250304794629059	-1.478573652421303	0.013011853147346
17.000000000000000	0.341017970115441	-1.460662038949546	0.013992798786055
17.000000000000000	0.430411940142669	-1.437030669504783	0.014919146959449
17.000000000000000	0.518126746744490	-1.407774699271224	0.015787167590383
17.000000000000000	0.603809193353111	-1.373011931715286	0.016593365466138
17.000000000000000	0.687114266997126	-1.332882344232615	0.017334494312413
17.000000000000000	0.767706527546976	-1.287547524508516	0.018007569864918
17.000000000000000	0.845261458413964	-1.237190019861376	0.018609881885964
17.000000000000000	0.919466773264018	-1.182012602189042	0.019139005077622
17.000000000000000	0.990023673484540	-1.122237451477953	0.019592808847550
17.000000000000000	1.056648051340960	-1.058105261162757	0.019969465888136
17.000000000000000	1.119071633978310	-0.989874268938796	0.020267459534414
17.000000000000000	1.177043063661324	-0.917819216930053	0.020485589871146
17.000000000000000	1.230328909903322	-0.842230245399585	0.020622978564455
17.000000000000000	1.278714609408396	-0.763411724457088	0.020679072398562
17.000000000000000	1.322005330042070	-0.681681028467892	0.020653645503395
17.000000000000000	1.360026755351542	-0.597367258098407	0.020546800264088
17.000000000000000	1.392625786476516	-0.510809915143889	0.020358966908708
17.000000000000000	1.419671158624277	-0.422357535474543	0.020090901775883
17.000000000000000	1.441053969626682	-0.332366285604579	0.019743684269291
17.000000000000000	1.456688118450753	-0.241198528535374	0.019318712511282
17.000000000000000	1.466510651897151	-0.149221364647554	0.018817697713136
17.000000000000000	1.470482018090490	-0.056805153517328	0.018242657284614
17.000000000000000	1.468586225740778	0.035677977390810	0.017595906710564
17.000000000000000	1.460830908534699	0.127855631150035	0.016880050227283
17.000000000000000	1.447247294397452	0.219356640882188	0.016097970336171
17.000000000000000	1.427890079748915	0.309812564315789	0.015252816196919
17.000000000000000	1.402837209260469	0.398859167373027	0.014347990946954
17.000000000000000	1.372189561999317	0.486137890811831	0.013387137998206
17.000000000000000	1.336070545224083	0.571297294017397	0.012374126366372
17.000000000000000	1.294625597467340	0.653994470129496	0.011313035091757
17.000000000000000	1.248021602905967	0.733896426807379	0.010208136814419
17.000000000000000	1.196446219377474	0.810681427072399	0.009063880569752
17.000000000000000	1.140107122748120	0.884040284829279	0.007884873873798
17.000000000000000	1.079231170675498	0.953677609849382	0.006675864170397
17.000000000000000	1.014063489132817	1.019312997202913	0.005441719714912
17.000000000000000	0.944866485373122	1.080682156350599	0.004187409971481
17.000000000000000	0.871918791307902	1.137537975348416	0.002917985602742
17.000000000000000	0.795514141554722	1.189651515880166	0.001638558132591
17.000000000000000	0.715960190671596	1.236812935111278	0.000354279363885
17.000000000000000	0.633577274340657	1.278832330651836	-0.000929679366053
17.000000000000000	0.548697119489434	1.315540505226482	-0.002208148008583
17.000000000000000	0.461661508543589	1.346789647972128	-0.003475978621708
17.000000000000000	0.372820903189726	1.372453929620124	-0.004728066099023
17.000000000000000	0.282533033189868	1.392430009166323	-0.005959368726173
17.000000000000000	0.191161455929962	1.406637449988827	-0.007164928482059
17.000000000000000	0.099074092502603	1.415019043737869	-0.008339891003038
17.000000000000000	0.006641746218656	1.417541040693655	-0.009479525129735
17.000000000000000	-0.085763390486818	1.414193285664565	-0.010579241957748
17.000000000000000	-0.177769234742122	1.404989258878534	-0.011634613315550
17.000000000000000	-0.269005311485328	1.389966021702924	-0.012641389595167
17.000000000000000	-0.359104245236596	1.369184067411484	-0.013595516863859
17.000000000000000	-0.447703239389569	1.342727077599284	-0.014493153187868


18.000000000000000	nan	nan	nan
18.000000000000000	nan	nan	nan
18.000000000000000	nan	nan	nan
18.000000000000000	nan	nan	nan
18.000000000000000	nan	nan	nan
18.000000000000000	nan	nan	nan
18.000000000000000	nan	nan	nan
18.000000000000000	nan	nan	nan
18.000000000000000	nan	nan	nan
18.000000000000000	nan	nan	nan
18.000000000000000	nan	nan	nan
18.000000000000000	nan	nan	nan
18.000000000000000	nan	nan	nan
18.000000000000000	nan	nan	nan
18.000000000000000	nan	nan	nan
18.000000000000000	nan	nan	nan
18.000000000000000	nan	nan	nan
18.000000000000000	nan	nan	nan
18.000000000000000	nan	nan	nan
18.000000000000000	nan	nan	nan
18.000000000000000	nan	nan	nan
18.000000000000000	nan	nan	nan
18.000000000000000	nan	nan	nan
18.000000000000000	nan	nan	nan
18.000000000000000	nan	nan	nan
18.000000000000000	nan	nan	nan
18.000000000000000	nan	nan	nan
18.000000000000000	nan	nan	nan
18.000000000000000	nan	nan	nan
18.000000000000000	nan	nan	nan
18.000000000000000	nan	nan	nan
18.000000000000000	nan	nan	nan
18.000000000000000	nan	nan	nan
18.000000000000000	nan	nan	nan
18.000000000000000	nan	nan	nan
18.000000000000000	nan	nan	nan
18.000000000000000	nan	nan	nan
18.000000000000000	nan	nan	nan
18.000000000000000	nan	nan	nan
18.000000000000000	nan	nan	nan
18.000000000000000	nan	nan	nan
18.000000000000000	nan	nan	nan
18.000000000000000	nan	nan	nan
18.000000000000000	nan	nan	nan
18.000000000000000	nan	nan	nan
18.000000000000000	nan	nan	nan
18.000000000000000	nan	nan	nan
18.000000000000000	nan	nan	nan
18.000000000000000	nan	nan	nan
18.000000000000000	nan	nan	nan
18.000000000000000	nan	nan	nan
18.000000000000000	nan	nan	nan
18.000000000000000	nan	nan	nan
18.000000000000000	nan	nan	nan
18.000000000000000	nan	nan	nan
18.000000000000000	nan	nan	nan
18.000000000000000	nan	nan	nan
18.000000000000000	nan	nan	nan
18.000000000000000	nan	nan	nan
18.000000000000000	nan	nan	nan
18.000000000000000	nan	nan	nan
18.000000000000000	nan	nan	nan
18.000000000000000	nan	nan	nan
18.000000000000000	nan	nan	nan
18.000000000000000	nan	nan	nan
18.000000000000000	nan	nan	nan
18.000000000000000	nan	nan	nan
18.000000000000000	nan	nan	nan
18.000000000000000	nan	nan	nan
18.000000000000000	nan	nan	nan
18.000000000000000	nan	nan	nan
18.000000000000000	nan	nan	nan
18.000000000000000	nan	nan	nan
18.000000000000000	nan	nan	nan
18.000000000000000	nan	nan	nan
18.000000000000000	nan	nan	nan
18.000000000000000	nan	nan	nan
18.000000000000000	nan	nan	nan
18.000000000000000	nan	nan	nan
18.000000000000000	nan	nan	nan
18.000000000000000	nan	nan	nan
18.000000000000000	nan	nan	nan
18.000000000000000	nan	nan	nan
18.000000000000000	nan	nan	nan
18.000000000000000	nan	nan	nan
18.000000000000000	nan	nan	nan
18.000000000000000	nan	nan	nan
18.000000000000000	nan	nan	nan
18.000000000000000	nan	nan	nan
18.000000000000000	nan	nan	nan
18.000000000000000	nan	nan	nan
18.000000000000000	nan	nan	nan
18.000000000000000	nan	nan	nan
18.000000000000000	nan	nan	nan
18.000000000000000	nan	nan	nan
18.000000000000000	nan	nan	nan
18.000000000000000	nan	nan	nan
18.000000000000000	nan	nan	nan
18.000000000000000	nan	nan	nan
18.000000000000000	nan	nan	nan


