# n	x	y	z
1.000000000000000	-0.317101100764779	0.213912299522214	-0.003779700528525
1.000000000000000	-0.333461154650106	0.187921764009748	0.000250163568534
1.000000000000000	-0.348077417292628	0.160903983408612	0.004283800807843
1.000000000000000	-0.360891034161401	0.132967748785531	0.008304969155887
1.000000000000000	-0.371850409343782	0.104225549497411	0.012297476786973
1.000000000000000	-0.380911413303955	0.074793120236407	0.016245247282003
1.000000000000000	-0.388037560576995	0.044788975007158	0.020132384362534
1.000000000000000	-0.393200156682965	0.014333929912729	0.023943235899483
1.000000000000000	-0.396378413669452	-0.016449383329206	0.027662456938728
1.000000000000000	-0.397559533817317	-0.047437011180998	0.031275071489819
1.000000000000000	-0.396738761172593	-0.078504177402179	0.034766532829009
1.000000000000000	-0.393919400697035	-0.109525785479339	0.038122782073774
1.000000000000000	-0.389112804960201	-0.140376922345635	0.041330304792973
1.000000000000000	-0.382338328426666	-0.170933361361622	0.044376185424691
1.000000000000000	-0.373623249522422	-0.201072062532088	0.047248159282649
1.000000000000000	-0.363002660794282	-0.230671667944686	0.049934661941766
1.000000000000000	-0.350519327604584	-0.259612990435416	0.052424875804018
1.000000000000000	-0.336223515930169	-0.287779493513268	0.054708773657086
1.000000000000000	-0.320172789959032	-0.315057760611537	0.056777159050406
1.000000000000000	-0.302431780299655	-0.341337951776315	0.058621703326020
1.000000000000000	-0.283071923736357	-0.366514245953210	0.060234979155153
1.000000000000000	-0.262171175578579	-0.390485267091388	0.061610490445434
1.000000000000000	-0.239813695762361	-0.413154492349148	0.062742698498378
1.000000000000000	-0.216089509967993	-0.434430640757339	0.063627044311760
1.000000000000000	-0.191094147118362	-0.454228040775605	0.064259966937113
1.000000000000000	-0.164928254717709	-0.472466975261442	0.064638917818413
1.000000000000000	-0.137697193579641	-0.489074002462993	0.064762371054208
1.000000000000000	-0.109510613576328	-0.503982251743064	0.064629829541889
1.000000000000000	-0.080482012117165	-0.517131692843579	0.064241826979348
1.000000000000000	-0.050728277134765	-0.528469377606239	0.063599925715960
1.000000000000000	-0.020369216418506	-0.537949653176070	0.062706710461559
1.000000000000000	0.010472924809148	-0.545534345829355	0.061565777878718
1.000000000000000	0.041673956131015	-0.551192914685752	0.060181722100263
1.000000000000000	0.073108242006173	-0.554902574685631	0.058560116230322
1.000000000000000	0.104649207659936	-0.556648388337474	0.056707489903396
1.000000000000000	0.136169848755805	-0.556423325865879	0.054631302991831
1.000000000000000	0.167543242797099	-0.554228293517986	0.052339915567542
1.000000000000000	0.198643060199060	-0.550072129914335	0.049842554238957
1.000000000000000	0.229344072973496	-0.543971570458868	0.047149274998717
1.000000000000000	0.259522658977695	-0.535951179951356	0.044270922731747
1.000000000000000	0.289057299697162	-0.526043253673627	0.041219087546729
1.000000000000000	0.317829069557788	-0.514287687347860	0.038006058106827
1.000000000000000	0.345722114797161	-0.500731816490595	0.034644772147577
1.000000000000000	0.372624119966778	-0.485430225809314	0.031148764381192
1.000000000000000	0.398426760186716	-0.468444529409090	0.027532111997053
1.000000000000000	0.423026137331691	-0.449843122694330	0.023809377977836
1.000000000000000	0.446323198392136	-0.429700906964624	0.019995552459521
1.000000000000000	0.468224134325715	-0.408098987813647	0.016105992371403
1.000000000000000	0.488640757793220	-0.385124348545557	0.012156359599163
1.000000000000000	0.507490858257869	-0.360869499923930	0.008162557919974
1.000000000000000	0.524698533018117	-0.335432107663568	0.004140668963612
1.000000000000000	0.540194492841044	-0.308914599165134	0.000106887457404
1.000000000000000	0.553916340965646	-0.281423751076162	-0.003922543984223
1.000000000000000	0.565808824352567	-0.253070259339184	-0.007931400263016
1.000000000000000	0.575824056168586	-0.223968293458235	-0.011903539129642
1.000000000000000	0.583921708609992	-0.194235036778560	-0.015822966182826
1.000000000000000	0.590069175288421	-0.163990214630642	-0.019673899273162
1.000000000000000	0.594241702525268	-0.133355612238547	-0.023440832052259
1.000000000000000	0.596422489026018	-0.102454584333818	-0.027108596411330
1.000000000000000	0.596602753533128	-0.071411558449501	-0.030662423557816
1.000000000000000	0.594781770185050	-0.040351533894389	-0.034088003484099
1.000000000000000	0.590966871439023	-0.009399578424925	-0.037371542588854
1.000000000000000	0.585173418545852	0.021319675358517	-0.040499819219009
1.000000000000000	0.577424739695575	0.051682531863119	-0.043460236908682
1.000000000000000	0.567752036083074	0.081566730582118	-0.046240875100697
1.000000000000000	0.556194256271876	0.110851938394715	-0.048830537146463
1.000000000000000	0.542797939362034	0.139420234105081	-0.051218795390927
1.000000000000000	0.527617027593598	0.167156583269391	-0.053396033161061
1.000000000000000	0.510712649140251	0.193949301398932	-0.055353483488805
1.000000000000000	0.492152871967730	0.219690503674120	-0.057083264412559
1.000000000000000	0.472012429748150	0.244276539358589	-0.058578410715061
1.000000000000000	0.450372420933887	0.267608409164126	-0.059832901969851
1.000000000000000	0.427319982202728	0.289592163885862	-0.060841686783411
1.000000000000000	0.402947937589231	0.310139282702563	-0.061600703135343
1.000000000000000	0.377354424715091	0.329167029618730	-0.062106894734686
1.000000000000000	0.350642499623583	0.346598786613257	-0.062358223326527
1.000000000000000	0.322919721809243	0.362364362153158	-0.062353676899332
1.000000000000000	0.294297721113747	0.376400273830094	-0.062093273759958
1.000000000000000	0.264891748231938	0.388650003981630	-0.061578062459940
1.000000000000000	0.234820210637957	0.399064227267911	-0.060810117573343
1.000000000000000	0.204204195800135	0.407601009287400	-0.059792531343183
1.000000000000000	0.173166983604489	0.414225975431908	-0.058529401230059
1.000000000000000	0.141833549950142	0.418912449301011	-0.057025813413122
1.000000000000000	0.110330063515480	0.421641560118500	-0.055287822309830
1.000000000000000	0.078783377721416	0.422402318718336	-0.053322426196941
1.000000000000000	0.047320519937436	0.421191661794142	-0.051137539030928
1.000000000000000	0.016068179987217	0.418014464234059	-0.048741958581267
1.000000000000000	-0.014847799986580	0.412883519491288	-0.046145331004924
1.000000000000000	-0.045302932244203	0.405819488069373	-0.043358112004683
1.000000000000000	-0.075174584717001	0.396850814329646	-0.040391524727728
1.000000000000000	-0.104342474803478	0.386013611955817	-0.037257514573986
1.000000000000000	-0.132689153704882	0.373351518536925	-0.033968701096214
1.000000000000000	-0.160100479350059	0.358915519854159	-0.030538327185523
1.000000000000000	-0.186466076005295	0.342763744579119	-0.026980205746921
1.000000000000000	-0.211679778718431	0.324961230210169	-0.023308664079625
1.000000000000000	-0.235640060807660	0.305579661189387	-0.019538486186082
1.000000000000000	-0.258250442673641	0.284697080254616	-0.015684853242007
1.000000000000000	-0.279419880288794	0.262397574188902	-0.011763282467152
1.000000000000000	-0.299063131799464	0.238770935232701	-0.007789564642931
1.000000000000000	-0.317101100764779	0.213912299522214	-0.003779700528525


2.000000000000000	nan	nan	nan
2.000000000000000	nan	nan	nan
2.000000000000000	nan	nan	nan
2.000000000000000	nan	nan	nan
2.000000000000000	nan	nan	nan
2.000000000000000	nan	nan	nan
2.000000000000000	nan	nan	nan
2.000000000000000	nan	nan	nan
2.000000000000000	nan	nan	nan
2.000000000000000	nan	nan	nan
2.000000000000000	nan	nan	nan
2.000000000000000	nan	nan	nan
2.000000000000000	nan	nan	nan
2.000000000000000	nan	nan	nan
2.000000000000000	nan	nan	nan
2.000000000000000	nan	nan	nan
2.000000000000000	nan	nan	nan
2.000000000000000	nan	nan	nan
2.000000000000000	nan	nan	nan
2.000000000000000	nan	nan	nan
2.000000000000000	nan	nan	nan
2.000000000000000	nan	nan	nan
2.000000000000000	nan	nan	nan
2.000000000000000	nan	nan	nan
2.000000000000000	nan	nan	nan
2.000000000000000	nan	nan	nan
2.000000000000000	nan	nan	nan
2.000000000000000	nan	nan	nan
2.000000000000000	nan	nan	nan
2.000000000000000	nan	nan	nan
2.000000000000000	nan	nan	nan
2.000000000000000	nan	nan	nan
2.000000000000000	nan	nan	nan
2.000000000000000	nan	nan	nan
2.000000000000000	nan	nan	nan
2.000000000000000	nan	nan	nan
2.000000000000000	nan	nan	nan
2.000000000000000	nan	nan	nan
2.000000000000000	nan	nan	nan
2.000000000000000	nan	nan	nan
2.000000000000000	nan	nan	nan
2.000000000000000	nan	nan	nan
2.000000000000000	nan	nan	nan
2.000000000000000	nan	nan	nan
2.000000000000000	nan	nan	nan
2.000000000000000	nan	nan	nan
2.000000000000000	nan	nan	nan
2.000000000000000	nan	nan	nan
2.000000000000000	nan	nan	nan
2.000000000000000	nan	nan	nan
2.000000000000000	nan	nan	nan
2.000000000000000	nan	nan	nan
2.000000000000000	nan	nan	nan
2.000000000000000	nan	nan	nan
2.000000000000000	nan	nan	nan
2.000000000000000	nan	nan	nan
2.000000000000000	nan	nan	nan
2.000000000000000	nan	nan	nan
2.000000000000000	nan	nan	nan
2.000000000000000	nan	nan	nan
2.000000000000000	nan	nan	nan
2.000000000000000	nan	nan	nan
2.000000000000000	nan	nan	nan
2.000000000000000	nan	nan	nan
2.000000000000000	nan	nan	nan
2.000000000000000	nan	nan	nan
2.000000000000000	nan	nan	nan
2.000000000000000	nan	nan	nan
2.000000000000000	nan	nan	nan
2.000000000000000	nan	nan	nan
2.000000000000000	nan	nan	nan
2.000000000000000	nan	nan	nan
2.000000000000000	nan	nan	nan
2.000000000000000	nan	nan	nan
2.000000000000000	nan	nan	nan
2.000000000000000	nan	nan	nan
2.000000000000000	nan	nan	nan
2.000000000000000	nan	nan	nan
2.000000000000000	nan	nan	nan
2.000000000000000	nan	nan	nan
2.000000000000000	nan	nan	nan
2.000000000000000	nan	nan	nan
2.000000000000000	nan	nan	nan
2.000000000000000	nan	nan	nan
2.000000000000000	nan	nan	nan
2.000000000000000	nan	nan	nan
2.000000000000000	nan	nan	nan
2.000000000000000	nan	nan	nan
2.000000000000000	nan	nan	nan
2.000000000000000	nan	nan	nan
2.000000000000000	nan	nan	nan
2.000000000000000	nan	nan	nan
2.000000000000000	nan	nan	nan
2.000000000000000	nan	nan	nan
2.000000000000000	nan	nan	nan
2.000000000000000	nan	nan	nan
2.000000000000000	nan	nan	nan
2.000000000000000	nan	nan	nan
2.000000000000000	nan	nan	nan
2.000000000000000	nan	nan	nan


3.000000000000000	nan	nan	nan
3.000000000000000	nan	nan	nan
3.000000000000000	nan	nan	nan
3.000000000000000	nan	nan	nan
3.000000000000000	nan	nan	nan
3.000000000000000	nan	nan	nan
3.000000000000000	nan	nan	nan
3.000000000000000	nan	nan	nan
3.000000000000000	nan	nan	nan
3.000000000000000	nan	nan	nan
3.000000000000000	nan	nan	nan
3.000000000000000	nan	nan	nan
3.000000000000000	nan	nan	nan
3.000000000000000	nan	nan	nan
3.000000000000000	nan	nan	nan
3.000000000000000	nan	nan	nan
3.000000000000000	nan	nan	nan
3.000000000000000	nan	nan	nan
3.000000000000000	nan	nan	nan
3.000000000000000	nan	nan	nan
3.000000000000000	nan	nan	nan
3.000000000000000	nan	nan	nan
3.000000000000000	nan	nan	nan
3.000000000000000	nan	nan	nan
3.000000000000000	nan	nan	nan
3.000000000000000	nan	nan	nan
3.000000000000000	nan	nan	nan
3.000000000000000	nan	nan	nan
3.000000000000000	nan	nan	nan
3.000000000000000	nan	nan	nan
3.000000000000000	nan	nan	nan
3.000000000000000	nan	nan	nan
3.000000000000000	nan	nan	nan
3.000000000000000	nan	nan	nan
3.000000000000000	nan	nan	nan
3.000000000000000	nan	nan	nan
3.000000000000000	nan	nan	nan
3.000000000000000	nan	nan	nan
3.000000000000000	nan	nan	nan
3.000000000000000	nan	nan	nan
3.000000000000000	nan	nan	nan
3.000000000000000	nan	nan	nan
3.000000000000000	nan	nan	nan
3.000000000000000	nan	nan	nan
3.000000000000000	nan	nan	nan
3.000000000000000	nan	nan	nan
3.000000000000000	nan	nan	nan
3.000000000000000	nan	nan	nan
3.000000000000000	nan	nan	nan
3.000000000000000	nan	nan	nan
3.000000000000000	nan	nan	nan
3.000000000000000	nan	nan	nan
3.000000000000000	nan	nan	nan
3.000000000000000	nan	nan	nan
3.000000000000000	nan	nan	nan
3.000000000000000	nan	nan	nan
3.000000000000000	nan	nan	nan
3.000000000000000	nan	nan	nan
3.000000000000000	nan	nan	nan
3.000000000000000	nan	nan	nan
3.000000000000000	nan	nan	nan
3.000000000000000	nan	nan	nan
3.000000000000000	nan	nan	nan
3.000000000000000	nan	nan	nan
3.000000000000000	nan	nan	nan
3.000000000000000	nan	nan	nan
3.000000000000000	nan	nan	nan
3.000000000000000	nan	nan	nan
3.000000000000000	nan	nan	nan
3.000000000000000	nan	nan	nan
3.000000000000000	nan	nan	nan
3.000000000000000	nan	nan	nan
3.000000000000000	nan	nan	nan
3.000000000000000	nan	nan	nan
3.000000000000000	nan	nan	nan
3.000000000000000	nan	nan	nan
3.000000000000000	nan	nan	nan
3.000000000000000	nan	nan	nan
3.000000000000000	nan	nan	nan
3.000000000000000	nan	nan	nan
3.000000000000000	nan	nan	nan
3.000000000000000	nan	nan	nan
3.000000000000000	nan	nan	nan
3.000000000000000	nan	nan	nan
3.000000000000000	nan	nan	nan
3.000000000000000	nan	nan	nan
3.000000000000000	nan	nan	nan
3.000000000000000	nan	nan	nan
3.000000000000000	nan	nan	nan
3.000000000000000	nan	nan	nan
3.000000000000000	nan	nan	nan
3.000000000000000	nan	nan	nan
3.000000000000000	nan	nan	nan
3.000000000000000	nan	nan	nan
3.000000000000000	nan	nan	nan
3.000000000000000	nan	nan	nan
3.000000000000000	nan	nan	nan
3.000000000000000	nan	nan	nan
3.000000000000000	nan	nan	nan
3.000000000000000	nan	nan	nan


4.000000000000000	nan	nan	nan
4.000000000000000	nan	nan	nan
4.000000000000000	nan	nan	nan
4.000000000000000	nan	nan	nan
4.000000000000000	nan	nan	nan
4.000000000000000	nan	nan	nan
4.000000000000000	nan	nan	nan
4.000000000000000	nan	nan	nan
4.000000000000000	nan	nan	nan
4.000000000000000	nan	nan	nan
4.000000000000000	nan	nan	nan
4.000000000000000	nan	nan	nan
4.000000000000000	nan	nan	nan
4.000000000000000	nan	nan	nan
4.000000000000000	nan	nan	nan
4.000000000000000	nan	nan	nan
4.000000000000000	nan	nan	nan
4.000000000000000	nan	nan	nan
4.000000000000000	nan	nan	nan
4.000000000000000	nan	nan	nan
4.000000000000000	nan	nan	nan
4.000000000000000	nan	nan	nan
4.000000000000000	nan	nan	nan
4.000000000000000	nan	nan	nan
4.000000000000000	nan	nan	nan
4.000000000000000	nan	nan	nan
4.000000000000000	nan	nan	nan
4.000000000000000	nan	nan	nan
4.000000000000000	nan	nan	nan
4.000000000000000	nan	nan	nan
4.000000000000000	nan	nan	nan
4.000000000000000	nan	nan	nan
4.000000000000000	nan	nan	nan
4.000000000000000	nan	nan	nan
4.000000000000000	nan	nan	nan
4.000000000000000	nan	nan	nan
4.000000000000000	nan	nan	nan
4.000000000000000	nan	nan	nan
4.000000000000000	nan	nan	nan
4.000000000000000	nan	nan	nan
4.000000000000000	nan	nan	nan
4.000000000000000	nan	nan	nan
4.000000000000000	nan	nan	nan
4.000000000000000	nan	nan	nan
4.000000000000000	nan	nan	nan
4.000000000000000	nan	nan	nan
4.000000000000000	nan	nan	nan
4.000000000000000	nan	nan	nan
4.000000000000000	nan	nan	nan
4.000000000000000	nan	nan	nan
4.000000000000000	nan	nan	nan
4.000000000000000	nan	nan	nan
4.000000000000000	nan	nan	nan
4.000000000000000	nan	nan	nan
4.000000000000000	nan	nan	nan
4.000000000000000	nan	nan	nan
4.000000000000000	nan	nan	nan
4.000000000000000	nan	nan	nan
4.000000000000000	nan	nan	nan
4.000000000000000	nan	nan	nan
4.000000000000000	nan	nan	nan
4.000000000000000	nan	nan	nan
4.000000000000000	nan	nan	nan
4.000000000000000	nan	nan	nan
4.000000000000000	nan	nan	nan
4.000000000000000	nan	nan	nan
4.000000000000000	nan	nan	nan
4.000000000000000	nan	nan	nan
4.000000000000000	nan	nan	nan
4.000000000000000	nan	nan	nan
4.000000000000000	nan	nan	nan
4.000000000000000	nan	nan	nan
4.000000000000000	nan	nan	nan
4.000000000000000	nan	nan	nan
4.000000000000000	nan	nan	nan
4.000000000000000	nan	nan	nan
4.000000000000000	nan	nan	nan
4.000000000000000	nan	nan	nan
4.000000000000000	nan	nan	nan
4.000000000000000	nan	nan	nan
4.000000000000000	nan	nan	nan
4.000000000000000	nan	nan	nan
4.000000000000000	nan	nan	nan
4.000000000000000	nan	nan	nan
4.000000000000000	nan	nan	nan
4.000000000000000	nan	nan	nan
4.000000000000000	nan	nan	nan
4.000000000000000	nan	nan	nan
4.000000000000000	nan	nan	nan
4.000000000000000	nan	nan	nan
4.000000000000000	nan	nan	nan
4.000000000000000	nan	nan	nan
4.000000000000000	nan	nan	nan
4.000000000000000	nan	nan	nan
4.000000000000000	nan	nan	nan
4.000000000000000	nan	nan	nan
4.000000000000000	nan	nan	nan
4.000000000000000	nan	nan	nan
4.000000000000000	nan	nan	nan
4.000000000000000	nan	nan	nan


5.000000000000000	nan	nan	nan
5.000000000000000	nan	nan	nan
5.000000000000000	nan	nan	nan
5.000000000000000	nan	nan	nan
5.000000000000000	nan	nan	nan
5.000000000000000	nan	nan	nan
5.000000000000000	nan	nan	nan
5.000000000000000	nan	nan	nan
5.000000000000000	nan	nan	nan
5.000000000000000	nan	nan	nan
5.000000000000000	nan	nan	nan
5.000000000000000	nan	nan	nan
5.000000000000000	nan	nan	nan
5.000000000000000	nan	nan	nan
5.000000000000000	nan	nan	nan
5.000000000000000	nan	nan	nan
5.000000000000000	nan	nan	nan
5.000000000000000	nan	nan	nan
5.000000000000000	nan	nan	nan
5.000000000000000	nan	nan	nan
5.000000000000000	nan	nan	nan
5.000000000000000	nan	nan	nan
5.000000000000000	nan	nan	nan
5.000000000000000	nan	nan	nan
5.000000000000000	nan	nan	nan
5.000000000000000	nan	nan	nan
5.000000000000000	nan	nan	nan
5.000000000000000	nan	nan	nan
5.000000000000000	nan	nan	nan
5.000000000000000	nan	nan	nan
5.000000000000000	nan	nan	nan
5.000000000000000	nan	nan	nan
5.000000000000000	nan	nan	nan
5.000000000000000	nan	nan	nan
5.000000000000000	nan	nan	nan
5.000000000000000	nan	nan	nan
5.000000000000000	nan	nan	nan
5.000000000000000	nan	nan	nan
5.000000000000000	nan	nan	nan
5.000000000000000	nan	nan	nan
5.000000000000000	nan	nan	nan
5.000000000000000	nan	nan	nan
5.000000000000000	nan	nan	nan
5.000000000000000	nan	nan	nan
5.000000000000000	nan	nan	nan
5.000000000000000	nan	nan	nan
5.000000000000000	nan	nan	nan
5.000000000000000	nan	nan	nan
5.000000000000000	nan	nan	nan
5.000000000000000	nan	nan	nan
5.000000000000000	nan	nan	nan
5.000000000000000	nan	nan	nan
5.000000000000000	nan	nan	nan
5.000000000000000	nan	nan	nan
5.000000000000000	nan	nan	nan
5.000000000000000	nan	nan	nan
5.000000000000000	nan	nan	nan
5.000000000000000	nan	nan	nan
5.000000000000000	nan	nan	nan
5.000000000000000	nan	nan	nan
5.000000000000000	nan	nan	nan
5.000000000000000	nan	nan	nan
5.000000000000000	nan	nan	nan
5.000000000000000	nan	nan	nan
5.000000000000000	nan	nan	nan
5.000000000000000	nan	nan	nan
5.000000000000000	nan	nan	nan
5.000000000000000	nan	nan	nan
5.000000000000000	nan	nan	nan
5.000000000000000	nan	nan	nan
5.000000000000000	nan	nan	nan
5.000000000000000	nan	nan	nan
5.000000000000000	nan	nan	nan
5.000000000000000	nan	nan	nan
5.000000000000000	nan	nan	nan
5.000000000000000	nan	nan	nan
5.000000000000000	nan	nan	nan
5.000000000000000	nan	nan	nan
5.000000000000000	nan	nan	nan
5.000000000000000	nan	nan	nan
5.000000000000000	nan	nan	nan
5.000000000000000	nan	nan	nan
5.000000000000000	nan	nan	nan
5.000000000000000	nan	nan	nan
5.000000000000000	nan	nan	nan
5.000000000000000	nan	nan	nan
5.000000000000000	nan	nan	nan
5.000000000000000	nan	nan	nan
5.000000000000000	nan	nan	nan
5.000000000000000	nan	nan	nan
5.000000000000000	nan	nan	nan
5.000000000000000	nan	nan	nan
5.000000000000000	nan	nan	nan
5.000000000000000	nan	nan	nan
5.000000000000000	nan	nan	nan
5.000000000000000	nan	nan	nan
5.000000000000000	nan	nan	nan
5.000000000000000	nan	nan	nan
5.000000000000000	nan	nan	nan
5.000000000000000	nan	nan	nan


6.000000000000000	nan	nan	nan
6.000000000000000	nan	nan	nan
6.000000000000000	nan	nan	nan
6.000000000000000	nan	nan	nan
6.000000000000000	nan	nan	nan
6.000000000000000	nan	nan	nan
6.000000000000000	nan	nan	nan
6.000000000000000	nan	nan	nan
6.000000000000000	nan	nan	nan
6.000000000000000	nan	nan	nan
6.000000000000000	nan	nan	nan
6.000000000000000	nan	nan	nan
6.000000000000000	nan	nan	nan
6.000000000000000	nan	nan	nan
6.000000000000000	nan	nan	nan
6.000000000000000	nan	nan	nan
6.000000000000000	nan	nan	nan
6.000000000000000	nan	nan	nan
6.000000000000000	nan	nan	nan
6.000000000000000	nan	nan	nan
6.000000000000000	nan	nan	nan
6.000000000000000	nan	nan	nan
6.000000000000000	nan	nan	nan
6.000000000000000	nan	nan	nan
6.000000000000000	nan	nan	nan
6.000000000000000	nan	nan	nan
6.000000000000000	nan	nan	nan
6.000000000000000	nan	nan	nan
6.000000000000000	nan	nan	nan
6.000000000000000	nan	nan	nan
6.000000000000000	nan	nan	nan
6.000000000000000	nan	nan	nan
6.000000000000000	nan	nan	nan
6.000000000000000	nan	nan	nan
6.000000000000000	nan	nan	nan
6.000000000000000	nan	nan	nan
6.000000000000000	nan	nan	nan
6.000000000000000	nan	nan	nan
6.000000000000000	nan	nan	nan
6.000000000000000	nan	nan	nan
6.000000000000000	nan	nan	nan
6.000000000000000	nan	nan	nan
6.000000000000000	nan	nan	nan
6.000000000000000	nan	nan	nan
6.000000000000000	nan	nan	nan
6.000000000000000	nan	nan	nan
6.000000000000000	nan	nan	nan
6.000000000000000	nan	nan	nan
6.000000000000000	nan	nan	nan
6.000000000000000	nan	nan	nan
6.000000000000000	nan	nan	nan
6.000000000000000	nan	nan	nan
6.000000000000000	nan	nan	nan
6.000000000000000	nan	nan	nan
6.000000000000000	nan	nan	nan
6.000000000000000	nan	nan	nan
6.000000000000000	nan	nan	nan
6.000000000000000	nan	nan	nan
6.000000000000000	nan	nan	nan
6.000000000000000	nan	nan	nan
6.000000000000000	nan	nan	nan
6.000000000000000	nan	nan	nan
6.000000000000000	nan	nan	nan
6.000000000000000	nan	nan	nan
6.000000000000000	nan	nan	nan
6.000000000000000	nan	nan	nan
6.000000000000000	nan	nan	nan
6.000000000000000	nan	nan	nan
6.000000000000000	nan	nan	nan
6.000000000000000	nan	nan	nan
6.000000000000000	nan	nan	nan
6.000000000000000	nan	nan	nan
6.000000000000000	nan	nan	nan
6.000000000000000	nan	nan	nan
6.000000000000000	nan	nan	nan
6.000000000000000	nan	nan	nan
6.000000000000000	nan	nan	nan
6.000000000000000	nan	nan	nan
6.000000000000000	nan	nan	nan
6.000000000000000	nan	nan	nan
6.000000000000000	nan	nan	nan
6.000000000000000	nan	nan	nan
6.000000000000000	nan	nan	nan
6.000000000000000	nan	nan	nan
6.000000000000000	nan	nan	nan
6.000000000000000	nan	nan	nan
6.000000000000000	nan	nan	nan
6.000000000000000	nan	nan	nan
6.000000000000000	nan	nan	nan
6.000000000000000	nan	nan	nan
6.000000000000000	nan	nan	nan
6.000000000000000	nan	nan	nan
6.000000000000000	nan	nan	nan
6.000000000000000	nan	nan	nan
6.000000000000000	nan	nan	nan
6.000000000000000	nan	nan	nan
6.000000000000000	nan	nan	nan
6.000000000000000	nan	nan	nan
6.000000000000000	nan	nan	nan
6.000000000000000	nan	nan	nan


7.000000000000000	nan	nan	nan
7.000000000000000	nan	nan	nan
7.000000000000000	nan	nan	nan
7.000000000000000	nan	nan	nan
7.000000000000000	nan	nan	nan
7.000000000000000	nan	nan	nan
7.000000000000000	nan	nan	nan
7.000000000000000	nan	nan	nan
7.000000000000000	nan	nan	nan
7.000000000000000	nan	nan	nan
7.000000000000000	nan	nan	nan
7.000000000000000	nan	nan	nan
7.000000000000000	nan	nan	nan
7.000000000000000	nan	nan	nan
7.000000000000000	nan	nan	nan
7.000000000000000	nan	nan	nan
7.000000000000000	nan	nan	nan
7.000000000000000	nan	nan	nan
7.000000000000000	nan	nan	nan
7.000000000000000	nan	nan	nan
7.000000000000000	nan	nan	nan
7.000000000000000	nan	nan	nan
7.000000000000000	nan	nan	nan
7.000000000000000	nan	nan	nan
7.000000000000000	nan	nan	nan
7.000000000000000	nan	nan	nan
7.000000000000000	nan	nan	nan
7.000000000000000	nan	nan	nan
7.000000000000000	nan	nan	nan
7.000000000000000	nan	nan	nan
7.000000000000000	nan	nan	nan
7.000000000000000	nan	nan	nan
7.000000000000000	nan	nan	nan
7.000000000000000	nan	nan	nan
7.000000000000000	nan	nan	nan
7.000000000000000	nan	nan	nan
7.000000000000000	nan	nan	nan
7.000000000000000	nan	nan	nan
7.000000000000000	nan	nan	nan
7.000000000000000	nan	nan	nan
7.000000000000000	nan	nan	nan
7.000000000000000	nan	nan	nan
7.000000000000000	nan	nan	nan
7.000000000000000	nan	nan	nan
7.000000000000000	nan	nan	nan
7.000000000000000	nan	nan	nan
7.000000000000000	nan	nan	nan
7.000000000000000	nan	nan	nan
7.000000000000000	nan	nan	nan
7.000000000000000	nan	nan	nan
7.000000000000000	nan	nan	nan
7.000000000000000	nan	nan	nan
7.000000000000000	nan	nan	nan
7.000000000000000	nan	nan	nan
7.000000000000000	nan	nan	nan
7.000000000000000	nan	nan	nan
7.000000000000000	nan	nan	nan
7.000000000000000	nan	nan	nan
7.000000000000000	nan	nan	nan
7.000000000000000	nan	nan	nan
7.000000000000000	nan	nan	nan
7.000000000000000	nan	nan	nan
7.000000000000000	nan	nan	nan
7.000000000000000	nan	nan	nan
7.000000000000000	nan	nan	nan
7.000000000000000	nan	nan	nan
7.000000000000000	nan	nan	nan
7.000000000000000	nan	nan	nan
7.000000000000000	nan	nan	nan
7.000000000000000	nan	nan	nan
7.000000000000000	nan	nan	nan
7.000000000000000	nan	nan	nan
7.000000000000000	nan	nan	nan
7.000000000000000	nan	nan	nan
7.000000000000000	nan	nan	nan
7.000000000000000	nan	nan	nan
7.000000000000000	nan	nan	nan
7.000000000000000	nan	nan	nan
7.000000000000000	nan	nan	nan
7.000000000000000	nan	nan	nan
7.000000000000000	nan	nan	nan
7.000000000000000	nan	nan	nan
7.000000000000000	nan	nan	nan
7.000000000000000	nan	nan	nan
7.000000000000000	nan	nan	nan
7.000000000000000	nan	nan	nan
7.000000000000000	nan	nan	nan
7.000000000000000	nan	nan	nan
7.000000000000000	nan	nan	nan
7.000000000000000	nan	nan	nan
7.000000000000000	nan	nan	nan
7.000000000000000	nan	nan	nan
7.000000000000000	nan	nan	nan
7.000000000000000	nan	nan	nan
7.000000000000000	nan	nan	nan
7.000000000000000	nan	nan	nan
7.000000000000000	nan	nan	nan
7.000000000000000	nan	nan	nan
7.000000000000000	nan	nan	nan
7.000000000000000	nan	nan	nan


8.000000000000000	nan	nan	nan
8.000000000000000	nan	nan	nan
8.000000000000000	nan	nan	nan
8.000000000000000	nan	nan	nan
8.000000000000000	nan	nan	nan
8.000000000000000	nan	nan	nan
8.000000000000000	nan	nan	nan
8.000000000000000	nan	nan	nan
8.000000000000000	nan	nan	nan
8.000000000000000	nan	nan	nan
8.000000000000000	nan	nan	nan
8.000000000000000	nan	nan	nan
8.000000000000000	nan	nan	nan
8.000000000000000	nan	nan	nan
8.000000000000000	nan	nan	nan
8.000000000000000	nan	nan	nan
8.000000000000000	nan	nan	nan
8.000000000000000	nan	nan	nan
8.000000000000000	nan	nan	nan
8.000000000000000	nan	nan	nan
8.000000000000000	nan	nan	nan
8.000000000000000	nan	nan	nan
8.000000000000000	nan	nan	nan
8.000000000000000	nan	nan	nan
8.000000000000000	nan	nan	nan
8.000000000000000	nan	nan	nan
8.000000000000000	nan	nan	nan
8.000000000000000	nan	nan	nan
8.000000000000000	nan	nan	nan
8.000000000000000	nan	nan	nan
8.000000000000000	nan	nan	nan
8.000000000000000	nan	nan	nan
8.000000000000000	nan	nan	nan
8.000000000000000	nan	nan	nan
8.000000000000000	nan	nan	nan
8.000000000000000	nan	nan	nan
8.000000000000000	nan	nan	nan
8.000000000000000	nan	nan	nan
8.000000000000000	nan	nan	nan
8.000000000000000	nan	nan	nan
8.000000000000000	nan	nan	nan
8.000000000000000	nan	nan	nan
8.000000000000000	nan	nan	nan
8.000000000000000	nan	nan	nan
8.000000000000000	nan	nan	nan
8.000000000000000	nan	nan	nan
8.000000000000000	nan	nan	nan
8.000000000000000	nan	nan	nan
8.000000000000000	nan	nan	nan
8.000000000000000	nan	nan	nan
8.000000000000000	nan	nan	nan
8.000000000000000	nan	nan	nan
8.000000000000000	nan	nan	nan
8.000000000000000	nan	nan	nan
8.000000000000000	nan	nan	nan
8.000000000000000	nan	nan	nan
8.000000000000000	nan	nan	nan
8.000000000000000	nan	nan	nan
8.000000000000000	nan	nan	nan
8.000000000000000	nan	nan	nan
8.000000000000000	nan	nan	nan
8.000000000000000	nan	nan	nan
8.000000000000000	nan	nan	nan
8.000000000000000	nan	nan	nan
8.000000000000000	nan	nan	nan
8.000000000000000	nan	nan	nan
8.000000000000000	nan	nan	nan
8.000000000000000	nan	nan	nan
8.000000000000000	nan	nan	nan
8.000000000000000	nan	nan	nan
8.000000000000000	nan	nan	nan
8.000000000000000	nan	nan	nan
8.000000000000000	nan	nan	nan
8.000000000000000	nan	nan	nan
8.000000000000000	nan	nan	nan
8.000000000000000	nan	nan	nan
8.000000000000000	nan	nan	nan
8.000000000000000	nan	nan	nan
8.000000000000000	nan	nan	nan
8.000000000000000	nan	nan	nan
8.000000000000000	nan	nan	nan
8.000000000000000	nan	nan	nan
8.000000000000000	nan	nan	nan
8.000000000000000	nan	nan	nan
8.000000000000000	nan	nan	nan
8.000000000000000	nan	nan	nan
8.000000000000000	nan	nan	nan
8.000000000000000	nan	nan	nan
8.000000000000000	nan	nan	nan
8.000000000000000	nan	nan	nan
8.000000000000000	nan	nan	nan
8.000000000000000	nan	nan	nan
8.000000000000000	nan	nan	nan
8.000000000000000	nan	nan	nan
8.000000000000000	nan	nan	nan
8.000000000000000	nan	nan	nan
8.000000000000000	nan	nan	nan
8.000000000000000	nan	nan	nan
8.000000000000000	nan	nan	nan
8.000000000000000	nan	nan	nan


9.000000000000000	nan	nan	nan
9.000000000000000	nan	nan	nan
9.000000000000000	nan	nan	nan
9.000000000000000	nan	nan	nan
9.000000000000000	nan	nan	nan
9.000000000000000	nan	nan	nan
9.000000000000000	nan	nan	nan
9.000000000000000	nan	nan	nan
9.000000000000000	nan	nan	nan
9.000000000000000	nan	nan	nan
9.000000000000000	nan	nan	nan
9.000000000000000	nan	nan	nan
9.000000000000000	nan	nan	nan
9.000000000000000	nan	nan	nan
9.000000000000000	nan	nan	nan
9.000000000000000	nan	nan	nan
9.000000000000000	nan	nan	nan
9.000000000000000	nan	nan	nan
9.000000000000000	nan	nan	nan
9.000000000000000	nan	nan	nan
9.000000000000000	nan	nan	nan
9.000000000000000	nan	nan	nan
9.000000000000000	nan	nan	nan
9.000000000000000	nan	nan	nan
9.000000000000000	nan	nan	nan
9.000000000000000	nan	nan	nan
9.000000000000000	nan	nan	nan
9.000000000000000	nan	nan	nan
9.000000000000000	nan	nan	nan
9.000000000000000	nan	nan	nan
9.000000000000000	nan	nan	nan
9.000000000000000	nan	nan	nan
9.000000000000000	nan	nan	nan
9.000000000000000	nan	nan	nan
9.000000000000000	nan	nan	nan
9.000000000000000	nan	nan	nan
9.000000000000000	nan	nan	nan
9.000000000000000	nan	nan	nan
9.000000000000000	nan	nan	nan
9.000000000000000	nan	nan	nan
9.000000000000000	nan	nan	nan
9.000000000000000	nan	nan	nan
9.000000000000000	nan	nan	nan
9.000000000000000	nan	nan	nan
9.000000000000000	nan	nan	nan
9.000000000000000	nan	nan	nan
9.000000000000000	nan	nan	nan
9.000000000000000	nan	nan	nan
9.000000000000000	nan	nan	nan
9.000000000000000	nan	nan	nan
9.000000000000000	nan	nan	nan
9.000000000000000	nan	nan	nan
9.000000000000000	nan	nan	nan
9.000000000000000	nan	nan	nan
9.000000000000000	nan	nan	nan
9.000000000000000	nan	nan	nan
9.000000000000000	nan	nan	nan
9.000000000000000	nan	nan	nan
9.000000000000000	nan	nan	nan
9.000000000000000	nan	nan	nan
9.000000000000000	nan	nan	nan
9.000000000000000	nan	nan	nan
9.000000000000000	nan	nan	nan
9.000000000000000	nan	nan	nan
9.000000000000000	nan	nan	nan
9.000000000000000	nan	nan	nan
9.000000000000000	nan	nan	nan
9.000000000000000	nan	nan	nan
9.000000000000000	nan	nan	nan
9.000000000000000	nan	nan	nan
9.000000000000000	nan	nan	nan
9.000000000000000	nan	nan	nan
9.000000000000000	nan	nan	nan
9.000000000000000	nan	nan	nan
9.000000000000000	nan	nan	nan
9.000000000000000	nan	nan	nan
9.000000000000000	nan	nan	nan
9.000000000000000	nan	nan	nan
9.000000000000000	nan	nan	nan
9.000000000000000	nan	nan	nan
9.000000000000000	nan	nan	nan
9.000000000000000	nan	nan	nan
9.000000000000000	nan	nan	nan
9.000000000000000	nan	nan	nan
9.000000000000000	nan	nan	nan
9.000000000000000	nan	nan	nan
9.000000000000000	nan	nan	nan
9.000000000000000	nan	nan	nan
9.000000000000000	nan	nan	nan
9.000000000000000	nan	nan	nan
9.000000000000000	nan	nan	nan
9.000000000000000	nan	nan	nan
9.000000000000000	nan	nan	nan
9.000000000000000	nan	nan	nan
9.000000000000000	nan	nan	nan
9.000000000000000	nan	nan	nan
9.000000000000000	nan	nan	nan
9.000000000000000	nan	nan	nan
9.000000000000000	nan	nan	nan
9.000000000000000	nan	nan	nan


10.000000000000000	1.264110594708217	-1.395492623288805	0.119779755767503
10.000000000000000	1.355530062619086	-1.308169792225663	0.108799480544649
10.000000000000000	1.441177090539572	-1.215232568829335	0.097351336560717
10.000000000000000	1.520706808116822	-1.117055178496824	0.085481421450982
10.000000000000000	1.593798977247672	-1.014032946927901	0.073237531174176
10.000000000000000	1.660159281564457	-0.906580708288039	0.060668967555039
10.000000000000000	1.719520511543151	-0.795131134817643	0.047826339763271
10.000000000000000	1.771643640461804	-0.680132994613645	0.034761360528262
10.000000000000000	1.816318786876795	-0.562049344598771	0.021526637910190
10.000000000000000	1.853366059741325	-0.441355665954741	0.008175463465923
10.000000000000000	1.882636282763173	-0.318537949527373	-0.005238402337263
10.000000000000000	1.904011595084973	-0.194090738912973	-0.018660946596122
10.000000000000000	1.917405925868287	-0.068515139105816	-0.032038121462324
10.000000000000000	1.922765340870499	0.057683201274798	-0.045316061774075
10.000000000000000	1.920068259618965	0.183996126053075	-0.058441301952106
10.000000000000000	1.909325542307967	0.309915017662292	-0.071360991286691
10.000000000000000	1.890580446068542	0.434932845168228	-0.084023106748804
10.000000000000000	1.863908450787281	0.558546205903780	-0.096376662468493
10.000000000000000	1.829416955175467	0.680257352493830	-0.108371915036987
10.000000000000000	1.787244844312370	0.799576197108251	-0.119960563805841
10.000000000000000	1.737561930404053	0.916022284872623	-0.131095945376604
10.000000000000000	1.680568269009549	1.029126728490442	-0.141733221497855
10.000000000000000	1.616493353487736	1.138434096286766	-0.151829559613013
10.000000000000000	1.545595190908579	1.243504246070833	-0.161344305331929
10.000000000000000	1.468159263149718	1.343914097433319	-0.170239146131763
10.000000000000000	1.384497377361712	1.439259335341817	-0.178478265627992
10.000000000000000	1.294946410430686	1.529156038174778	-0.186028487794350
10.000000000000000	1.199866952494016	1.613242223638375	-0.192859410550979
10.000000000000000	1.099641854971112	1.691179306341440	-0.198943528182868
10.000000000000000	0.994674688955873	1.762653461159336	-0.204256342095666
10.000000000000000	0.885388120178337	1.827376886896970	-0.208776459462869
10.000000000000000	0.772222207078957	1.885088965162625	-0.212485679367188
10.000000000000000	0.655632628848580	1.935557309786244	-0.215369066089214
10.000000000000000	0.536088850569175	1.978578702556516	-0.217415009248291
10.000000000000000	0.414072232843641	2.013979911508887	-0.218615270553420
10.000000000000000	0.290074093526554	2.041618388469542	-0.218965016975949
10.000000000000000	0.164593729360575	2.061382843046589	-0.218462840210477
10.000000000000000	0.038136405484685	2.073193690757188	-0.217110762345598
10.000000000000000	-0.088788679090190	2.077003373486171	-0.214914227721666
10.000000000000000	-0.215670441845887	2.072796550985794	-0.211882081008358
10.000000000000000	-0.341997974705914	2.060590162645495	-0.208026531590312
10.000000000000000	-0.467262601281961	2.040433359282950	-0.203363104404242
10.000000000000000	-0.590959925134174	2.012407305231083	-0.197910577425499
10.000000000000000	-0.712591860797602	1.976624851517938	-0.191690906055790
10.000000000000000	-0.831668639396559	1.933230081455426	-0.184729134716528
10.000000000000000	-0.947710780771037	1.882397730466674	-0.177053296003781
10.000000000000000	-1.060251024174070	1.824332482488152	-0.168694297810907
10.000000000000000	-1.168836209765854	1.759268145779702	-0.159685798873371
10.000000000000000	-1.273029103328472	1.687466711461197	-0.150064073236902
10.000000000000000	-1.372410156853782	1.609217298566769	-0.139867864194710
10.000000000000000	-1.466579197915161	1.524834989864501	-0.129138228281919
10.000000000000000	-1.555157041020630	1.434659563129328	-0.117918369955392
10.000000000000000	-1.637787014459003	1.339054122977855	-0.106253467624631
10.000000000000000	-1.714136396490976	1.238403638774229	-0.094190491734267
10.000000000000000	-1.783897755102146	1.133113394494377	-0.081778015630657
10.000000000000000	-1.846790185923223	1.023607356790480	-0.069066019974167
10.000000000000000	-1.902560443332781	0.910326467826894	-0.056105691484684
10.000000000000000	-1.950983960187996	0.793726869761695	-0.042949216830768
10.000000000000000	-1.991865752077272	0.674278068023187	-0.029649572492356
10.000000000000000	-2.025041202453644	0.552461040777264	-0.016260311443171
10.000000000000000	-2.050376725487516	0.428766302198082	-0.002835347511801
10.000000000000000	-2.067770303969644	0.303691927340614	0.010571261710257
10.000000000000000	-2.077151900098436	0.177741546568188	0.023905532539448
10.000000000000000	-2.078483737497457	0.051422317610774	0.037113772573389
10.000000000000000	-2.071760453327566	-0.074757116580202	0.050142796891229
10.000000000000000	-2.057009119881173	-0.200288675957498	0.062940142210554
10.000000000000000	-2.034289135571675	-0.324666889237084	0.075454278138506
10.000000000000000	-2.003691985757010	-0.447390929252597	0.087634814666489
10.000000000000000	-1.965340874360409	-0.567966629609579	0.099432705072950
10.000000000000000	-1.919390227771680	-0.685908474519137	0.110800443417214
10.000000000000000	-1.866025073026640	-0.800741553798659	0.121692255829141
10.000000000000000	-1.805460292768550	-0.912003475167504	0.132064284824345
10.000000000000000	-1.737939759991547	-1.019246226137524	0.141874765902806
10.000000000000000	-1.663735356050173	-1.122037978001221	0.151084195719768
10.000000000000000	-1.583145875889116	-1.219964824653552	0.159655491151771
10.000000000000000	-1.496495824901433	-1.312632449245714	0.167554138617294
10.000000000000000	-1.404134112259855	-1.399667711959937	0.174748333050772
10.000000000000000	-1.306432645982697	-1.480720152511825	0.181209105970368
10.000000000000000	-1.203784835391533	-1.555463401330230	0.186910442123823
10.000000000000000	-1.096604006990711	-1.623596493732322	0.191829384242700
10.000000000000000	-0.985321740147394	-1.684845081802149	0.195946125483196
10.000000000000000	-0.870386129273777	-1.738962539092863	0.199244089181312
10.000000000000000	-0.752259979509042	-1.785730953704370	0.201709995601233
10.000000000000000	-0.631418943166403	-1.824962005737654	0.203333915408131
10.000000000000000	-0.508349604449120	-1.856497725592529	0.204109309650098
10.000000000000000	-0.383547520147649	-1.880211130055478	0.204033056088190
10.000000000000000	-0.257515224207359	-1.896006733616225	0.203105461768589
10.000000000000000	-0.130760204201686	-1.903820932954192	0.201330261786231
10.000000000000000	-0.003792857858797	-1.903622263046618	0.198714604244899
10.000000000000000	0.122875562129919	-1.895411523867100	0.195269021474331
10.000000000000000	0.248735006743995	-1.879221777164386	0.191007387620249
10.000000000000000	0.373278684421277	-1.855118213334377	0.185946862778066
10.000000000000000	0.496005101728675	-1.823197888921414	0.180107823895239
10.000000000000000	0.616420082699217	-1.783589335805829	0.173513782720499
10.000000000000000	0.734038758704249	-1.736452043651425	0.166191291130329
10.000000000000000	0.848387520848279	-1.681975817696896	0.158169834213936
10.000000000000000	0.959005927024838	-1.620380014477115	0.149481711547199
10.000000000000000	1.065448555954326	-1.551912658551794	0.140161907133678
10.000000000000000	1.167286800738310	-1.476849443798118	0.130247948536379
10.000000000000000	1.264110594708217	-1.395492623288805	0.119779755767504


11.000000000000000	nan	nan	nan
11.000000000000000	nan	nan	nan
11.000000000000000	nan	nan	nan
11.000000000000000	nan	nan	nan
11.000000000000000	nan	nan	nan
11.000000000000000	nan	nan	nan
11.000000000000000	nan	nan	nan
11.000000000000000	nan	nan	nan
11.000000000000000	nan	nan	nan
11.000000000000000	nan	nan	nan
11.000000000000000	nan	nan	nan
11.000000000000000	nan	nan	nan
11.000000000000000	nan	nan	nan
11.000000000000000	nan	nan	nan
11.000000000000000	nan	nan	nan
11.000000000000000	nan	nan	nan
11.000000000000000	nan	nan	nan
11.000000000000000	nan	nan	nan
11.000000000000000	nan	nan	nan
11.000000000000000	nan	nan	nan
11.000000000000000	nan	nan	nan
11.000000000000000	nan	nan	nan
11.000000000000000	nan	nan	nan
11.000000000000000	nan	nan	nan
11.000000000000000	nan	nan	nan
11.000000000000000	nan	nan	nan
11.000000000000000	nan	nan	nan
11.000000000000000	nan	nan	nan
11.000000000000000	nan	nan	nan
11.000000000000000	nan	nan	nan
11.000000000000000	nan	nan	nan
11.000000000000000	nan	nan	nan
11.000000000000000	nan	nan	nan
11.000000000000000	nan	nan	nan
11.000000000000000	nan	nan	nan
11.000000000000000	nan	nan	nan
11.000000000000000	nan	nan	nan
11.000000000000000	nan	nan	nan
11.000000000000000	nan	nan	nan
11.000000000000000	nan	nan	nan
11.000000000000000	nan	nan	nan
11.000000000000000	nan	nan	nan
11.000000000000000	nan	nan	nan
11.000000000000000	nan	nan	nan
11.000000000000000	nan	nan	nan
11.000000000000000	nan	nan	nan
11.000000000000000	nan	nan	nan
11.000000000000000	nan	nan	nan
11.000000000000000	nan	nan	nan
11.000000000000000	nan	nan	nan
11.000000000000000	nan	nan	nan
11.000000000000000	nan	nan	nan
11.000000000000000	nan	nan	nan
11.000000000000000	nan	nan	nan
11.000000000000000	nan	nan	nan
11.000000000000000	nan	nan	nan
11.000000000000000	nan	nan	nan
11.000000000000000	nan	nan	nan
11.000000000000000	nan	nan	nan
11.000000000000000	nan	nan	nan
11.000000000000000	nan	nan	nan
11.000000000000000	nan	nan	nan
11.000000000000000	nan	nan	nan
11.000000000000000	nan	nan	nan
11.000000000000000	nan	nan	nan
11.000000000000000	nan	nan	nan
11.000000000000000	nan	nan	nan
11.000000000000000	nan	nan	nan
11.000000000000000	nan	nan	nan
11.000000000000000	nan	nan	nan
11.000000000000000	nan	nan	nan
11.000000000000000	nan	nan	nan
11.000000000000000	nan	nan	nan
11.000000000000000	nan	nan	nan
11.000000000000000	nan	nan	nan
11.000000000000000	nan	nan	nan
11.000000000000000	nan	nan	nan
11.000000000000000	nan	nan	nan
11.000000000000000	nan	nan	nan
11.000000000000000	nan	nan	nan
11.000000000000000	nan	nan	nan
11.000000000000000	nan	nan	nan
11.000000000000000	nan	nan	nan
11.000000000000000	nan	nan	nan
11.000000000000000	nan	nan	nan
11.000000000000000	nan	nan	nan
11.000000000000000	nan	nan	nan
11.000000000000000	nan	nan	nan
11.000000000000000	nan	nan	nan
11.000000000000000	nan	nan	nan
11.000000000000000	nan	nan	nan
11.000000000000000	nan	nan	nan
11.000000000000000	nan	nan	nan
11.000000000000000	nan	nan	nan
11.000000000000000	nan	nan	nan
11.000000000000000	nan	nan	nan
11.000000000000000	nan	nan	nan
11.000000000000000	nan	nan	nan
11.000000000000000	nan	nan	nan
11.000000000000000	nan	nan	nan


12.000000000000000	nan	nan	nan
12.000000000000000	nan	nan	nan
12.000000000000000	nan	nan	nan
12.000000000000000	nan	nan	nan
12.000000000000000	nan	nan	nan
12.000000000000000	nan	nan	nan
12.000000000000000	nan	nan	nan
12.000000000000000	nan	nan	nan
12.000000000000000	nan	nan	nan
12.000000000000000	nan	nan	nan
12.000000000000000	nan	nan	nan
12.000000000000000	nan	nan	nan
12.000000000000000	nan	nan	nan
12.000000000000000	nan	nan	nan
12.000000000000000	nan	nan	nan
12.000000000000000	nan	nan	nan
12.000000000000000	nan	nan	nan
12.000000000000000	nan	nan	nan
12.000000000000000	nan	nan	nan
12.000000000000000	nan	nan	nan
12.000000000000000	nan	nan	nan
12.000000000000000	nan	nan	nan
12.000000000000000	nan	nan	nan
12.000000000000000	nan	nan	nan
12.000000000000000	nan	nan	nan
12.000000000000000	nan	nan	nan
12.000000000000000	nan	nan	nan
12.000000000000000	nan	nan	nan
12.000000000000000	nan	nan	nan
12.000000000000000	nan	nan	nan
12.000000000000000	nan	nan	nan
12.000000000000000	nan	nan	nan
12.000000000000000	nan	nan	nan
12.000000000000000	nan	nan	nan
12.000000000000000	nan	nan	nan
12.000000000000000	nan	nan	nan
12.000000000000000	nan	nan	nan
12.000000000000000	nan	nan	nan
12.000000000000000	nan	nan	nan
12.000000000000000	nan	nan	nan
12.000000000000000	nan	nan	nan
12.000000000000000	nan	nan	nan
12.000000000000000	nan	nan	nan
12.000000000000000	nan	nan	nan
12.000000000000000	nan	nan	nan
12.000000000000000	nan	nan	nan
12.000000000000000	nan	nan	nan
12.000000000000000	nan	nan	nan
12.000000000000000	nan	nan	nan
12.000000000000000	nan	nan	nan
12.000000000000000	nan	nan	nan
12.000000000000000	nan	nan	nan
12.000000000000000	nan	nan	nan
12.000000000000000	nan	nan	nan
12.000000000000000	nan	nan	nan
12.000000000000000	nan	nan	nan
12.000000000000000	nan	nan	nan
12.000000000000000	nan	nan	nan
12.000000000000000	nan	nan	nan
12.000000000000000	nan	nan	nan
12.000000000000000	nan	nan	nan
12.000000000000000	nan	nan	nan
12.000000000000000	nan	nan	nan
12.000000000000000	nan	nan	nan
12.000000000000000	nan	nan	nan
12.000000000000000	nan	nan	nan
12.000000000000000	nan	nan	nan
12.000000000000000	nan	nan	nan
12.000000000000000	nan	nan	nan
12.000000000000000	nan	nan	nan
12.000000000000000	nan	nan	nan
12.000000000000000	nan	nan	nan
12.000000000000000	nan	nan	nan
12.000000000000000	nan	nan	nan
12.000000000000000	nan	nan	nan
12.000000000000000	nan	nan	nan
12.000000000000000	nan	nan	nan
12.000000000000000	nan	nan	nan
12.000000000000000	nan	nan	nan
12.000000000000000	nan	nan	nan
12.000000000000000	nan	nan	nan
12.000000000000000	nan	nan	nan
12.000000000000000	nan	nan	nan
12.000000000000000	nan	nan	nan
12.000000000000000	nan	nan	nan
12.000000000000000	nan	nan	nan
12.000000000000000	nan	nan	nan
12.000000000000000	nan	nan	nan
12.000000000000000	nan	nan	nan
12.000000000000000	nan	nan	nan
12.000000000000000	nan	nan	nan
12.000000000000000	nan	nan	nan
12.000000000000000	nan	nan	nan
12.000000000000000	nan	nan	nan
12.000000000000000	nan	nan	nan
12.000000000000000	nan	nan	nan
12.000000000000000	nan	nan	nan
12.000000000000000	nan	nan	nan
12.000000000000000	nan	nan	nan
12.000000000000000	nan	nan	nan


13.000000000000000	nan	nan	nan
13.000000000000000	nan	nan	nan
13.000000000000000	nan	nan	nan
13.000000000000000	nan	nan	nan
13.000000000000000	nan	nan	nan
13.000000000000000	nan	nan	nan
13.000000000000000	nan	nan	nan
13.000000000000000	nan	nan	nan
13.000000000000000	nan	nan	nan
13.000000000000000	nan	nan	nan
13.000000000000000	nan	nan	nan
13.000000000000000	nan	nan	nan
13.000000000000000	nan	nan	nan
13.000000000000000	nan	nan	nan
13.000000000000000	nan	nan	nan
13.000000000000000	nan	nan	nan
13.000000000000000	nan	nan	nan
13.000000000000000	nan	nan	nan
13.000000000000000	nan	nan	nan
13.000000000000000	nan	nan	nan
13.000000000000000	nan	nan	nan
13.000000000000000	nan	nan	nan
13.000000000000000	nan	nan	nan
13.000000000000000	nan	nan	nan
13.000000000000000	nan	nan	nan
13.000000000000000	nan	nan	nan
13.000000000000000	nan	nan	nan
13.000000000000000	nan	nan	nan
13.000000000000000	nan	nan	nan
13.000000000000000	nan	nan	nan
13.000000000000000	nan	nan	nan
13.000000000000000	nan	nan	nan
13.000000000000000	nan	nan	nan
13.000000000000000	nan	nan	nan
13.000000000000000	nan	nan	nan
13.000000000000000	nan	nan	nan
13.000000000000000	nan	nan	nan
13.000000000000000	nan	nan	nan
13.000000000000000	nan	nan	nan
13.000000000000000	nan	nan	nan
13.000000000000000	nan	nan	nan
13.000000000000000	nan	nan	nan
13.000000000000000	nan	nan	nan
13.000000000000000	nan	nan	nan
13.000000000000000	nan	nan	nan
13.000000000000000	nan	nan	nan
13.000000000000000	nan	nan	nan
13.000000000000000	nan	nan	nan
13.000000000000000	nan	nan	nan
13.000000000000000	nan	nan	nan
13.000000000000000	nan	nan	nan
13.000000000000000	nan	nan	nan
13.000000000000000	nan	nan	nan
13.000000000000000	nan	nan	nan
13.000000000000000	nan	nan	nan
13.000000000000000	nan	nan	nan
13.000000000000000	nan	nan	nan
13.000000000000000	nan	nan	nan
13.000000000000000	nan	nan	nan
13.000000000000000	nan	nan	nan
13.000000000000000	nan	nan	nan
13.000000000000000	nan	nan	nan
13.000000000000000	nan	nan	nan
13.000000000000000	nan	nan	nan
13.000000000000000	nan	nan	nan
13.000000000000000	nan	nan	nan
13.000000000000000	nan	nan	nan
13.000000000000000	nan	nan	nan
13.000000000000000	nan	nan	nan
13.000000000000000	nan	nan	nan
13.000000000000000	nan	nan	nan
13.000000000000000	nan	nan	nan
13.000000000000000	nan	nan	nan
13.000000000000000	nan	nan	nan
13.000000000000000	nan	nan	nan
13.000000000000000	nan	nan	nan
13.000000000000000	nan	nan	nan
13.000000000000000	nan	nan	nan
13.000000000000000	nan	nan	nan
13.000000000000000	nan	nan	nan
13.000000000000000	nan	nan	nan
13.000000000000000	nan	nan	nan
13.000000000000000	nan	nan	nan
13.000000000000000	nan	nan	nan
13.000000000000000	nan	nan	nan
13.000000000000000	nan	nan	nan
13.000000000000000	nan	nan	nan
13.000000000000000	nan	nan	nan
13.000000000000000	nan	nan	nan
13.000000000000000	nan	nan	nan
13.000000000000000	nan	nan	nan
13.000000000000000	nan	nan	nan
13.000000000000000	nan	nan	nan
13.000000000000000	nan	nan	nan
13.000000000000000	nan	nan	nan
13.000000000000000	nan	nan	nan
13.000000000000000	nan	nan	nan
13.000000000000000	nan	nan	nan
13.000000000000000	nan	nan	nan
13.000000000000000	nan	nan	nan


14.000000000000000	1.034113176955044	1.991547752746017	0.120558041294143
14.000000000000000	0.887912932589495	2.062536758535386	0.104445534777024
14.000000000000000	0.737488494560890	2.123971007440495	0.087836815622792
14.000000000000000	0.583445568989802	2.175603125423839	0.070798761281537
14.000000000000000	0.426404432369017	2.217225208169532	0.053399977984617
14.000000000000000	0.266997433929014	2.248669658240613	0.035710524491577
14.000000000000000	0.105866449390805	2.269809859934768	0.017801629988250
14.000000000000000	-0.056339703641051	2.280560689121077	-0.000254592728032
14.000000000000000	-0.218967878237947	2.280878856004845	-0.018385437621220
14.000000000000000	-0.381363228139381	2.270763079440326	-0.036517898178100
14.000000000000000	-0.542871844587727	2.250254092089445	-0.054578961379747
14.000000000000000	-0.702843389388008	2.219434476405746	-0.072495901699189
14.000000000000000	-0.860633713590273	2.178428332103993	-0.090196573941431
14.000000000000000	-1.015607451250070	2.127400776454430	-0.107609703746695
14.000000000000000	-1.167140577822860	2.066557279413797	-0.124665174587112
14.000000000000000	-1.314622922890605	1.996142836270344	-0.141294310101230
14.000000000000000	-1.457460627102693	1.916440981134271	-0.157430150629482
14.000000000000000	-1.595078533437940	1.827772645245938	-0.173007722837106
14.000000000000000	-1.726922503158916	1.730494864699030	-0.187964301338829
14.000000000000000	-1.852461647133061	1.624999342782224	-0.202239661271855
14.000000000000000	-1.971190463535853	1.511710872728292	-0.215776320800134
14.000000000000000	-2.082630873328230	1.391085627221680	-0.228519772573425
14.000000000000000	-2.186334145312159	1.263609321552116	-0.240418703209159
14.000000000000000	-2.281882703012783	1.129795257810563	-0.251425199913319
14.000000000000000	-2.368891806111510	0.990182258002867	-0.261494943408351
14.000000000000000	-2.447011099659483	0.845332494403717	-0.270587386391255
14.000000000000000	-2.515926024833301	0.695829225887305	-0.278665916803260
14.000000000000000	-2.575359085552383	0.542274449349700	-0.285698005253662
14.000000000000000	-2.625070965857742	0.385286475679816	-0.291655336004206
14.000000000000000	-2.664861493552886	0.225497440039695	-0.296513920986559
14.000000000000000	-2.694570446226606	0.063550756479316	-0.300254196393807
14.000000000000000	-2.714078196412074	-0.099901472864697	-0.302861101456991
14.000000000000000	-2.723306193284433	-0.264201083554221	-0.304324139089512
14.000000000000000	-2.722217278957242	-0.428686499045533	-0.304637418155194
14.000000000000000	-2.710815838104170	-0.592695394624552	-0.303799677189810
14.000000000000000	-2.689147780303465	-0.755567364354700	-0.301814289480552
14.000000000000000	-2.657300355176285	-0.916646580298519	-0.298689249482994
14.000000000000000	-2.615401801063267	-1.075284433305310	-0.294437140630244
14.000000000000000	-2.563620828653990	-1.230842144731255	-0.289075084663896
14.000000000000000	-2.502165941648574	-1.382693338575568	-0.282624672690823
14.000000000000000	-2.431284597186873	-1.530226563675571	-0.275111878243407
14.000000000000000	-2.351262209425903	-1.672847755804717	-0.266566952693294
14.000000000000000	-2.262421000277775	-1.809982629759563	-0.257024303439796
14.000000000000000	-2.165118701935776	-1.941078991803594	-0.246522355363439
14.000000000000000	-2.059747116413092	-2.065608963156502	-0.235103396102528
14.000000000000000	-1.946730537894377	-2.183071105575726	-0.222813405775757
14.000000000000000	-1.826524044252829	-2.292992440471274	-0.209701871836497
14.000000000000000	-1.699611664612207	-2.394930353423574	-0.195821589804285
14.000000000000000	-1.566504430332394	-2.488474376435517	-0.181228450675909
14.000000000000000	-1.427738317266465	-2.573247840742213	-0.165981215872078
14.000000000000000	-1.283872087575100	-2.648909393523168	-0.150141280625933
14.000000000000000	-1.135485039788579	-2.715154372409602	-0.133772426766103
14.000000000000000	-0.983174676176052	-2.771716032252296	-0.116940565889796
14.000000000000000	-0.827554296814795	-2.818366619210147	-0.099713473960062
14.000000000000000	-0.669250530047250	-2.854918287834511	-0.082160518395905
14.000000000000000	-0.508900809269865	-2.881223857456519	-0.064352378754178
14.000000000000000	-0.347150806213774	-2.897177404831693	-0.046360762127944
14.000000000000000	-0.184651831052629	-2.902714690655455	-0.028258114407330
14.000000000000000	-0.022058209806402	-2.897813418232146	-0.010117328565488
14.000000000000000	0.139975350398553	-2.882493323255940	0.007988548855672
14.000000000000000	0.300796397604027	-2.856816094342175	0.025986611878133
14.000000000000000	0.459757362213708	-2.820885124629068	0.043804388654408
14.000000000000000	0.616218164527397	-2.774845095450041	0.061370133286091
14.000000000000000	0.769548792116040	-2.718881393753058	0.078613114719270
14.000000000000000	0.919131836659430	-2.653219365612812	0.095463901553519
14.000000000000000	1.064364980031591	-2.578123408841621	0.111854641617634
14.000000000000000	1.204663419623299	-2.493895908352751	0.127719335186388
14.000000000000000	1.339462223135776	-2.400876018563101	0.142994100738124
14.000000000000000	1.468218603363675	-2.299438297738063	0.157617432183097
14.000000000000000	1.590414103807583	-2.189991199777587	0.171530446526794
14.000000000000000	1.705556686315351	-2.072975429516489	0.184677120970964
14.000000000000000	1.813182712346077	-1.948862168161625	0.197004518497657
14.000000000000000	1.912858809878870	-1.818151176011467	0.208463001027910
14.000000000000000	2.004183618449024	-1.681368780097774	0.219006429296776
14.000000000000000	2.086789405284950	-1.539065754852395	0.228592348639851
14.000000000000000	2.160343546038256	-1.391815104333029	0.237182159943233
14.000000000000000	2.224549864144604	-1.240209754938119	0.244741275068523
14.000000000000000	2.279149823422201	-1.084860167901512	0.251239256127054
14.000000000000000	2.323923569105750	-0.926391881180535	0.256649938042525
14.000000000000000	2.358690813123999	-0.765442990635422	0.260951533908529
14.000000000000000	2.383311560056168	-0.602661580642490	0.264126722716735
14.000000000000000	2.397686670844100	-0.438703114487093	0.266162719102475
14.000000000000000	2.401758261990259	-0.274227795044324	0.267051324826897
14.000000000000000	2.395509938634141	-0.109897906375038	0.266788961788376
14.000000000000000	2.378966860568595	0.053624853058304	0.265376686430269
14.000000000000000	2.352195640930214	0.215682034817806	0.262820185486989
14.000000000000000	2.315304077971748	0.375621091829589	0.259129753085533
14.000000000000000	2.268440720996582	0.532798005960563	0.254320249294668
14.000000000000000	2.211794272203125	0.686579881252136	0.248411040288674
14.000000000000000	2.145592826847658	0.836347492368864	0.241425920366600
14.000000000000000	2.070102954785240	0.981497778000321	0.233393016141018
14.000000000000000	1.985628627086986	1.121446269176162	0.224344673282081
14.000000000000000	1.892509992055849	1.255629442716367	0.214317326272925
14.000000000000000	1.791122005569457	1.383506990340209	0.203351351700866
14.000000000000000	1.681872921265134	1.504563994296985	0.191490905675135
14.000000000000000	1.565202646646590	1.618313000758079	0.178783746025806
14.000000000000000	1.441580971731665	1.724295982621475	0.165281039999874
14.000000000000000	1.311505677373745	1.822086183825242	0.151037158228809
14.000000000000000	1.175500530873943	1.911289837743574	0.136109455797215
14.000000000000000	1.034113176955044	1.991547752746017	0.120558041294144


15.000000000000000	nan	nan	nan
15.000000000000000	nan	nan	nan
15.000000000000000	nan	nan	nan
15.000000000000000	nan	nan	nan
15.000000000000000	nan	nan	nan
15.000000000000000	nan	nan	nan
15.000000000000000	nan	nan	nan
15.000000000000000	nan	nan	nan
15.000000000000000	nan	nan	nan
15.000000000000000	nan	nan	nan
15.000000000000000	nan	nan	nan
15.000000000000000	nan	nan	nan
15.000000000000000	nan	nan	nan
15.000000000000000	nan	nan	nan
15.000000000000000	nan	nan	nan
15.000000000000000	nan	nan	nan
15.000000000000000	nan	nan	nan
15.000000000000000	nan	nan	nan
15.000000000000000	nan	nan	nan
15.000000000000000	nan	nan	nan
15.000000000000000	nan	nan	nan
15.000000000000000	nan	nan	nan
15.000000000000000	nan	nan	nan
15.000000000000000	nan	nan	nan
15.000000000000000	nan	nan	nan
15.000000000000000	nan	nan	nan
15.000000000000000	nan	nan	nan
15.000000000000000	nan	nan	nan
15.000000000000000	nan	nan	nan
15.000000000000000	nan	nan	nan
15.000000000000000	nan	nan	nan
15.000000000000000	nan	nan	nan
15.000000000000000	nan	nan	nan
15.000000000000000	nan	nan	nan
15.000000000000000	nan	nan	nan
15.000000000000000	nan	nan	nan
15.000000000000000	nan	nan	nan
15.000000000000000	nan	nan	nan
15.000000000000000	nan	nan	nan
15.000000000000000	nan	nan	nan
15.000000000000000	nan	nan	nan
15.000000000000000	nan	nan	nan
15.000000000000000	nan	nan	nan
15.000000000000000	nan	nan	nan
15.000000000000000	nan	nan	nan
15.000000000000000	nan	nan	nan
15.000000000000000	nan	nan	nan
15.000000000000000	nan	nan	nan
15.000000000000000	nan	nan	nan
15.000000000000000	nan	nan	nan
15.000000000000000	nan	nan	nan
15.000000000000000	nan	nan	nan
15.000000000000000	nan	nan	nan
15.000000000000000	nan	nan	nan
15.000000000000000	nan	nan	nan
15.000000000000000	nan	nan	nan
15.000000000000000	nan	nan	nan
15.000000000000000	nan	nan	nan
15.000000000000000	nan	nan	nan
15.000000000000000	nan	nan	nan
15.000000000000000	nan	nan	nan
15.000000000000000	nan	nan	nan
15.000000000000000	nan	nan	nan
15.000000000000000	nan	nan	nan
15.000000000000000	nan	nan	nan
15.000000000000000	nan	nan	nan
15.000000000000000	nan	nan	nan
15.000000000000000	nan	nan	nan
15.000000000000000	nan	nan	nan
15.000000000000000	nan	nan	nan
15.000000000000000	nan	nan	nan
15.000000000000000	nan	nan	nan
15.000000000000000	nan	nan	nan
15.000000000000000	nan	nan	nan
15.000000000000000	nan	nan	nan
15.000000000000000	nan	nan	nan
15.000000000000000	nan	nan	nan
15.000000000000000	nan	nan	nan
15.000000000000000	nan	nan	nan
15.000000000000000	nan	nan	nan
15.000000000000000	nan	nan	nan
15.000000000000000	nan	nan	nan
15.000000000000000	nan	nan	nan
15.000000000000000	nan	nan	nan
15.000000000000000	nan	nan	nan
15.000000000000000	nan	nan	nan
15.000000000000000	nan	nan	nan
15.000000000000000	nan	nan	nan
15.000000000000000	nan	nan	nan
15.000000000000000	nan	nan	nan
15.000000000000000	nan	nan	nan
15.000000000000000	nan	nan	nan
15.000000000000000	nan	nan	nan
15.000000000000000	nan	nan	nan
15.000000000000000	nan	nan	nan
15.000000000000000	nan	nan	nan
15.000000000000000	nan	nan	nan
15.000000000000000	nan	nan	nan
15.000000000000000	nan	nan	nan
15.000000000000000	nan	nan	nan


16.000000000000000	0.363120661765047	0.678514434438614	0.038112897212123
16.000000000000000	0.315695888929003	0.701813402578580	0.041113165350733
16.000000000000000	0.266874428323413	0.722051926215753	0.043934713744290
16.000000000000000	0.216852866738906	0.739148511958508	0.046566181013261
16.000000000000000	0.165832623349184	0.753034317890192	0.048996971167713
16.000000000000000	0.114019138667101	0.763653430771226	0.051217296273627
16.000000000000000	0.061621047308225	0.770963091181989	0.053218215865452
16.000000000000000	0.008849337892878	0.774933865699905	0.054991672946202
16.000000000000000	-0.044083496530570	0.775549765417451	0.056530526430145
16.000000000000000	-0.096964314120210	0.772808310323841	0.057828579897429
16.000000000000000	-0.149580182487563	0.766720539291160	0.058880606544882
16.000000000000000	-0.201719236101158	0.757310965624714	0.059682370232500
16.000000000000000	-0.253171529394246	0.744617478356607	0.060230642540891
16.000000000000000	-0.303729882141502	0.728691189679982	0.060523215770979
16.000000000000000	-0.353190713700669	0.709596229138255	0.060558911833627
16.000000000000000	-0.401354862759951	0.687409485398079	0.060337586993390
16.000000000000000	-0.448028389290321	0.662220296645824	0.059860132447285
16.000000000000000	-0.493023355473572	0.634130090854227	0.059128470736254
16.000000000000000	-0.536158582461578	0.603251977367749	0.058145548003772
16.000000000000000	-0.577260379919567	0.569710291451162	0.056915322132766
16.000000000000000	-0.616163245415799	0.533640093635322	0.055442746808618
16.000000000000000	-0.652710530841444	0.495186625876082	0.053733751572423
16.000000000000000	-0.686755073177232	0.454504726716198	0.051795217944817
16.000000000000000	-0.718159787066983	0.411758207805163	0.049634951716525
16.000000000000000	-0.746798216811963	0.367119194287515	0.047261651517195
16.000000000000000	-0.772555045563344	0.320767431715627	0.044684873789091
16.000000000000000	-0.795326559662455	0.272889562277810	0.041914994306663
16.000000000000000	-0.815021066259084	0.223678373256096	0.038963166396978
16.000000000000000	-0.831559262526220	0.173332020739891	0.035841276029197
16.000000000000000	-0.844874554984548	0.122053231721347	0.032561893953980
16.000000000000000	-0.854913327650889	0.070048487785314	0.029138225085507
16.000000000000000	-0.861635157930836	0.017527193680870	0.025584055329948
16.000000000000000	-0.865012979386281	-0.035299165877688	0.021913696074486
16.000000000000000	-0.865033190722403	-0.088217877785154	0.018141926560414
16.000000000000000	-0.861695710555286	-0.141015857066005	0.014283934372341
16.000000000000000	-0.855013977739620	-0.193480504892395	0.010355254283155
16.000000000000000	-0.845014897255177	-0.245400564644597	0.006371705700972
16.000000000000000	-0.831738731869955	-0.296566972566852	0.002349328969963
16.000000000000000	-0.815238940016221	-0.346773699593321	-0.001695679218448
16.000000000000000	-0.795581960532271	-0.395818580954420	-0.005747031043947
16.000000000000000	-0.772846945136678	-0.443504130222993	-0.009788413142632
16.000000000000000	-0.747125439712258	-0.489638334522454	-0.013803552295173
16.000000000000000	-0.718521015683111	-0.534035427694867	-0.017776280953321
16.000000000000000	-0.687148852969048	-0.576516638315705	-0.021690602340919
16.000000000000000	-0.653135276196710	-0.616910909543277	-0.025530754867274
16.000000000000000	-0.616617246034879	-0.655055587904256	-0.029281275593521
16.000000000000000	-0.577741807702206	-0.690797078241808	-0.032927062496418
16.000000000000000	-0.536665498868012	-0.723991462189080	-0.036453435278865
16.000000000000000	-0.493553719330345	-0.754505077677668	-0.039846194482278
16.000000000000000	-0.448580065009370	-0.782215057147589	-0.043091678662799
16.000000000000000	-0.401925628937866	-0.807009822291584	-0.046176819401105
16.000000000000000	-0.353778272063501	-0.828789533341573	-0.049089193924325
16.000000000000000	-0.304331866799098	-0.847466491088174	-0.051817075128159
16.000000000000000	-0.253785516366857	-0.862965490014456	-0.054349478797787
16.000000000000000	-0.202342753079948	-0.875224121122018	-0.056676207837427
16.000000000000000	-0.150210718789725	-0.884193023229997	-0.058787893330442
16.000000000000000	-0.097599330798598	-0.889836081735123	-0.060676032264657
16.000000000000000	-0.044720436597146	-0.892130574032478	-0.062333021770992
16.000000000000000	0.008213039170958	-0.891067261011406	-0.063752189737528
16.000000000000000	0.060987952081336	-0.886650424258155	-0.064927821675750
16.000000000000000	0.113391796186275	-0.878897848815435	-0.065855183730776
16.000000000000000	0.165213559701175	-0.867840751568330	-0.066530541742916
16.000000000000000	0.216244574674529	-0.853523655544920	-0.066951176283819
16.000000000000000	0.266279357220119	-0.836004210637763	-0.067115393606649
16.000000000000000	0.315116434928099	-0.815352961468120	-0.067022532466206
16.000000000000000	0.362559158123279	-0.791653063327668	-0.066672966781528
16.000000000000000	0.408416491703968	-0.764999947341487	-0.066068104130251
16.000000000000000	0.452503784372896	-0.735500936200602	-0.065210380080789
16.000000000000000	0.494643512162819	-0.703274812011386	-0.064103248385160
16.000000000000000	0.534665993262883	-0.668451338001939	-0.062751167071948
16.000000000000000	0.572410071267383	-0.631170736011367	-0.061159580495391
16.000000000000000	0.607723764095732	-0.591583121865933	-0.059334897412894
16.000000000000000	0.640464875970658	-0.549847900915596	-0.057284465179219
16.000000000000000	0.670501569990411	-0.506133126164939	-0.055016540161284
16.000000000000000	0.697712898989440	-0.460614821583024	-0.052540254492686
16.000000000000000	0.721989292549933	-0.413476273317002	-0.049865579301822
16.000000000000000	0.743232998203224	-0.364907291663482	-0.047003284561678
16.000000000000000	0.761358475044480	-0.315103446769464	-0.043964895722941
16.000000000000000	0.776292738175738	-0.264265281140379	-0.040762647305085
16.000000000000000	0.787975652590320	-0.212597502126202	-0.037409433632275
16.000000000000000	0.796360175315293	-0.160308157637202	-0.033918756912477
16.000000000000000	0.801412544836908	-0.107607798408438	-0.030304672868827
16.000000000000000	0.803112417046303	-0.054708630186261	-0.026581734142201
16.000000000000000	0.801452947158050	-0.001823659250671	-0.022764931692864
16.000000000000000	0.796440817271691	0.050834165285797	-0.018869634437161
16.000000000000000	0.788096209465277	0.103052808948986	-0.014911527362322
16.000000000000000	0.776452724529267	0.154622005691107	-0.010906548368546
16.000000000000000	0.761557246668004	0.205334104557908	-0.006870824092710
16.000000000000000	0.743469754713569	0.254984905825772	-0.002820604972089
16.000000000000000	0.722263080612193	0.303374483241933	0.001227800190418
16.000000000000000	0.698022616155721	0.350307989056936	0.005258089896082
16.000000000000000	0.670845969138998	0.395596438607752	0.009254035590723
16.000000000000000	0.640842570327731	0.439057471292318	0.013199547011372
16.000000000000000	0.608133232819421	0.480516084871312	0.017078736976083
16.000000000000000	0.572849665571657	0.519805340140412	0.020875985356004
16.000000000000000	0.535133943056631	0.556767033135545	0.024576001972124
16.000000000000000	0.495137933177381	0.591252332164422	0.028163888163427
16.000000000000000	0.453022685749349	0.623122377099223	0.031625196778544
16.000000000000000	0.408957784009613	0.652248838517329	0.034945990349328
16.000000000000000	0.363120661765047	0.678514434438614	0.038112897212123


17.000000000000000	0.654337007167629	0.685492141832253	0.098638294243883
17.000000000000000	0.592067681149665	0.741071445452651	0.098543702026703
17.000000000000000	0.526221212774743	0.792416813985334	0.097872455552606
17.000000000000000	0.457062742530908	0.839321497753249	0.096627257694232
17.000000000000000	0.384870747168779	0.881596628149579	0.094813122423870
17.000000000000000	0.309935918373967	0.919071978144961	0.092437354623967
17.000000000000000	0.232559992254245	0.951596647731656	0.089509520672941
17.000000000000000	0.153054534354748	0.979039671544616	0.086041409924752
17.000000000000000	0.071739685093481	1.001290546212792	0.082046987237335
17.000000000000000	-0.011057129331150	1.018259675317203	0.077542336741044
17.000000000000000	-0.095002515370078	1.029878730164092	0.072545597073542
17.000000000000000	-0.179758454581724	1.036100924920466	0.067076888341899
17.000000000000000	-0.264983664712964	1.036901205004124	0.061158231106033
17.000000000000000	-0.350334973922305	1.032276347969624	0.054813457709679
17.000000000000000	-0.435468702611776	1.022244976483929	0.048068116315955
17.000000000000000	-0.520042047303361	1.006847483339502	0.040949368033928
17.000000000000000	-0.603714460987624	0.986145868806787	0.033485877550411
17.000000000000000	-0.686149024386314	0.960223490981000	0.025707697707391
17.000000000000000	-0.767013802607391	0.929184730128505	0.017646148489833
17.000000000000000	-0.845983181729679	0.893154568384317	0.009333690911164
17.000000000000000	-0.922739179935201	0.852278086493159	0.000803796304223
17.000000000000000	-0.996972727909735	0.806719879620508	-0.007909188455981
17.000000000000000	-1.068384913355857	0.756663394585953	-0.016770179255012
17.000000000000000	-1.136688184607261	0.702310191187606	-0.025743496010354
17.000000000000000	-1.201607508497830	0.643879130591925	-0.034793006342511
17.000000000000000	-1.262881477823129	0.581605494057052	-0.043882271067341
17.000000000000000	-1.320263363934951	0.515740035538221	-0.052974690923799
17.000000000000000	-1.373522110230502	0.446547971990083	-0.062033653946234
17.000000000000000	-1.422443262535792	0.374307915431640	-0.071022682887860
17.000000000000000	-1.466829832636905	0.299310751073974	-0.079905582101751
17.000000000000000	-1.506503091482005	0.221858466028172	-0.088646583287937
17.000000000000000	-1.541303288860155	0.142262933309812	-0.097210489519722
17.000000000000000	-1.571090296659024	0.060844656036403	-0.105562816969288
17.000000000000000	-1.595744173111345	-0.022068523125548	-0.113669933761899
17.000000000000000	-1.615165645758077	-0.106142742067245	-0.121499195399585
17.000000000000000	-1.629276511183559	-0.191039463582484	-0.129019076209023
17.000000000000000	-1.638019949913065	-0.276416838537489	-0.136199296284287
17.000000000000000	-1.641360755204774	-0.361931082376731	-0.143010943413348
17.000000000000000	-1.639285474814892	-0.447237859421988	-0.149426589497345
17.000000000000000	-1.631802465165091	-0.531993669390594	-0.155420400993861
17.000000000000000	-1.618941857694150	-0.615857230549840	-0.160968242939478
17.000000000000000	-1.600755437529284	-0.698490853938060	-0.166047776132756
17.000000000000000	-1.577316434965712	-0.779561803118891	-0.170638547086317
17.000000000000000	-1.548719230594107	-0.858743633993470	-0.174722070385814
17.000000000000000	-1.515078975263270	-0.935717509275596	-0.178281903124174
17.000000000000000	-1.476531126408299	-1.010173482336961	-0.181303711111381
17.000000000000000	-1.433230902611311	-1.081811745252816	-0.183775326593198
17.000000000000000	-1.385352658590990	-1.150343836022678	-0.185686797246422
17.000000000000000	-1.333089183137680	-1.215493800104992	-0.187030426253373
17.000000000000000	-1.276650922820963	-1.276999301588670	-0.187800803294267
17.000000000000000	-1.216265134595601	-1.334612679527224	-0.187994826332658
17.000000000000000	-1.152174970717992	-1.388101945181977	-0.187611714106251
17.000000000000000	-1.084638499657845	-1.437251716158839	-0.186653009272765
17.000000000000000	-1.013927666947544	-1.481864083677193	-0.185122572198194
17.000000000000000	-0.940327200153464	-1.521759409478699	-0.183026565412481
17.000000000000000	-0.864133462378561	-1.556777049167162	-0.180373428795178
17.000000000000000	-0.785653258912748	-1.586775999066813	-0.177173845591036
17.000000000000000	-0.705202601836283	-1.611635463994348	-0.173440699392344
17.000000000000000	-0.623105437550655	-1.631255343658500	-0.169189022261254
17.000000000000000	-0.539692342360760	-1.645556635728572	-0.164435934200970
17.000000000000000	-0.455299191360795	-1.654481753948953	-0.159200574219538
17.000000000000000	-0.370265805983801	-1.657994760018632	-0.153504023263816
17.000000000000000	-0.284934585660687	-1.656081508302062	-0.147369219333939
17.000000000000000	-0.199649129098571	-1.648749702788634	-0.140820865120094
17.000000000000000	-0.114752850730059	-1.636028866071435	-0.133885328533497
17.000000000000000	-0.030587597904529	-1.617970220470187	-0.126590536532129
17.000000000000000	0.052507725610493	-1.594646481777038	-0.118965862668728
17.000000000000000	0.134198524275188	-1.566151566455738	-0.111042008813861
17.000000000000000	0.214155858075592	-1.532600213473183	-0.102850881530327
17.000000000000000	0.292057767048934	-1.494127522286093	-0.094425463596689
17.000000000000000	0.367590567702771	-1.450888408843181	-0.085799681197266
17.000000000000000	0.440450116107702	-1.403056981793307	-0.077008267313366
17.000000000000000	0.510343032577622	-1.350825841411395	-0.068086621865824
17.000000000000000	0.576987883006178	-1.294405304065110	-0.059070669172018
17.000000000000000	0.640116312102579	-1.234022555345065	-0.049996713291322
17.000000000000000	0.699474123963638	-1.169920735268644	-0.040901291841471
17.000000000000000	0.754822305630962	-1.102357959240956	-0.031821028874471
17.000000000000000	0.805937989511771	-1.031606278715203	-0.022792487404469
17.000000000000000	0.852615350788040	-0.957950585737496	-0.013852022181396
17.000000000000000	0.894666436200393	-0.881687465787141	-0.005035633303224
17.000000000000000	0.931921920869542	-0.803124003531584	0.003621178743724
17.000000000000000	0.964231790107818	-0.722576546304843	0.012083556032702
17.000000000000000	0.991465943475363	-0.640369430288449	0.020317423557111
17.000000000000000	1.013514718648692	-0.556833674524109	0.028289626438524
17.000000000000000	1.030289332992160	-0.472305648016862	0.035968063429674
17.000000000000000	1.041722241054301	-0.387125715295811	0.043321816174857
17.000000000000000	1.047767406549521	-0.301636865886299	0.050321273707227
17.000000000000000	1.048400487729977	-0.216183333212142	0.056938251681718
17.000000000000000	1.043618935401195	-0.131109208489125	0.063146105863446
17.000000000000000	1.033442003186785	-0.046757055191126	0.068919839414647
17.000000000000000	1.017910670000890	0.036533470332090	0.074236203548111
17.000000000000000	0.997087475040561	0.118426986531114	0.079073791141852
17.000000000000000	0.971056265962488	0.198593737120018	0.083413122938025
17.000000000000000	0.939921861258073	0.276710918888536	0.087236725979029
17.000000000000000	0.903809628186370	0.352463981516659	0.090529203964932
17.000000000000000	0.862864977964368	0.425547894157754	0.093277299248947
17.000000000000000	0.817252780247353	0.495668373690129	0.095469946221287
17.000000000000000	0.767156699256990	0.562543069691290	0.097098315866475
17.000000000000000	0.712778454230329	0.625902701363450	0.098155851314673
17.000000000000000	0.654337007167629	0.685492141832252	0.098638294243883


18.000000000000000	nan	nan	nan
18.000000000000000	nan	nan	nan
18.000000000000000	nan	nan	nan
18.000000000000000	nan	nan	nan
18.000000000000000	nan	nan	nan
18.000000000000000	nan	nan	nan
18.000000000000000	nan	nan	nan
18.000000000000000	nan	nan	nan
18.000000000000000	nan	nan	nan
18.000000000000000	nan	nan	nan
18.000000000000000	nan	nan	nan
18.000000000000000	nan	nan	nan
18.000000000000000	nan	nan	nan
18.000000000000000	nan	nan	nan
18.000000000000000	nan	nan	nan
18.000000000000000	nan	nan	nan
18.000000000000000	nan	nan	nan
18.000000000000000	nan	nan	nan
18.000000000000000	nan	nan	nan
18.000000000000000	nan	nan	nan
18.000000000000000	nan	nan	nan
18.000000000000000	nan	nan	nan
18.000000000000000	nan	nan	nan
18.000000000000000	nan	nan	nan
18.000000000000000	nan	nan	nan
18.000000000000000	nan	nan	nan
18.000000000000000	nan	nan	nan
18.000000000000000	nan	nan	nan
18.000000000000000	nan	nan	nan
18.000000000000000	nan	nan	nan
18.000000000000000	nan	nan	nan
18.000000000000000	nan	nan	nan
18.000000000000000	nan	nan	nan
18.000000000000000	nan	nan	nan
18.000000000000000	nan	nan	nan
18.000000000000000	nan	nan	nan
18.000000000000000	nan	nan	nan
18.000000000000000	nan	nan	nan
18.000000000000000	nan	nan	nan
18.000000000000000	nan	nan	nan
18.000000000000000	nan	nan	nan
18.000000000000000	nan	nan	nan
18.000000000000000	nan	nan	nan
18.000000000000000	nan	nan	nan
18.000000000000000	nan	nan	nan
18.000000000000000	nan	nan	nan
18.000000000000000	nan	nan	nan
18.000000000000000	nan	nan	nan
18.000000000000000	nan	nan	nan
18.000000000000000	nan	nan	nan
18.000000000000000	nan	nan	nan
18.000000000000000	nan	nan	nan
18.000000000000000	nan	nan	nan
18.000000000000000	nan	nan	nan
18.000000000000000	nan	nan	nan
18.000000000000000	nan	nan	nan
18.000000000000000	nan	nan	nan
18.000000000000000	nan	nan	nan
18.000000000000000	nan	nan	nan
18.000000000000000	nan	nan	nan
18.000000000000000	nan	nan	nan
18.000000000000000	nan	nan	nan
18.000000000000000	nan	nan	nan
18.000000000000000	nan	nan	nan
18.000000000000000	nan	nan	nan
18.000000000000000	nan	nan	nan
18.000000000000000	nan	nan	nan
18.000000000000000	nan	nan	nan
18.000000000000000	nan	nan	nan
18.000000000000000	nan	nan	nan
18.000000000000000	nan	nan	nan
18.000000000000000	nan	nan	nan
18.000000000000000	nan	nan	nan
18.000000000000000	nan	nan	nan
18.000000000000000	nan	nan	nan
18.000000000000000	nan	nan	nan
18.000000000000000	nan	nan	nan
18.000000000000000	nan	nan	nan
18.000000000000000	nan	nan	nan
18.000000000000000	nan	nan	nan
18.000000000000000	nan	nan	nan
18.000000000000000	nan	nan	nan
18.000000000000000	nan	nan	nan
18.000000000000000	nan	nan	nan
18.000000000000000	nan	nan	nan
18.000000000000000	nan	nan	nan
18.000000000000000	nan	nan	nan
18.000000000000000	nan	nan	nan
18.000000000000000	nan	nan	nan
18.000000000000000	nan	nan	nan
18.000000000000000	nan	nan	nan
18.000000000000000	nan	nan	nan
18.000000000000000	nan	nan	nan
18.000000000000000	nan	nan	nan
18.000000000000000	nan	nan	nan
18.000000000000000	nan	nan	nan
18.000000000000000	nan	nan	nan
18.000000000000000	nan	nan	nan
18.000000000000000	nan	nan	nan
18.000000000000000	nan	nan	nan


