# n	x	y	z
1.000000000000000	0.288818814841337	-0.272647981861037	0.018305003966329
1.000000000000000	0.306271730293221	-0.252925096404124	0.018530168632884
1.000000000000000	0.322439256468300	-0.232134549093864	0.018677414206585
1.000000000000000	0.337256292444894	-0.210360056126382	0.018746147781476
1.000000000000000	0.350663175248707	-0.187689295699687	0.018736092591709
1.000000000000000	0.362605920094564	-0.164213554964513	0.018647289125985
1.000000000000000	0.373036437764087	-0.140027362443184	0.018480094964519
1.000000000000000	0.381912728244007	-0.115228107396619	0.018235183339187
1.000000000000000	0.389199049845393	-0.089915647672146	0.017913540422665
1.000000000000000	0.394866063122819	-0.064191907611202	0.017516461357457
1.000000000000000	0.398890949013953	-0.038160467635977	0.017045545040810
1.000000000000000	0.401257500723869	-0.011926147167619	0.016502687686526
1.000000000000000	0.401956188984093	0.014405417444588	0.015890075189572
1.000000000000000	0.400984200423597	0.040728198283511	0.015210174324256
1.000000000000000	0.398345448897257	0.066936202801174	0.014465722811394
1.000000000000000	0.394050559726139	0.092923900613335	0.013659718294481
1.000000000000000	0.388116826913080	0.118586648433102	0.012795406269230
1.000000000000000	0.380568143505845	0.143821111432511	0.011876267015116
1.000000000000000	0.371434905388255	0.168525679335410	0.010906001581508
1.000000000000000	0.360753888886688	0.192600875566176	0.009888516884860
1.000000000000000	0.348568102684799	0.215949757806780	0.008827909976930
1.000000000000000	0.334926614642726	0.238478308349281	0.007728451547401
1.000000000000000	0.319884354218134	0.260095812671956	0.006594568727322
1.000000000000000	0.303501891284684	0.280715224714661	0.005430827262613
1.000000000000000	0.285845192238518	0.300253517382593	0.004241913129417
1.000000000000000	0.266985354374874	0.318632016867096	0.003032613665329
1.000000000000000	0.246998319604367	0.335776719437324	0.001807798292475
1.000000000000000	0.225964568661719	0.351618589427142	0.000572398910071
1.000000000000000	0.203968797038243	0.366093837217391	-0.000668609964597
1.000000000000000	0.181099573942997	0.379144176094167	-0.001910231226796
1.000000000000000	0.157448985665836	0.390717056948850	-0.003147465305926
1.000000000000000	0.133112264778424	0.400765879874814	-0.004375330297025
1.000000000000000	0.108187406666282	0.409250181808806	-0.005588882021140
1.000000000000000	0.082774774935952	0.416135799461418	-0.006783233933795
1.000000000000000	0.056976697286183	0.421395006880601	-0.007953576801376
1.000000000000000	0.030897053470401	0.425006627094280	-0.009095198066220
1.000000000000000	0.004640857009603	0.426956117382555	-0.010203500822422
1.000000000000000	-0.021686167660025	0.427235627836095	-0.011274022325952
1.000000000000000	-0.047978010902095	0.425844032964955	-0.012302451964548
1.000000000000000	-0.074128804743416	0.422786936230527	-0.013284648615034
1.000000000000000	-0.100033249166948	0.418076647482377	-0.014216657318158
1.000000000000000	-0.125587036117809	0.411732133390826	-0.015094725203820
1.000000000000000	-0.150687269514999	0.403778941074864	-0.015915316602553
1.000000000000000	-0.175232879577597	0.394249095232919	-0.016675127282417
1.000000000000000	-0.199125029797102	0.383180969190696	-0.017371097753973
1.000000000000000	-0.222267514917166	0.370619130385340	-0.018000425589773
1.000000000000000	-0.244567148318205	0.356614160908099	-0.018560576708737
1.000000000000000	-0.265934137247030	0.341222453828091	-0.019049295580013
1.000000000000000	-0.286282444380572	0.324505986117319	-0.019464614305195
1.000000000000000	-0.305530134267810	0.306532069091282	-0.019804860542362
1.000000000000000	-0.323599703254922	0.287373077370061	-0.020068664240004
1.000000000000000	-0.340418391565138	0.267106157451272	-0.020254963153739
1.000000000000000	-0.355918476276685	0.245812917068343	-0.020363007123595
1.000000000000000	-0.370037544019086	0.223579096584982	-0.020392361094637
1.000000000000000	-0.382718742289780	0.200494223748985	-0.020342906868785
1.000000000000000	-0.393911008379082	0.176651253195601	-0.020214843580752
1.000000000000000	-0.403569274981690	0.152146192152021	-0.020008686896200
1.000000000000000	-0.411654651666820	0.127077713850159	-0.019725266935335
1.000000000000000	-0.418134581476245	0.101546760204373	-0.019365724930309
1.000000000000000	-0.422982972019673	0.075656135354003	-0.018931508629878
1.000000000000000	-0.426180300539595	0.049510091707388	-0.018424366469829
1.000000000000000	-0.427713692522539	0.023213910154210	-0.017846340532649
1.000000000000000	-0.427576973540189	-0.003126523863492	-0.017199758324777
1.000000000000000	-0.425770694111635	-0.029405146714618	-0.016487223404555
1.000000000000000	-0.422302127486619	-0.055516143659825	-0.015711604898623
1.000000000000000	-0.417185240358732	-0.081354374930128	-0.014876025948954
1.000000000000000	-0.410440636626464	-0.106815799087643	-0.013983851137067
1.000000000000000	-0.402095474428579	-0.131797891963739	-0.013038672936041
1.000000000000000	-0.392183356787875	-0.156200059487678	-0.012044297244898
1.000000000000000	-0.380744196303672	-0.179924042743435	-0.011004728063586
1.000000000000000	-0.367824054437858	-0.202874313623670	-0.009924151370290
1.000000000000000	-0.353474956041643	-0.224958459487704	-0.008806918265970
1.000000000000000	-0.337754679869845	-0.246087555274604	-0.007657527454017
1.000000000000000	-0.320726525926234	-0.266176521573019	-0.006480607125561
1.000000000000000	-0.302459060576759	-0.285144467205941	-0.005280896323377
1.000000000000000	-0.283025840456995	-0.302915014950924	-0.004063225859436
1.000000000000000	-0.262505116285531	-0.319416609084203	-0.002832498862926
1.000000000000000	-0.240979517775942	-0.334582803510338	-0.001593671037086
1.000000000000000	-0.218535720916102	-0.348352529317190	-0.000351730704332
1.000000000000000	-0.195264098954567	-0.360670340678872	0.000888321279949
1.000000000000000	-0.171258358499401	-0.371486638116526	0.002121491664086
1.000000000000000	-0.146615162194741	-0.380757868217916	0.003342814906182
1.000000000000000	-0.121433739494445	-0.388446699011645	0.004547373168599
1.000000000000000	-0.095815487100098	-0.394522170289833	0.005730316120356
1.000000000000000	-0.069863560672292	-0.398959818273943	0.006886880467699
1.000000000000000	-0.043682459459178	-0.401741774121781	0.008012409134202
1.000000000000000	-0.017377605514888	-0.402856835879023	0.009102370013175
1.000000000000000	0.008945080797880	-0.402300513585527	0.010152374216851
1.000000000000000	0.035179607311772	-0.400075047354819	0.011158193748897
1.000000000000000	0.061220336847831	-0.396189398353943	0.012115778529054
1.000000000000000	0.086962412579127	-0.390659212720013	0.013021272701385
1.000000000000000	0.112302180252196	-0.383506758558730	0.013871030160448
1.000000000000000	0.137137605566131	-0.374760836278589	0.014661629232871
1.000000000000000	0.161368685028702	-0.364456662621792	0.015389886455226
1.000000000000000	0.184897848635121	-0.352635728858862	0.016052869392714
1.000000000000000	0.207630352748017	-0.339345633717937	0.016647908447040
1.000000000000000	0.229474661596624	-0.324639891721493	0.017172607605948
1.000000000000000	0.250342815859019	-0.308577717702250	0.017624854091115
1.000000000000000	0.270150786843275	-0.291223788365940	0.018002826865562
1.000000000000000	0.288818814841337	-0.272647981861038	0.018305003966329


2.000000000000000	nan	nan	nan
2.000000000000000	nan	nan	nan
2.000000000000000	nan	nan	nan
2.000000000000000	nan	nan	nan
2.000000000000000	nan	nan	nan
2.000000000000000	nan	nan	nan
2.000000000000000	nan	nan	nan
2.000000000000000	nan	nan	nan
2.000000000000000	nan	nan	nan
2.000000000000000	nan	nan	nan
2.000000000000000	nan	nan	nan
2.000000000000000	nan	nan	nan
2.000000000000000	nan	nan	nan
2.000000000000000	nan	nan	nan
2.000000000000000	nan	nan	nan
2.000000000000000	nan	nan	nan
2.000000000000000	nan	nan	nan
2.000000000000000	nan	nan	nan
2.000000000000000	nan	nan	nan
2.000000000000000	nan	nan	nan
2.000000000000000	nan	nan	nan
2.000000000000000	nan	nan	nan
2.000000000000000	nan	nan	nan
2.000000000000000	nan	nan	nan
2.000000000000000	nan	nan	nan
2.000000000000000	nan	nan	nan
2.000000000000000	nan	nan	nan
2.000000000000000	nan	nan	nan
2.000000000000000	nan	nan	nan
2.000000000000000	nan	nan	nan
2.000000000000000	nan	nan	nan
2.000000000000000	nan	nan	nan
2.000000000000000	nan	nan	nan
2.000000000000000	nan	nan	nan
2.000000000000000	nan	nan	nan
2.000000000000000	nan	nan	nan
2.000000000000000	nan	nan	nan
2.000000000000000	nan	nan	nan
2.000000000000000	nan	nan	nan
2.000000000000000	nan	nan	nan
2.000000000000000	nan	nan	nan
2.000000000000000	nan	nan	nan
2.000000000000000	nan	nan	nan
2.000000000000000	nan	nan	nan
2.000000000000000	nan	nan	nan
2.000000000000000	nan	nan	nan
2.000000000000000	nan	nan	nan
2.000000000000000	nan	nan	nan
2.000000000000000	nan	nan	nan
2.000000000000000	nan	nan	nan
2.000000000000000	nan	nan	nan
2.000000000000000	nan	nan	nan
2.000000000000000	nan	nan	nan
2.000000000000000	nan	nan	nan
2.000000000000000	nan	nan	nan
2.000000000000000	nan	nan	nan
2.000000000000000	nan	nan	nan
2.000000000000000	nan	nan	nan
2.000000000000000	nan	nan	nan
2.000000000000000	nan	nan	nan
2.000000000000000	nan	nan	nan
2.000000000000000	nan	nan	nan
2.000000000000000	nan	nan	nan
2.000000000000000	nan	nan	nan
2.000000000000000	nan	nan	nan
2.000000000000000	nan	nan	nan
2.000000000000000	nan	nan	nan
2.000000000000000	nan	nan	nan
2.000000000000000	nan	nan	nan
2.000000000000000	nan	nan	nan
2.000000000000000	nan	nan	nan
2.000000000000000	nan	nan	nan
2.000000000000000	nan	nan	nan
2.000000000000000	nan	nan	nan
2.000000000000000	nan	nan	nan
2.000000000000000	nan	nan	nan
2.000000000000000	nan	nan	nan
2.000000000000000	nan	nan	nan
2.000000000000000	nan	nan	nan
2.000000000000000	nan	nan	nan
2.000000000000000	nan	nan	nan
2.000000000000000	nan	nan	nan
2.000000000000000	nan	nan	nan
2.000000000000000	nan	nan	nan
2.000000000000000	nan	nan	nan
2.000000000000000	nan	nan	nan
2.000000000000000	nan	nan	nan
2.000000000000000	nan	nan	nan
2.000000000000000	nan	nan	nan
2.000000000000000	nan	nan	nan
2.000000000000000	nan	nan	nan
2.000000000000000	nan	nan	nan
2.000000000000000	nan	nan	nan
2.000000000000000	nan	nan	nan
2.000000000000000	nan	nan	nan
2.000000000000000	nan	nan	nan
2.000000000000000	nan	nan	nan
2.000000000000000	nan	nan	nan
2.000000000000000	nan	nan	nan
2.000000000000000	nan	nan	nan


3.000000000000000	nan	nan	nan
3.000000000000000	nan	nan	nan
3.000000000000000	nan	nan	nan
3.000000000000000	nan	nan	nan
3.000000000000000	nan	nan	nan
3.000000000000000	nan	nan	nan
3.000000000000000	nan	nan	nan
3.000000000000000	nan	nan	nan
3.000000000000000	nan	nan	nan
3.000000000000000	nan	nan	nan
3.000000000000000	nan	nan	nan
3.000000000000000	nan	nan	nan
3.000000000000000	nan	nan	nan
3.000000000000000	nan	nan	nan
3.000000000000000	nan	nan	nan
3.000000000000000	nan	nan	nan
3.000000000000000	nan	nan	nan
3.000000000000000	nan	nan	nan
3.000000000000000	nan	nan	nan
3.000000000000000	nan	nan	nan
3.000000000000000	nan	nan	nan
3.000000000000000	nan	nan	nan
3.000000000000000	nan	nan	nan
3.000000000000000	nan	nan	nan
3.000000000000000	nan	nan	nan
3.000000000000000	nan	nan	nan
3.000000000000000	nan	nan	nan
3.000000000000000	nan	nan	nan
3.000000000000000	nan	nan	nan
3.000000000000000	nan	nan	nan
3.000000000000000	nan	nan	nan
3.000000000000000	nan	nan	nan
3.000000000000000	nan	nan	nan
3.000000000000000	nan	nan	nan
3.000000000000000	nan	nan	nan
3.000000000000000	nan	nan	nan
3.000000000000000	nan	nan	nan
3.000000000000000	nan	nan	nan
3.000000000000000	nan	nan	nan
3.000000000000000	nan	nan	nan
3.000000000000000	nan	nan	nan
3.000000000000000	nan	nan	nan
3.000000000000000	nan	nan	nan
3.000000000000000	nan	nan	nan
3.000000000000000	nan	nan	nan
3.000000000000000	nan	nan	nan
3.000000000000000	nan	nan	nan
3.000000000000000	nan	nan	nan
3.000000000000000	nan	nan	nan
3.000000000000000	nan	nan	nan
3.000000000000000	nan	nan	nan
3.000000000000000	nan	nan	nan
3.000000000000000	nan	nan	nan
3.000000000000000	nan	nan	nan
3.000000000000000	nan	nan	nan
3.000000000000000	nan	nan	nan
3.000000000000000	nan	nan	nan
3.000000000000000	nan	nan	nan
3.000000000000000	nan	nan	nan
3.000000000000000	nan	nan	nan
3.000000000000000	nan	nan	nan
3.000000000000000	nan	nan	nan
3.000000000000000	nan	nan	nan
3.000000000000000	nan	nan	nan
3.000000000000000	nan	nan	nan
3.000000000000000	nan	nan	nan
3.000000000000000	nan	nan	nan
3.000000000000000	nan	nan	nan
3.000000000000000	nan	nan	nan
3.000000000000000	nan	nan	nan
3.000000000000000	nan	nan	nan
3.000000000000000	nan	nan	nan
3.000000000000000	nan	nan	nan
3.000000000000000	nan	nan	nan
3.000000000000000	nan	nan	nan
3.000000000000000	nan	nan	nan
3.000000000000000	nan	nan	nan
3.000000000000000	nan	nan	nan
3.000000000000000	nan	nan	nan
3.000000000000000	nan	nan	nan
3.000000000000000	nan	nan	nan
3.000000000000000	nan	nan	nan
3.000000000000000	nan	nan	nan
3.000000000000000	nan	nan	nan
3.000000000000000	nan	nan	nan
3.000000000000000	nan	nan	nan
3.000000000000000	nan	nan	nan
3.000000000000000	nan	nan	nan
3.000000000000000	nan	nan	nan
3.000000000000000	nan	nan	nan
3.000000000000000	nan	nan	nan
3.000000000000000	nan	nan	nan
3.000000000000000	nan	nan	nan
3.000000000000000	nan	nan	nan
3.000000000000000	nan	nan	nan
3.000000000000000	nan	nan	nan
3.000000000000000	nan	nan	nan
3.000000000000000	nan	nan	nan
3.000000000000000	nan	nan	nan
3.000000000000000	nan	nan	nan


4.000000000000000	-0.286771777056969	0.385235342380973	0.015902208523516
4.000000000000000	-0.312589946341701	0.364659162246701	0.017004135207706
4.000000000000000	-0.337049183628424	0.342479967292797	0.018032033538748
4.000000000000000	-0.360051000201320	0.318787065309330	0.018981764532854
4.000000000000000	-0.381502775863397	0.293675859250327	0.019849503958512
4.000000000000000	-0.401318131885334	0.267247463079742	0.020631757735319
4.000000000000000	-0.419417278822138	0.239608294621217	0.021325376003405
4.000000000000000	-0.435727337797075	0.210869647051062	0.021927565806815
4.000000000000000	-0.450182633959188	0.181147240759916	0.022435902339749
4.000000000000000	-0.462724960932737	0.150560757387575	0.022848338710403
4.000000000000000	-0.473303815193737	0.119233357907271	0.023163214183080
4.000000000000000	-0.481876599429818	0.087291186699900	0.023379260865383
4.000000000000000	-0.488408794064574	0.054862863615125	0.023495608813576
4.000000000000000	-0.492874096255708	0.022078966064632	0.023511789535537
4.000000000000000	-0.495254525807296	-0.010928496767014	0.023427737877207
4.000000000000000	-0.495540497569691	-0.044026615476769	0.023243792284951
4.000000000000000	-0.493730860035540	-0.077082115622363	0.022960693442744
4.000000000000000	-0.489832899976491	-0.109961894371443	0.022579581289708
4.000000000000000	-0.483862313101941	-0.142533556459699	0.022101990429972
4.000000000000000	-0.475843140857953	-0.174665947299867	0.021529843953363
4.000000000000000	-0.465807673620837	-0.206229681094961	0.020865445691810
4.000000000000000	-0.453796320675200	-0.237097661829211	0.020111470942614
4.000000000000000	-0.439857447500023	-0.267145595038862	0.019270955695982
4.000000000000000	-0.424047181017944	-0.296252488302109	0.018347284410155
4.000000000000000	-0.406429183591950	-0.324301138432878	0.017344176383399
4.000000000000000	-0.387074396679515	-0.351178603416689	0.016265670777697
4.000000000000000	-0.366060755176383	-0.376776657188285	0.015116110354470
4.000000000000000	-0.343472873600252	-0.400992225419802	0.013900123987813
4.000000000000000	-0.319401705377980	-0.423727800564705	0.012622608025650
4.000000000000000	-0.293944176608226	-0.444891834486266	0.011288706573868
4.000000000000000	-0.267202795774272	-0.464399107089596	0.009903790782823
4.000000000000000	-0.239285240978532	-0.482171069472892	0.008473437219606
4.000000000000000	-0.210303926360841	-0.498136160216139	0.007003405413184
4.000000000000000	-0.180375549446390	-0.512230093533695	0.005499614662801
4.000000000000000	-0.149620621245980	-0.524396118130455	0.003968120203056
4.000000000000000	-0.118162981000713	-0.534585245719291	0.002415088821607
4.000000000000000	-0.086129297525079	-0.542756448279591	0.000846774027694
4.000000000000000	-0.053648559156346	-0.548876823262620	-0.000730509128534
4.000000000000000	-0.020851554364049	-0.552921726078469	-0.002310409484500
4.000000000000000	0.012129654889010	-0.554874869331124	-0.003886565339086
4.000000000000000	0.045162264913682	-0.554728388402054	-0.005452630068960
4.000000000000000	0.078113265048052	-0.552482873118262	-0.007002297684189
4.000000000000000	0.110849973244429	-0.548147365377255	-0.008529328220229
4.000000000000000	0.143240570333122	-0.541739322738515	-0.010027572864070
4.000000000000000	0.175154630811716	-0.533284548128070	-0.011490998713327
4.000000000000000	0.206463648022532	-0.522817085939216	-0.012913713068611
4.000000000000000	0.237041551603583	-0.510379084947763	-0.014289987161352
4.000000000000000	0.266765215129431	-0.496020628593787	-0.015614279221525
4.000000000000000	0.295514951897838	-0.479799533313298	-0.016881256792406
4.000000000000000	0.323174996865878	-0.461781115731858	-0.018085818202488
4.000000000000000	0.349633972794906	-0.442037929657577	-0.019223113108115
4.000000000000000	0.374785338727385	-0.420649473932542	-0.020288562024103
4.000000000000000	0.398527818989725	-0.397701872319037	-0.021277874763711
4.000000000000000	0.420765810993668	-0.373287526709545	-0.022187067713709
4.000000000000000	0.441409770194176	-0.347504745056945	-0.023012479874981
4.000000000000000	0.460376570653704	-0.320457345523080	-0.023750787604077
4.000000000000000	0.477589839761018	-0.292254238439661	-0.024399017996354
4.000000000000000	0.492980265756736	-0.263008987764803	-0.024954560856810
4.000000000000000	0.506485876827330	-0.232839353801044	-0.025415179210423
4.000000000000000	0.518052290643739	-0.201866819016172	-0.025779018309654
4.000000000000000	0.527632933339820	-0.170216098876202	-0.026044613102865
4.000000000000000	0.535189227048861	-0.138014639660214	-0.026210894133565
4.000000000000000	0.540690745243045	-0.105392105279166	-0.026277191846731
4.000000000000000	0.544115335250329	-0.072479855165090	-0.026243239284870
4.000000000000000	0.545449207455442	-0.039410415333023	-0.026109173162967
4.000000000000000	0.544686990825797	-0.006316944745514	-0.025875533317976
4.000000000000000	0.541831754538740	0.026667300871514	-0.025543260535091
4.000000000000000	0.536894995623062	0.059409505602545	-0.025113692759536
4.000000000000000	0.529896592664518	0.091777828145285	-0.024588559709130
4.000000000000000	0.520864725761779	0.123641932689051	-0.023969975909323
4.000000000000000	0.509835763055123	0.154873513731084	-0.023260432178753
4.000000000000000	0.496854114284764	0.185346812717519	-0.022462785599593
4.000000000000000	0.481972051968509	0.214939124428698	-0.021580248013094
4.000000000000000	0.465249500918774	0.243531291069783	-0.020616373086629
4.000000000000000	0.446753796946516	0.271008182077137	-0.019575042004335
4.000000000000000	0.426559415723689	0.297259157708471	-0.018460447838948
4.000000000000000	0.404747672895995	0.322178514550035	-0.017277078667784
4.000000000000000	0.381406396653483	0.345665911146961	-0.016029699500831
4.000000000000000	0.356629574077423	0.367626772042883	-0.014723333093740
4.000000000000000	0.330516972687505	0.387972668601922	-0.013363239722960
4.000000000000000	0.303173738713245	0.406621675079592	-0.011954896004456
4.000000000000000	0.274709973707234	0.423498698508858	-0.010503972841319
4.000000000000000	0.245240291205042	0.438535781073012	-0.009016312589031
4.000000000000000	0.214883355216965	0.451672373747811	-0.007497905530368
4.000000000000000	0.183761402409936	0.462855580111032	-0.005954865754643
4.000000000000000	0.151999749903609	0.472040369337695	-0.004393406538427
4.000000000000000	0.119726290662549	0.479189757523297	-0.002819815326875
4.000000000000000	0.087070978516405	0.484274956604947	-0.001240428416408
4.000000000000000	0.054165304881699	0.487275490280733	0.000338394559321
4.000000000000000	0.021141769292307	0.488179276460562	0.001910296237424
4.000000000000000	-0.011866654129405	0.486982675916472	0.003468947124636
4.000000000000000	-0.044727052112434	0.483690506936524	0.005008071083951
4.000000000000000	-0.077307107431976	0.478316025923248	0.006521470606409
4.000000000000000	-0.109475631704187	0.470880874014795	0.008003051766278
4.000000000000000	-0.141103093635501	0.461414989943710	0.009446848759141
4.000000000000000	-0.172062140599438	0.449956489484223	0.010847047924088
4.000000000000000	-0.202228111440677	0.436551511973477	0.012198011153273
4.000000000000000	-0.231479538441530	0.421254034524705	0.013494298594586
4.000000000000000	-0.259698636429575	0.404125654680445	0.014730690556018
4.000000000000000	-0.286771777056969	0.385235342380973	0.015902208523516


5.000000000000000	nan	nan	nan
5.000000000000000	nan	nan	nan
5.000000000000000	nan	nan	nan
5.000000000000000	nan	nan	nan
5.000000000000000	nan	nan	nan
5.000000000000000	nan	nan	nan
5.000000000000000	nan	nan	nan
5.000000000000000	nan	nan	nan
5.000000000000000	nan	nan	nan
5.000000000000000	nan	nan	nan
5.000000000000000	nan	nan	nan
5.000000000000000	nan	nan	nan
5.000000000000000	nan	nan	nan
5.000000000000000	nan	nan	nan
5.000000000000000	nan	nan	nan
5.000000000000000	nan	nan	nan
5.000000000000000	nan	nan	nan
5.000000000000000	nan	nan	nan
5.000000000000000	nan	nan	nan
5.000000000000000	nan	nan	nan
5.000000000000000	nan	nan	nan
5.000000000000000	nan	nan	nan
5.000000000000000	nan	nan	nan
5.000000000000000	nan	nan	nan
5.000000000000000	nan	nan	nan
5.000000000000000	nan	nan	nan
5.000000000000000	nan	nan	nan
5.000000000000000	nan	nan	nan
5.000000000000000	nan	nan	nan
5.000000000000000	nan	nan	nan
5.000000000000000	nan	nan	nan
5.000000000000000	nan	nan	nan
5.000000000000000	nan	nan	nan
5.000000000000000	nan	nan	nan
5.000000000000000	nan	nan	nan
5.000000000000000	nan	nan	nan
5.000000000000000	nan	nan	nan
5.000000000000000	nan	nan	nan
5.000000000000000	nan	nan	nan
5.000000000000000	nan	nan	nan
5.000000000000000	nan	nan	nan
5.000000000000000	nan	nan	nan
5.000000000000000	nan	nan	nan
5.000000000000000	nan	nan	nan
5.000000000000000	nan	nan	nan
5.000000000000000	nan	nan	nan
5.000000000000000	nan	nan	nan
5.000000000000000	nan	nan	nan
5.000000000000000	nan	nan	nan
5.000000000000000	nan	nan	nan
5.000000000000000	nan	nan	nan
5.000000000000000	nan	nan	nan
5.000000000000000	nan	nan	nan
5.000000000000000	nan	nan	nan
5.000000000000000	nan	nan	nan
5.000000000000000	nan	nan	nan
5.000000000000000	nan	nan	nan
5.000000000000000	nan	nan	nan
5.000000000000000	nan	nan	nan
5.000000000000000	nan	nan	nan
5.000000000000000	nan	nan	nan
5.000000000000000	nan	nan	nan
5.000000000000000	nan	nan	nan
5.000000000000000	nan	nan	nan
5.000000000000000	nan	nan	nan
5.000000000000000	nan	nan	nan
5.000000000000000	nan	nan	nan
5.000000000000000	nan	nan	nan
5.000000000000000	nan	nan	nan
5.000000000000000	nan	nan	nan
5.000000000000000	nan	nan	nan
5.000000000000000	nan	nan	nan
5.000000000000000	nan	nan	nan
5.000000000000000	nan	nan	nan
5.000000000000000	nan	nan	nan
5.000000000000000	nan	nan	nan
5.000000000000000	nan	nan	nan
5.000000000000000	nan	nan	nan
5.000000000000000	nan	nan	nan
5.000000000000000	nan	nan	nan
5.000000000000000	nan	nan	nan
5.000000000000000	nan	nan	nan
5.000000000000000	nan	nan	nan
5.000000000000000	nan	nan	nan
5.000000000000000	nan	nan	nan
5.000000000000000	nan	nan	nan
5.000000000000000	nan	nan	nan
5.000000000000000	nan	nan	nan
5.000000000000000	nan	nan	nan
5.000000000000000	nan	nan	nan
5.000000000000000	nan	nan	nan
5.000000000000000	nan	nan	nan
5.000000000000000	nan	nan	nan
5.000000000000000	nan	nan	nan
5.000000000000000	nan	nan	nan
5.000000000000000	nan	nan	nan
5.000000000000000	nan	nan	nan
5.000000000000000	nan	nan	nan
5.000000000000000	nan	nan	nan
5.000000000000000	nan	nan	nan


6.000000000000000	nan	nan	nan
6.000000000000000	nan	nan	nan
6.000000000000000	nan	nan	nan
6.000000000000000	nan	nan	nan
6.000000000000000	nan	nan	nan
6.000000000000000	nan	nan	nan
6.000000000000000	nan	nan	nan
6.000000000000000	nan	nan	nan
6.000000000000000	nan	nan	nan
6.000000000000000	nan	nan	nan
6.000000000000000	nan	nan	nan
6.000000000000000	nan	nan	nan
6.000000000000000	nan	nan	nan
6.000000000000000	nan	nan	nan
6.000000000000000	nan	nan	nan
6.000000000000000	nan	nan	nan
6.000000000000000	nan	nan	nan
6.000000000000000	nan	nan	nan
6.000000000000000	nan	nan	nan
6.000000000000000	nan	nan	nan
6.000000000000000	nan	nan	nan
6.000000000000000	nan	nan	nan
6.000000000000000	nan	nan	nan
6.000000000000000	nan	nan	nan
6.000000000000000	nan	nan	nan
6.000000000000000	nan	nan	nan
6.000000000000000	nan	nan	nan
6.000000000000000	nan	nan	nan
6.000000000000000	nan	nan	nan
6.000000000000000	nan	nan	nan
6.000000000000000	nan	nan	nan
6.000000000000000	nan	nan	nan
6.000000000000000	nan	nan	nan
6.000000000000000	nan	nan	nan
6.000000000000000	nan	nan	nan
6.000000000000000	nan	nan	nan
6.000000000000000	nan	nan	nan
6.000000000000000	nan	nan	nan
6.000000000000000	nan	nan	nan
6.000000000000000	nan	nan	nan
6.000000000000000	nan	nan	nan
6.000000000000000	nan	nan	nan
6.000000000000000	nan	nan	nan
6.000000000000000	nan	nan	nan
6.000000000000000	nan	nan	nan
6.000000000000000	nan	nan	nan
6.000000000000000	nan	nan	nan
6.000000000000000	nan	nan	nan
6.000000000000000	nan	nan	nan
6.000000000000000	nan	nan	nan
6.000000000000000	nan	nan	nan
6.000000000000000	nan	nan	nan
6.000000000000000	nan	nan	nan
6.000000000000000	nan	nan	nan
6.000000000000000	nan	nan	nan
6.000000000000000	nan	nan	nan
6.000000000000000	nan	nan	nan
6.000000000000000	nan	nan	nan
6.000000000000000	nan	nan	nan
6.000000000000000	nan	nan	nan
6.000000000000000	nan	nan	nan
6.000000000000000	nan	nan	nan
6.000000000000000	nan	nan	nan
6.000000000000000	nan	nan	nan
6.000000000000000	nan	nan	nan
6.000000000000000	nan	nan	nan
6.000000000000000	nan	nan	nan
6.000000000000000	nan	nan	nan
6.000000000000000	nan	nan	nan
6.000000000000000	nan	nan	nan
6.000000000000000	nan	nan	nan
6.000000000000000	nan	nan	nan
6.000000000000000	nan	nan	nan
6.000000000000000	nan	nan	nan
6.000000000000000	nan	nan	nan
6.000000000000000	nan	nan	nan
6.000000000000000	nan	nan	nan
6.000000000000000	nan	nan	nan
6.000000000000000	nan	nan	nan
6.000000000000000	nan	nan	nan
6.000000000000000	nan	nan	nan
6.000000000000000	nan	nan	nan
6.000000000000000	nan	nan	nan
6.000000000000000	nan	nan	nan
6.000000000000000	nan	nan	nan
6.000000000000000	nan	nan	nan
6.000000000000000	nan	nan	nan
6.000000000000000	nan	nan	nan
6.000000000000000	nan	nan	nan
6.000000000000000	nan	nan	nan
6.000000000000000	nan	nan	nan
6.000000000000000	nan	nan	nan
6.000000000000000	nan	nan	nan
6.000000000000000	nan	nan	nan
6.000000000000000	nan	nan	nan
6.000000000000000	nan	nan	nan
6.000000000000000	nan	nan	nan
6.000000000000000	nan	nan	nan
6.000000000000000	nan	nan	nan
6.000000000000000	nan	nan	nan


7.000000000000000	0.158961351207124	-0.572541219831403	0.013394781017612
7.000000000000000	0.197806654266299	-0.560365746333559	0.015281095078038
7.000000000000000	0.235801836475722	-0.545740739415510	0.017101359030108
7.000000000000000	0.272793904646799	-0.528725088818311	0.018848243313336
7.000000000000000	0.308633904777126	-0.509387310561347	0.020514713841266
7.000000000000000	0.343177521835681	-0.487805271052512	0.022094060325252
7.000000000000000	0.376285660868526	-0.464065873547661	0.023579923294425
7.000000000000000	0.407825007085084	-0.438264708221875	0.024966319703033
7.000000000000000	0.437668562669760	-0.410505667261558	0.026247667022058
7.000000000000000	0.465696158157309	-0.380900526527279	0.027418805718091
7.000000000000000	0.491794936312868	-0.349568495471823	0.028475020028948
7.000000000000000	0.515859806568207	-0.316635737125807	0.029412056952385
7.000000000000000	0.537793868184353	-0.282234860083677	0.030226143371432
7.000000000000000	0.557508800436669	-0.246504384535708	0.030914001247405
7.000000000000000	0.574925218251236	-0.209588184496081	0.031472860819415
7.000000000000000	0.589972991860531	-0.171634908473015	0.031900471757209
7.000000000000000	0.602591529191249	-0.132797380913681	0.032195112222465
7.000000000000000	0.612730019847192	-0.093231986834098	0.032355595802019
7.000000000000000	0.620347639704805	-0.053098042111865	0.032381276285140
7.000000000000000	0.625413715297514	-0.012557151977352	0.032272050265585
7.000000000000000	0.627907847326946	0.028227439713522	0.032028357557985
7.000000000000000	0.627819992803709	0.069091507804688	0.031651179426863
7.000000000000000	0.625150505486957	0.109870507116659	0.031142034635430
7.000000000000000	0.619910134459939	0.150400235011901	0.030502973330062
7.000000000000000	0.612119980847222	0.190517492580893	0.029736568785083
7.000000000000000	0.601811412847920	0.230060741786542	0.028845907041098
7.000000000000000	0.589025939427020	0.268870755920840	0.027834574478596
7.000000000000000	0.573815043173435	0.306791260754621	0.026706643376864
7.000000000000000	0.556239972997788	0.343669563798724	0.025466655516351
7.000000000000000	0.536371497504664	0.379357169142759	0.024119603890526
7.000000000000000	0.514289620032420	0.413710375395724	0.022670912600852
7.000000000000000	0.490083256507975	0.446590854320787	0.021126415015848
7.000000000000000	0.463849877413757	0.477866207834277	0.019492330282165
7.000000000000000	0.435695115308470	0.507410501126037	0.017775238282288
7.000000000000000	0.405732339482066	0.535104769754455	0.015982053139663
7.000000000000000	0.374082199457620	0.560837498674285	0.014119995377964
7.000000000000000	0.340872139178294	0.584505071268371	0.012196562846598
7.000000000000000	0.306235883835547	0.606012186575201	0.010219500529505
7.000000000000000	0.270312901404994	0.625272243032235	0.008196769358843
7.000000000000000	0.233247841058090	0.642207687189838	0.006136514159126
7.000000000000000	0.195189950710971	0.656750325991647	0.004047030850890
7.000000000000000	0.156292476055768	0.668841601363942	0.001936733045947
7.000000000000000	0.116712043494297	0.678432826008337	-0.000185881831260
7.000000000000000	0.076608029458816	0.685485379448353	-0.002312266759783
7.000000000000000	0.036141918659384	0.689970863540442	-0.004433859538010
7.000000000000000	-0.004523346158071	0.691871216823289	-0.006542117260626
7.000000000000000	-0.045224020324682	0.691178787244941	-0.008628550717878
7.000000000000000	-0.085796216590628	0.687896362974922	-0.010684758578627
7.000000000000000	-0.126076565041252	0.682037161177255	-0.012702461219544
7.000000000000000	-0.165902870930038	0.673624774789612	-0.014673534064230
7.000000000000000	-0.205114767779622	0.662693077522877	-0.016590040298017
7.000000000000000	-0.243554363120982	0.649286087463666	-0.018444262826721
7.000000000000000	-0.281066874270697	0.633457789829037	-0.020228735350653
7.000000000000000	-0.317501251586172	0.615271919587064	-0.021936272428780
7.000000000000000	-0.352710786689245	0.594801704818621	-0.023559998411953
7.000000000000000	-0.386553703209042	0.572129571853748	-0.025093375128720
7.000000000000000	-0.418893727665384	0.547346813369905	-0.026530228212239
7.000000000000000	-0.449600638193996	0.520553220788586	-0.027864771962271
7.000000000000000	-0.478550788903991	0.491856682450486	-0.029091632642155
7.000000000000000	-0.505627607756235	0.461372749187226	-0.030205870116943
7.000000000000000	-0.530722065957806	0.429224169038945	-0.031202997745590
7.000000000000000	-0.553733116982458	0.395540392991258	-0.032079000447064
7.000000000000000	-0.574568103449322	0.360457053721830	-0.032830350867666
7.000000000000000	-0.593143130221474	0.324115419455453	-0.033454023584438
7.000000000000000	-0.609383402222043	0.286661825126765	-0.033947507287468
7.000000000000000	-0.623223525607586	0.248247083141114	-0.034308814892059
7.000000000000000	-0.634607771086014	0.209025876106233	-0.034536491540007
7.000000000000000	-0.643490298318783	0.169156133979971	-0.034629620457808
7.000000000000000	-0.649835340503762	0.128798398142093	-0.034587826648179
7.000000000000000	-0.653617348395512	0.088115174950807	-0.034411278400041
7.000000000000000	-0.654821093183092	0.047270281387014	-0.034100686610878
7.000000000000000	-0.653441727811094	0.006428185421145	-0.033657301924202
7.000000000000000	-0.649484806497035	-0.034246656241309	-0.033082909693658
7.000000000000000	-0.642966262366474	-0.074590460368905	-0.032379822794030
7.000000000000000	-0.633912343295946	-0.114440776701516	-0.031550872308112
7.000000000000000	-0.622359506222025	-0.153637142080191	-0.030599396126938
7.000000000000000	-0.608354270342103	-0.192021726575663	-0.029529225509272
7.000000000000000	-0.591953029798010	-0.229439969013768	-0.028344669654482
7.000000000000000	-0.573221826596701	-0.265741199338744	-0.027050498350913
7.000000000000000	-0.552236084682406	-0.300779245308366	-0.025651922769634
7.000000000000000	-0.529080306231027	-0.334413021077973	-0.024154574480894
7.000000000000000	-0.503847731389699	-0.366507095303373	-0.022564482777771
7.000000000000000	-0.476639962831630	-0.396932236475064	-0.020888050398341
7.000000000000000	-0.447566556637989	-0.425565933287911	-0.019132027744109
7.000000000000000	-0.416744581154242	-0.452292887950934	-0.017303485698527
7.000000000000000	-0.384298145597236	-0.477005480450817	-0.015409787155039
7.000000000000000	-0.350357900311193	-0.499604201899719	-0.013458557369312
7.000000000000000	-0.315060510684882	-0.519998055222442	-0.011457653255017
7.000000000000000	-0.278548106848335	-0.538104921569540	-0.009415131746817
7.000000000000000	-0.240967711364974	-0.553851890980938	-0.007339217357930
7.000000000000000	-0.202470647223646	-0.567175555968612	-0.005238269062918
7.000000000000000	-0.163211928514348	-0.578022266836160	-0.003120746639050
7.000000000000000	-0.123349636241204	-0.586348347707199	-0.000995176601760
7.000000000000000	-0.083044281786048	-0.592120272392698	0.001129882128620
7.000000000000000	-0.042458160585749	-0.595314799389114	0.003245872690606
7.000000000000000	-0.001754698625762	-0.595919065463722	0.005344274737034
7.000000000000000	0.038902205618635	-0.593930637450309	0.007416638743478
7.000000000000000	0.079348841143649	-0.589357522046684	0.009454620031514
7.000000000000000	0.119422343623410	-0.582218133574524	0.011450012369787
7.000000000000000	0.158961351207124	-0.572541219831403	0.013394781017612


8.000000000000000	nan	nan	nan
8.000000000000000	nan	nan	nan
8.000000000000000	nan	nan	nan
8.000000000000000	nan	nan	nan
8.000000000000000	nan	nan	nan
8.000000000000000	nan	nan	nan
8.000000000000000	nan	nan	nan
8.000000000000000	nan	nan	nan
8.000000000000000	nan	nan	nan
8.000000000000000	nan	nan	nan
8.000000000000000	nan	nan	nan
8.000000000000000	nan	nan	nan
8.000000000000000	nan	nan	nan
8.000000000000000	nan	nan	nan
8.000000000000000	nan	nan	nan
8.000000000000000	nan	nan	nan
8.000000000000000	nan	nan	nan
8.000000000000000	nan	nan	nan
8.000000000000000	nan	nan	nan
8.000000000000000	nan	nan	nan
8.000000000000000	nan	nan	nan
8.000000000000000	nan	nan	nan
8.000000000000000	nan	nan	nan
8.000000000000000	nan	nan	nan
8.000000000000000	nan	nan	nan
8.000000000000000	nan	nan	nan
8.000000000000000	nan	nan	nan
8.000000000000000	nan	nan	nan
8.000000000000000	nan	nan	nan
8.000000000000000	nan	nan	nan
8.000000000000000	nan	nan	nan
8.000000000000000	nan	nan	nan
8.000000000000000	nan	nan	nan
8.000000000000000	nan	nan	nan
8.000000000000000	nan	nan	nan
8.000000000000000	nan	nan	nan
8.000000000000000	nan	nan	nan
8.000000000000000	nan	nan	nan
8.000000000000000	nan	nan	nan
8.000000000000000	nan	nan	nan
8.000000000000000	nan	nan	nan
8.000000000000000	nan	nan	nan
8.000000000000000	nan	nan	nan
8.000000000000000	nan	nan	nan
8.000000000000000	nan	nan	nan
8.000000000000000	nan	nan	nan
8.000000000000000	nan	nan	nan
8.000000000000000	nan	nan	nan
8.000000000000000	nan	nan	nan
8.000000000000000	nan	nan	nan
8.000000000000000	nan	nan	nan
8.000000000000000	nan	nan	nan
8.000000000000000	nan	nan	nan
8.000000000000000	nan	nan	nan
8.000000000000000	nan	nan	nan
8.000000000000000	nan	nan	nan
8.000000000000000	nan	nan	nan
8.000000000000000	nan	nan	nan
8.000000000000000	nan	nan	nan
8.000000000000000	nan	nan	nan
8.000000000000000	nan	nan	nan
8.000000000000000	nan	nan	nan
8.000000000000000	nan	nan	nan
8.000000000000000	nan	nan	nan
8.000000000000000	nan	nan	nan
8.000000000000000	nan	nan	nan
8.000000000000000	nan	nan	nan
8.000000000000000	nan	nan	nan
8.000000000000000	nan	nan	nan
8.000000000000000	nan	nan	nan
8.000000000000000	nan	nan	nan
8.000000000000000	nan	nan	nan
8.000000000000000	nan	nan	nan
8.000000000000000	nan	nan	nan
8.000000000000000	nan	nan	nan
8.000000000000000	nan	nan	nan
8.000000000000000	nan	nan	nan
8.000000000000000	nan	nan	nan
8.000000000000000	nan	nan	nan
8.000000000000000	nan	nan	nan
8.000000000000000	nan	nan	nan
8.000000000000000	nan	nan	nan
8.000000000000000	nan	nan	nan
8.000000000000000	nan	nan	nan
8.000000000000000	nan	nan	nan
8.000000000000000	nan	nan	nan
8.000000000000000	nan	nan	nan
8.000000000000000	nan	nan	nan
8.000000000000000	nan	nan	nan
8.000000000000000	nan	nan	nan
8.000000000000000	nan	nan	nan
8.000000000000000	nan	nan	nan
8.000000000000000	nan	nan	nan
8.000000000000000	nan	nan	nan
8.000000000000000	nan	nan	nan
8.000000000000000	nan	nan	nan
8.000000000000000	nan	nan	nan
8.000000000000000	nan	nan	nan
8.000000000000000	nan	nan	nan
8.000000000000000	nan	nan	nan


9.000000000000000	nan	nan	nan
9.000000000000000	nan	nan	nan
9.000000000000000	nan	nan	nan
9.000000000000000	nan	nan	nan
9.000000000000000	nan	nan	nan
9.000000000000000	nan	nan	nan
9.000000000000000	nan	nan	nan
9.000000000000000	nan	nan	nan
9.000000000000000	nan	nan	nan
9.000000000000000	nan	nan	nan
9.000000000000000	nan	nan	nan
9.000000000000000	nan	nan	nan
9.000000000000000	nan	nan	nan
9.000000000000000	nan	nan	nan
9.000000000000000	nan	nan	nan
9.000000000000000	nan	nan	nan
9.000000000000000	nan	nan	nan
9.000000000000000	nan	nan	nan
9.000000000000000	nan	nan	nan
9.000000000000000	nan	nan	nan
9.000000000000000	nan	nan	nan
9.000000000000000	nan	nan	nan
9.000000000000000	nan	nan	nan
9.000000000000000	nan	nan	nan
9.000000000000000	nan	nan	nan
9.000000000000000	nan	nan	nan
9.000000000000000	nan	nan	nan
9.000000000000000	nan	nan	nan
9.000000000000000	nan	nan	nan
9.000000000000000	nan	nan	nan
9.000000000000000	nan	nan	nan
9.000000000000000	nan	nan	nan
9.000000000000000	nan	nan	nan
9.000000000000000	nan	nan	nan
9.000000000000000	nan	nan	nan
9.000000000000000	nan	nan	nan
9.000000000000000	nan	nan	nan
9.000000000000000	nan	nan	nan
9.000000000000000	nan	nan	nan
9.000000000000000	nan	nan	nan
9.000000000000000	nan	nan	nan
9.000000000000000	nan	nan	nan
9.000000000000000	nan	nan	nan
9.000000000000000	nan	nan	nan
9.000000000000000	nan	nan	nan
9.000000000000000	nan	nan	nan
9.000000000000000	nan	nan	nan
9.000000000000000	nan	nan	nan
9.000000000000000	nan	nan	nan
9.000000000000000	nan	nan	nan
9.000000000000000	nan	nan	nan
9.000000000000000	nan	nan	nan
9.000000000000000	nan	nan	nan
9.000000000000000	nan	nan	nan
9.000000000000000	nan	nan	nan
9.000000000000000	nan	nan	nan
9.000000000000000	nan	nan	nan
9.000000000000000	nan	nan	nan
9.000000000000000	nan	nan	nan
9.000000000000000	nan	nan	nan
9.000000000000000	nan	nan	nan
9.000000000000000	nan	nan	nan
9.000000000000000	nan	nan	nan
9.000000000000000	nan	nan	nan
9.000000000000000	nan	nan	nan
9.000000000000000	nan	nan	nan
9.000000000000000	nan	nan	nan
9.000000000000000	nan	nan	nan
9.000000000000000	nan	nan	nan
9.000000000000000	nan	nan	nan
9.000000000000000	nan	nan	nan
9.000000000000000	nan	nan	nan
9.000000000000000	nan	nan	nan
9.000000000000000	nan	nan	nan
9.000000000000000	nan	nan	nan
9.000000000000000	nan	nan	nan
9.000000000000000	nan	nan	nan
9.000000000000000	nan	nan	nan
9.000000000000000	nan	nan	nan
9.000000000000000	nan	nan	nan
9.000000000000000	nan	nan	nan
9.000000000000000	nan	nan	nan
9.000000000000000	nan	nan	nan
9.000000000000000	nan	nan	nan
9.000000000000000	nan	nan	nan
9.000000000000000	nan	nan	nan
9.000000000000000	nan	nan	nan
9.000000000000000	nan	nan	nan
9.000000000000000	nan	nan	nan
9.000000000000000	nan	nan	nan
9.000000000000000	nan	nan	nan
9.000000000000000	nan	nan	nan
9.000000000000000	nan	nan	nan
9.000000000000000	nan	nan	nan
9.000000000000000	nan	nan	nan
9.000000000000000	nan	nan	nan
9.000000000000000	nan	nan	nan
9.000000000000000	nan	nan	nan
9.000000000000000	nan	nan	nan
9.000000000000000	nan	nan	nan


10.000000000000000	0.646254892024077	-0.651458667031878	0.044612639591249
10.000000000000000	0.690922413305795	-0.603864290469340	0.049508712843069
10.000000000000000	0.732468755836280	-0.553496557164622	0.054182024551018
10.000000000000000	0.770726627157686	-0.500558280202764	0.058613756938267
10.000000000000000	0.805541976325078	-0.445262623340858	0.062786064982644
10.000000000000000	0.836774614215220	-0.387832242672828	0.066682148272244
10.000000000000000	0.864298778018692	-0.328498390071930	0.070286318654759
10.000000000000000	0.888003637642341	-0.267499982021075	0.073584063408127
10.000000000000000	0.907793741982945	-0.205082637580473	0.076562103678146
10.000000000000000	0.923589403275117	-0.141497689366376	0.079208447947728
10.000000000000000	0.935327017965815	-0.077001171523330	0.081512440322510
10.000000000000000	0.942959322823398	-0.011852788765046	0.083464803438380
10.000000000000000	0.946455585249977	0.053685129364827	0.085057675818144
10.000000000000000	0.945801727030746	0.119348684801177	0.086284643526923
10.000000000000000	0.941000381021977	0.184873473581805	0.087140765998805
10.000000000000000	0.932070880549444	0.249995650508858	0.087622595930757
10.000000000000000	0.919049181559937	0.314452991560318	0.087728193163704
10.000000000000000	0.901987717839360	0.377985949773586	0.087457132494858
10.000000000000000	0.880955189880377	0.440338700349500	0.086810505389863
10.000000000000000	0.856036288249782	0.501260170768505	0.085790915587848
10.000000000000000	0.827331352569467	0.560505051771077	0.084402468617088
10.000000000000000	0.794955967484191	0.617834785131531	0.082650755263490
10.000000000000000	0.759040497243001	0.673018524247796	0.080542829058473
10.000000000000000	0.719729560768417	0.725834063679208	0.078087177876886
10.000000000000000	0.677181449327071	0.776068733889391	0.075293689759329
10.000000000000000	0.631567489146648	0.823520257591425	0.072173613096508
10.000000000000000	0.583071351545631	0.867997564247079	0.068739511335932
10.000000000000000	0.531888313353730	0.909321559440440	0.065005212393347
10.000000000000000	0.478224470601009	0.947325846027910	0.060985752972597
10.000000000000000	0.422295908641914	0.981857394160779	0.056697318018126
10.000000000000000	0.364327832055818	1.012777157482410	0.052157175543919
10.000000000000000	0.304553657827661	1.039960633018844	0.047383607101304
10.000000000000000	0.243214075460137	1.063298362508335	0.042395834165600
10.000000000000000	0.180556077802017	1.082696373151135	0.037213940738014
10.000000000000000	0.116831966495121	1.098076556004791	0.031858792474463
10.000000000000000	0.052298336044653	1.109376980501292	0.026351952666937
10.000000000000000	-0.012784959396305	1.116552143819606	0.020715595415738
10.000000000000000	-0.078155852367757	1.119573154109478	0.014972416342197
10.000000000000000	-0.143551117355954	1.118427846828717	0.009145541201426
10.000000000000000	-0.208707430709642	1.113120833725515	0.003258432763056
10.000000000000000	-0.273362430951460	1.103673484268561	-0.002665203665049
10.000000000000000	-0.337255775215013	1.090123839599734	-0.008601515689704
10.000000000000000	-0.400130187553710	1.072526459355854	-0.014526599877569
10.000000000000000	-0.461732494900195	1.050952201976277	-0.020416598005843
10.000000000000000	-0.521814646504934	1.025487939380971	-0.026247793130900
10.000000000000000	-0.580134712749036	0.996236207167954	-0.031996705088055
10.000000000000000	-0.636457859309439	0.963314791738631	-0.037640185037901
10.000000000000000	-0.690557292753850	0.926856256013528	-0.043155508678510
10.000000000000000	-0.742215173757844	0.887007405648197	-0.048520467748180
10.000000000000000	-0.791223494266947	0.843928697898656	-0.053713459450267
10.000000000000000	-0.837384915071649	0.797793595516650	-0.058713573440021
10.000000000000000	-0.880513560422755	0.748787868276375	-0.063500676023164
10.000000000000000	-0.920435766487425	0.697108844945162	-0.068055491227171
10.000000000000000	-0.956990780632127	0.642964618710176	-0.072359678418809
10.000000000000000	-0.990031408716768	0.586573209260597	-0.076395906155395
10.000000000000000	-1.019424607793532	0.528161684899284	-0.080147921972394
10.000000000000000	-1.045052021823886	0.467965248218855	-0.083600617826362
10.000000000000000	-1.066810458256564	0.406226289023866	-0.086740090929702
10.000000000000000	-1.084612303547557	0.343193408312613	-0.089553699732284
10.000000000000000	-1.098385875948929	0.279120417248658	-0.092030114824507
10.000000000000000	-1.108075714145915	0.214265315152853	-0.094159364556829
10.000000000000000	-1.113642800580065	0.148889250631134	-0.095932875192084
10.000000000000000	-1.115064718559176	0.083255470021255	-0.097343505428893
10.000000000000000	-1.112335742521403	0.017628257392697	-0.098385575157165
10.000000000000000	-1.105466861090077	-0.047728129631999	-0.099054888329897
10.000000000000000	-1.094485732826391	-0.112550523949414	-0.099348749859172
10.000000000000000	-1.079436574858143	-0.176577908656294	-0.099265976468328
10.000000000000000	-1.060379984832965	-0.239552468072489	-0.098806901456596
10.000000000000000	-1.037392696912983	-0.301220625873708	-0.097973373357020
10.000000000000000	-1.010567272793431	-0.361334066153878	-0.096768748493069
10.000000000000000	-0.980011728989371	-0.419650733305657	-0.095197877463906
10.000000000000000	-0.945849101891315	-0.475935806692926	-0.093267085612735
10.000000000000000	-0.908216952341100	-0.529962646190622	-0.090984147556880
10.000000000000000	-0.867266811722931	-0.581513704784523	-0.088358255882143
10.000000000000000	-0.823163571799981	-0.630381404556298	-0.085399984127506
10.000000000000000	-0.776084820753457	-0.676368972526515	-0.082121244209223
10.000000000000000	-0.726220128097670	-0.719291232989984	-0.078535238455732
10.000000000000000	-0.673770281350514	-0.758975353152962	-0.074656406446545
10.000000000000000	-0.618946477532991	-0.795261539069817	-0.070500366869153
10.000000000000000	-0.561969472753356	-0.828003679076844	-0.066083854628086
10.000000000000000	-0.503068693300177	-0.857069932132370	-0.061424653459359
10.000000000000000	-0.442481311823649	-0.882343258694092	-0.056541524321641
10.000000000000000	-0.380451292325039	-0.903721891996010	-0.051454129852501
10.000000000000000	-0.317228407799760	-0.921119747827273	-0.046182955193901
10.000000000000000	-0.253067234489672	-0.934466771162912	-0.040749225505764
10.000000000000000	-0.188226126794406	-0.943709218250704	-0.035174820499741
10.000000000000000	-0.122966176969389	-0.948809873018290	-0.029482186337343
10.000000000000000	-0.057550163799473	-0.949748196929165	-0.023694245247159
10.000000000000000	0.007758505518482	-0.946520411684117	-0.017834303225143
10.000000000000000	0.072696856023421	-0.939139514435100	-0.011925956189588
10.000000000000000	0.137003403897444	-0.927635225450294	-0.005992994968692
10.000000000000000	0.200419209368860	-0.912053868441074	-0.000059309503288
10.000000000000000	0.262688919371248	-0.892458184032774	0.005851207349510
10.000000000000000	0.323561795760136	-0.868927077130329	0.011714756024418
10.000000000000000	0.382792724947006	-0.841555299196081	0.017507726080423
10.000000000000000	0.440143204885212	-0.810453066719071	0.023206791271703
10.000000000000000	0.495382305433536	-0.775745617412144	0.028789003474182
10.000000000000000	0.548287598230367	-0.737572705923882	0.034231885089528
10.000000000000000	0.598646052334205	-0.696088041095958	0.039513519554507
10.000000000000000	0.646254892024077	-0.651458667031878	0.044612639591249


11.000000000000000	nan	nan	nan
11.000000000000000	nan	nan	nan
11.000000000000000	nan	nan	nan
11.000000000000000	nan	nan	nan
11.000000000000000	nan	nan	nan
11.000000000000000	nan	nan	nan
11.000000000000000	nan	nan	nan
11.000000000000000	nan	nan	nan
11.000000000000000	nan	nan	nan
11.000000000000000	nan	nan	nan
11.000000000000000	nan	nan	nan
11.000000000000000	nan	nan	nan
11.000000000000000	nan	nan	nan
11.000000000000000	nan	nan	nan
11.000000000000000	nan	nan	nan
11.000000000000000	nan	nan	nan
11.000000000000000	nan	nan	nan
11.000000000000000	nan	nan	nan
11.000000000000000	nan	nan	nan
11.000000000000000	nan	nan	nan
11.000000000000000	nan	nan	nan
11.000000000000000	nan	nan	nan
11.000000000000000	nan	nan	nan
11.000000000000000	nan	nan	nan
11.000000000000000	nan	nan	nan
11.000000000000000	nan	nan	nan
11.000000000000000	nan	nan	nan
11.000000000000000	nan	nan	nan
11.000000000000000	nan	nan	nan
11.000000000000000	nan	nan	nan
11.000000000000000	nan	nan	nan
11.000000000000000	nan	nan	nan
11.000000000000000	nan	nan	nan
11.000000000000000	nan	nan	nan
11.000000000000000	nan	nan	nan
11.000000000000000	nan	nan	nan
11.000000000000000	nan	nan	nan
11.000000000000000	nan	nan	nan
11.000000000000000	nan	nan	nan
11.000000000000000	nan	nan	nan
11.000000000000000	nan	nan	nan
11.000000000000000	nan	nan	nan
11.000000000000000	nan	nan	nan
11.000000000000000	nan	nan	nan
11.000000000000000	nan	nan	nan
11.000000000000000	nan	nan	nan
11.000000000000000	nan	nan	nan
11.000000000000000	nan	nan	nan
11.000000000000000	nan	nan	nan
11.000000000000000	nan	nan	nan
11.000000000000000	nan	nan	nan
11.000000000000000	nan	nan	nan
11.000000000000000	nan	nan	nan
11.000000000000000	nan	nan	nan
11.000000000000000	nan	nan	nan
11.000000000000000	nan	nan	nan
11.000000000000000	nan	nan	nan
11.000000000000000	nan	nan	nan
11.000000000000000	nan	nan	nan
11.000000000000000	nan	nan	nan
11.000000000000000	nan	nan	nan
11.000000000000000	nan	nan	nan
11.000000000000000	nan	nan	nan
11.000000000000000	nan	nan	nan
11.000000000000000	nan	nan	nan
11.000000000000000	nan	nan	nan
11.000000000000000	nan	nan	nan
11.000000000000000	nan	nan	nan
11.000000000000000	nan	nan	nan
11.000000000000000	nan	nan	nan
11.000000000000000	nan	nan	nan
11.000000000000000	nan	nan	nan
11.000000000000000	nan	nan	nan
11.000000000000000	nan	nan	nan
11.000000000000000	nan	nan	nan
11.000000000000000	nan	nan	nan
11.000000000000000	nan	nan	nan
11.000000000000000	nan	nan	nan
11.000000000000000	nan	nan	nan
11.000000000000000	nan	nan	nan
11.000000000000000	nan	nan	nan
11.000000000000000	nan	nan	nan
11.000000000000000	nan	nan	nan
11.000000000000000	nan	nan	nan
11.000000000000000	nan	nan	nan
11.000000000000000	nan	nan	nan
11.000000000000000	nan	nan	nan
11.000000000000000	nan	nan	nan
11.000000000000000	nan	nan	nan
11.000000000000000	nan	nan	nan
11.000000000000000	nan	nan	nan
11.000000000000000	nan	nan	nan
11.000000000000000	nan	nan	nan
11.000000000000000	nan	nan	nan
11.000000000000000	nan	nan	nan
11.000000000000000	nan	nan	nan
11.000000000000000	nan	nan	nan
11.000000000000000	nan	nan	nan
11.000000000000000	nan	nan	nan
11.000000000000000	nan	nan	nan


12.000000000000000	nan	nan	nan
12.000000000000000	nan	nan	nan
12.000000000000000	nan	nan	nan
12.000000000000000	nan	nan	nan
12.000000000000000	nan	nan	nan
12.000000000000000	nan	nan	nan
12.000000000000000	nan	nan	nan
12.000000000000000	nan	nan	nan
12.000000000000000	nan	nan	nan
12.000000000000000	nan	nan	nan
12.000000000000000	nan	nan	nan
12.000000000000000	nan	nan	nan
12.000000000000000	nan	nan	nan
12.000000000000000	nan	nan	nan
12.000000000000000	nan	nan	nan
12.000000000000000	nan	nan	nan
12.000000000000000	nan	nan	nan
12.000000000000000	nan	nan	nan
12.000000000000000	nan	nan	nan
12.000000000000000	nan	nan	nan
12.000000000000000	nan	nan	nan
12.000000000000000	nan	nan	nan
12.000000000000000	nan	nan	nan
12.000000000000000	nan	nan	nan
12.000000000000000	nan	nan	nan
12.000000000000000	nan	nan	nan
12.000000000000000	nan	nan	nan
12.000000000000000	nan	nan	nan
12.000000000000000	nan	nan	nan
12.000000000000000	nan	nan	nan
12.000000000000000	nan	nan	nan
12.000000000000000	nan	nan	nan
12.000000000000000	nan	nan	nan
12.000000000000000	nan	nan	nan
12.000000000000000	nan	nan	nan
12.000000000000000	nan	nan	nan
12.000000000000000	nan	nan	nan
12.000000000000000	nan	nan	nan
12.000000000000000	nan	nan	nan
12.000000000000000	nan	nan	nan
12.000000000000000	nan	nan	nan
12.000000000000000	nan	nan	nan
12.000000000000000	nan	nan	nan
12.000000000000000	nan	nan	nan
12.000000000000000	nan	nan	nan
12.000000000000000	nan	nan	nan
12.000000000000000	nan	nan	nan
12.000000000000000	nan	nan	nan
12.000000000000000	nan	nan	nan
12.000000000000000	nan	nan	nan
12.000000000000000	nan	nan	nan
12.000000000000000	nan	nan	nan
12.000000000000000	nan	nan	nan
12.000000000000000	nan	nan	nan
12.000000000000000	nan	nan	nan
12.000000000000000	nan	nan	nan
12.000000000000000	nan	nan	nan
12.000000000000000	nan	nan	nan
12.000000000000000	nan	nan	nan
12.000000000000000	nan	nan	nan
12.000000000000000	nan	nan	nan
12.000000000000000	nan	nan	nan
12.000000000000000	nan	nan	nan
12.000000000000000	nan	nan	nan
12.000000000000000	nan	nan	nan
12.000000000000000	nan	nan	nan
12.000000000000000	nan	nan	nan
12.000000000000000	nan	nan	nan
12.000000000000000	nan	nan	nan
12.000000000000000	nan	nan	nan
12.000000000000000	nan	nan	nan
12.000000000000000	nan	nan	nan
12.000000000000000	nan	nan	nan
12.000000000000000	nan	nan	nan
12.000000000000000	nan	nan	nan
12.000000000000000	nan	nan	nan
12.000000000000000	nan	nan	nan
12.000000000000000	nan	nan	nan
12.000000000000000	nan	nan	nan
12.000000000000000	nan	nan	nan
12.000000000000000	nan	nan	nan
12.000000000000000	nan	nan	nan
12.000000000000000	nan	nan	nan
12.000000000000000	nan	nan	nan
12.000000000000000	nan	nan	nan
12.000000000000000	nan	nan	nan
12.000000000000000	nan	nan	nan
12.000000000000000	nan	nan	nan
12.000000000000000	nan	nan	nan
12.000000000000000	nan	nan	nan
12.000000000000000	nan	nan	nan
12.000000000000000	nan	nan	nan
12.000000000000000	nan	nan	nan
12.000000000000000	nan	nan	nan
12.000000000000000	nan	nan	nan
12.000000000000000	nan	nan	nan
12.000000000000000	nan	nan	nan
12.000000000000000	nan	nan	nan
12.000000000000000	nan	nan	nan
12.000000000000000	nan	nan	nan


13.000000000000000	-0.449181227204888	-0.435849147175394	-0.029283511803385
13.000000000000000	-0.418495159059221	-0.465496907987008	-0.029668116533953
13.000000000000000	-0.385986682847204	-0.493137075739553	-0.029924308799154
13.000000000000000	-0.351786698728879	-0.518658353232914	-0.030051057003160
13.000000000000000	-0.316032917969619	-0.541957975290203	-0.030047850775687
13.000000000000000	-0.278869308425467	-0.562942122556849	-0.029914703027082
13.000000000000000	-0.240445514835393	-0.581526299278035	-0.029652149896334
13.000000000000000	-0.200916256254746	-0.597635673533274	-0.029261248592236
13.000000000000000	-0.160440703056224	-0.611205378558142	-0.028743573136371
13.000000000000000	-0.119181836006965	-0.622180773939849	-0.028101208025092
13.000000000000000	-0.077305790002514	-0.630517665634889	-0.027336739835981
13.000000000000000	-0.034981185100244	-0.636182483922860	-0.026453246812623
13.000000000000000	0.007621552454112	-0.639152418579878	-0.025454286469598
13.000000000000000	0.050330876472791	-0.639415510727301	-0.024343881267633
13.000000000000000	0.092974811581961	-0.636970700985906	-0.023126502416563
13.000000000000000	0.135381645705848	-0.631827833741643	-0.021807051871357
13.000000000000000	0.177380621490663	-0.624007617505761	-0.020390842593667
13.000000000000000	0.218802623884197	-0.613541541528945	-0.018883577158414
13.000000000000000	0.259480861102449	-0.600471749005217	-0.017291324791524
13.000000000000000	0.299251536241272	-0.584850867376169	-0.015620496931304
13.000000000000000	0.337954506828694	-0.566741796418828	-0.013877821411839
13.000000000000000	0.375433929662131	-0.546217454970456	-0.012070315372378
13.000000000000000	0.411538888333962	-0.523360487310127	-0.010205257001795
13.000000000000000	0.446124000918635	-0.498262930379384	-0.008290156231888
13.000000000000000	0.479050005374372	-0.471025843181962	-0.006332724497533
13.000000000000000	0.510184320302259	-0.441758899854843	-0.004340843685463
13.000000000000000	0.539401578804742	-0.410579948049222	-0.002322534396685
13.000000000000000	0.566584133293882	-0.377614534399603	-0.000285923650355
13.000000000000000	0.591622529216663	-0.342995398991815	0.001760787840860
13.000000000000000	0.614415945789852	-0.306861940865537	0.003809358692159
13.000000000000000	0.634872601969701	-0.269359656703566	0.005851540031755
13.000000000000000	0.652910126021825	-0.230639554968023	0.007879108716167
13.000000000000000	0.668455887203097	-0.190857547842579	0.009883900441922
13.000000000000000	0.681447288220018	-0.150173823429117	0.011857842620319
13.000000000000000	0.691832017285929	-0.108752200726783	0.013792986882895
13.000000000000000	0.699568258762107	-0.066759469990695	0.015681541086703
13.000000000000000	0.704624861534584	-0.024364721126456	0.017515900690518
13.000000000000000	0.706981464448693	0.018261337175222	0.019288679375639
13.000000000000000	0.706628578296247	0.060947064822158	0.020992738787995
13.000000000000000	0.703567624025232	0.103520581454781	0.022621217281767
13.000000000000000	0.697810927018155	0.145810458547668	0.024167557548824
13.000000000000000	0.689381667462070	0.187646409691715	0.025625533022681
13.000000000000000	0.678313787010157	0.228859976277402	0.026989272950688
13.000000000000000	0.664651852110655	0.269285205818161	0.028253286033478
13.000000000000000	0.648450874553511	0.308759320182465	0.029412482536493
13.000000000000000	0.629776089957312	0.347123371043910	0.030462194784546
13.000000000000000	0.608702695088479	0.384222879910030	0.031398195956904
13.000000000000000	0.585315545070425	0.419908460152662	0.032216717107201
13.000000000000000	0.559708811701925	0.454036418535173	0.032914462339657
13.000000000000000	0.531985604260515	0.486469333814405	0.033488622080486
13.000000000000000	0.502257554317829	0.517076610087525	0.033936884391058
13.000000000000000	0.470644366238657	0.545735002655629	0.034257444277259
13.000000000000000	0.437273335173715	0.572329114286645	0.034449010957567
13.000000000000000	0.402278834487005	0.596751859879262	0.034510813060573
13.000000000000000	0.365801774681701	0.618904897656834	0.034442601731020
13.000000000000000	0.327989036003288	0.638699025155008	0.034244651631859
13.000000000000000	0.288992877004653	0.656054538408561	0.033917759838272
13.000000000000000	0.248970321454633	0.670901552891143	0.033463242628139
13.000000000000000	0.208082526058715	0.683180284915593	0.032882930181846
13.000000000000000	0.166494131537868	0.692841292361751	0.032179159212796
13.000000000000000	0.124372599678460	0.699845673762424	0.031354763558290
13.000000000000000	0.081887539022760	0.704165224945863	0.030413062768664
13.000000000000000	0.039210021915188	0.705782552604012	0.029357848740629
13.000000000000000	-0.003488104345627	0.704691144329217	0.028193370448645
13.000000000000000	-0.046034909475269	0.700895394837395	0.026924316835800
13.000000000000000	-0.088259072506111	0.694410588272063	0.025555797933087
13.000000000000000	-0.129990571636384	0.685262836660488	0.024093324283117
13.000000000000000	-0.171061368847962	0.673488974769768	0.022542784751108
13.000000000000000	-0.211306086536156	0.659136411786226	0.020910422812501
13.000000000000000	-0.250562673426959	0.642262940415348	0.019202811412693
13.000000000000000	-0.288673057100328	0.622936504170958	0.017426826500098
13.000000000000000	-0.325483780492034	0.601234923790668	0.015589619339137
13.000000000000000	-0.360846619811093	0.577245583879231	0.013698587714617
13.000000000000000	-0.394619181384662	0.551065081041583	0.011761346143462
13.000000000000000	-0.426665475027100	0.522798834922405	0.009785695213741
13.000000000000000	-0.456856461624446	0.492560663718424	0.007779590174454
13.000000000000000	-0.485070572729394	0.460472325872705	0.005751108902553
13.000000000000000	-0.511194200074521	0.426663029796373	0.003708419376180
13.000000000000000	-0.535122153032678	0.391268913591946	0.001659746785102
13.000000000000000	-0.556758082182524	0.354432496873248	-0.000386659589221
13.000000000000000	-0.576014867273640	0.316302106889221	-0.002422559590588
13.000000000000000	-0.592814968029026	0.277031281262447	-0.004439755368250
13.000000000000000	-0.607090736372431	0.236778149747333	-0.006430124386769
13.000000000000000	-0.618784688823280	0.195704797497397	-0.008385652132594
13.000000000000000	-0.627849737962360	0.153976612405566	-0.010298464385684
13.000000000000000	-0.634249382036241	0.111761619145501	-0.012160858926212
13.000000000000000	-0.637957851936953	0.069229802595544	-0.013965336548684
13.000000000000000	-0.638960214965085	0.026552423369600	-0.015704631258592
13.000000000000000	-0.637252434958503	-0.016098671788903	-0.017371739530013
13.000000000000000	-0.632841388544541	-0.058551741973200	-0.018959948506334
13.000000000000000	-0.625744837450259	-0.100635843653204	-0.020462863030556
13.000000000000000	-0.615991356982228	-0.142181519004772	-0.021874431396333
13.000000000000000	-0.603620220963863	-0.183021478256551	-0.023188969716061
13.000000000000000	-0.588681243593596	-0.222991273306844	-0.024401184807885
13.000000000000000	-0.571234578860676	-0.261929959898071	-0.025506195509473
13.000000000000000	-0.551350478326293	-0.299680745682497	-0.026499552332738
13.000000000000000	-0.529109008245328	-0.336091621569674	-0.027377255380350
13.000000000000000	-0.504599727167810	-0.371015973813395	-0.028135770451917
13.000000000000000	-0.477921325318239	-0.404313174373507	-0.028772043274959
13.000000000000000	-0.449181227204888	-0.435849147175394	-0.029283511803385


14.000000000000000	-0.656027562896660	-1.017232853360279	0.090647317745085
14.000000000000000	-0.585520780961384	-1.059793833803824	0.088216663945459
14.000000000000000	-0.512465774139417	-1.097791949210657	0.085404464793906
14.000000000000000	-0.437156709158921	-1.131074194581234	0.082222044023860
14.000000000000000	-0.359896829044707	-1.159506554060209	0.078682216120546
14.000000000000000	-0.280997232065603	-1.182974540570983	0.074799234721572
14.000000000000000	-0.200775619051522	-1.201383656814757	0.070588735222557
14.000000000000000	-0.119555014124353	-1.214659775777801	0.066067671818913
14.000000000000000	-0.037662463993831	-1.222749439214775	0.061254249237286
14.000000000000000	0.044572278944132	-1.225620072906213	0.056167849431545
14.000000000000000	0.126818084403967	-1.223260117823412	0.050828953538494
14.000000000000000	0.208743777555230	-1.215679076672559	0.045259059407565
14.000000000000000	0.290019472546765	-1.202907475630689	0.039480595036563
14.000000000000000	0.370317900840591	-1.184996741427538	0.033516828262038
14.000000000000000	0.449315729006798	-1.162018994268262	0.027391773067916
14.000000000000000	0.526694860673152	-1.134066757430818	0.021130092889664
14.000000000000000	0.602143717386916	-1.101252584707382	0.014757001303338
14.000000000000000	0.675358493231306	-1.063708607189955	0.008298160499414
14.000000000000000	0.746044378144697	-1.021586001225085	0.001779577950202
14.000000000000000	0.813916745016684	-0.975054379680083	-0.004772498313066
14.000000000000000	0.878702295781004	-0.924301108971863	-0.011331685391793
14.000000000000000	0.940140161890385	-0.869530554608518	-0.017871571754635
14.000000000000000	0.997982954742115	-0.810963258281542	-0.024365823587423
14.000000000000000	1.051997761824635	-0.748835049822282	-0.030788290830131
14.000000000000000	1.101967084574014	-0.683396097598440	-0.037113112473943
14.000000000000000	1.147689714163900	-0.614909901174350	-0.043314820694406
14.000000000000000	1.188981541702451	-0.543652230291237	-0.049368443401369
14.000000000000000	1.225676299573864	-0.469910014439794	-0.055249604792781
14.000000000000000	1.257626230939377	-0.393980187496401	-0.060934623507438
14.000000000000000	1.284702684701909	-0.316168492075199	-0.066400607981467
14.000000000000000	1.306796633538625	-0.236788248410497	-0.071625548624577
14.000000000000000	1.323819112915480	-0.156159092726770	-0.076588406444908
14.000000000000000	1.335701579316003	-0.074605690176398	-0.081269197765627
14.000000000000000	1.342396186241841	0.007543572472315	-0.085649074692143
14.000000000000000	1.343875976873722	0.089957909132750	-0.089710401005922
14.000000000000000	1.340134992617056	0.172305466358805	-0.093436823179318
14.000000000000000	1.331188297095088	0.254254659601586	-0.096813336225457
14.000000000000000	1.317071915493002	0.335475508383363	-0.099826344118021
14.000000000000000	1.297842689497223	0.415640965012483	-0.102463714537650
14.000000000000000	1.273578048414000	0.494428231488999	-0.104714827724506
14.000000000000000	1.244375697388921	0.571520059298285	-0.106570619240303
14.000000000000000	1.210353223982776	0.646606026858834	-0.108023616467596
14.000000000000000	1.171647624687951	0.719383789480403	-0.109067968699378
14.000000000000000	1.128414753291908	0.789560296799373	-0.109699470697809
14.000000000000000	1.080828693308985	0.856852972789132	-0.109915579627226
14.000000000000000	1.029081057007529	0.920990853594000	-0.109715425293244
14.000000000000000	0.973380213854923	0.981715678605040	-0.109099813646723
14.000000000000000	0.913950451487274	1.038782930384382	-0.108071223538488
14.000000000000000	0.851031072582273	1.091962819250642	-0.106633796737869
14.000000000000000	0.784875431271769	1.141041208560865	-0.104793321255262
14.000000000000000	0.715749912974097	1.185820476963211	-0.102557208035852
14.000000000000000	0.643932861754022	1.226120314148387	-0.099934461118350
14.000000000000000	0.569713459529424	1.261778446895625	-0.096935641378911
14.000000000000000	0.493390561637789	1.292651292489668	-0.093572824006211
14.000000000000000	0.415271493451233	1.318614536877686	-0.089859549878924
14.000000000000000	0.335670812885706	1.339563635238096	-0.085810771041385
14.000000000000000	0.254909043787280	1.355414232945652	-0.081442790496980
14.000000000000000	0.173311385295754	1.366102505237757	-0.076773196561711
14.000000000000000	0.091206402382485	1.371585414214249	-0.071820792042250
14.000000000000000	0.008924702835225	1.371840882135838	-0.066605518523677
14.000000000000000	-0.073202393982764	1.366867880323371	-0.061148376071754
14.000000000000000	-0.154844191238842	1.356686433299955	-0.055471338673069
14.000000000000000	-0.235671946230423	1.341337538159276	-0.049597265753552
14.000000000000000	-0.315360194115808	1.320882999484769	-0.043549810131634
14.000000000000000	-0.393588058446233	1.295405180484373	-0.037353322776690
14.000000000000000	-0.470040543222077	1.265006671342966	-0.031032754756289
14.000000000000000	-0.544409801270576	1.229809876127896	-0.024613556767042
14.000000000000000	-0.616396373837734	1.189956519911004	-0.018121576653638
14.000000000000000	-0.685710396403035	1.145607078091783	-0.011582955328688
14.000000000000000	-0.752072765861562	1.096940130219579	-0.005024021512503
14.000000000000000	-0.815216264373691	1.044151640916776	0.001528814283375
14.000000000000000	-0.874886635357016	0.987454170798431	0.008049166101977
14.000000000000000	-0.930843607287874	0.927076020565689	0.014510778787849
14.000000000000000	-0.982861861189963	0.863260311719448	0.020887633707289
14.000000000000000	-1.030731937914340	0.796264007595872	0.027154053516210
14.000000000000000	-1.074261081557479	0.726356878665741	0.033284805553733
14.000000000000000	-1.113274015621270	0.653820416263970	0.039255203445214
14.000000000000000	-1.147613648789610	0.578946699123358	0.045041206505560
14.000000000000000	-1.177141707479690	0.502037217276619	0.050619516542580
14.000000000000000	-1.201739292620909	0.423401658062429	0.055967671670585
14.000000000000000	-1.221307358419466	0.343356659123811	0.061064136756471
14.000000000000000	-1.235767111180821	0.262224533420106	0.065888390134105
14.000000000000000	-1.245060326584081	0.180331971386448	0.070421006237824
14.000000000000000	-1.249149584130799	0.098008725466675	0.074643733822338
14.000000000000000	-1.248018417824114	0.015586282316630	0.078539569454048
14.000000000000000	-1.241671382471504	-0.066603471975612	0.082092825977877
14.000000000000000	-1.230134035344188	-0.148229588277874	0.085289195683903
14.000000000000000	-1.213452833267013	-0.228963387029237	0.088115807919459
14.000000000000000	-1.191694945553217	-0.308479781716622	0.090561280914708
14.000000000000000	-1.164947983537312	-0.386458587883439	0.092615767613011
14.000000000000000	-1.133319647795163	-0.462585812399386	0.094270995321554
14.000000000000000	-1.096937294471780	-0.536554917799967	0.095520299022555
14.000000000000000	-1.055947422463071	-0.608068056604670	0.096358648210946
14.000000000000000	-1.010515083516495	-0.676837270643646	0.096782667150435
14.000000000000000	-0.960823217625929	-0.742585650563623	0.096790648466407
14.000000000000000	-0.907071916396881	-0.805048450844146	0.096382560020919
14.000000000000000	-0.849477617348211	-0.863974155834341	0.095560045042110
14.000000000000000	-0.788272232394642	-0.919125492517672	0.094326415507497
14.000000000000000	-0.723702214019321	-0.970280385926637	0.092686638807815
14.000000000000000	-0.656027562896661	-1.017232853360279	0.090647317745085


15.000000000000000	nan	nan	nan
15.000000000000000	nan	nan	nan
15.000000000000000	nan	nan	nan
15.000000000000000	nan	nan	nan
15.000000000000000	nan	nan	nan
15.000000000000000	nan	nan	nan
15.000000000000000	nan	nan	nan
15.000000000000000	nan	nan	nan
15.000000000000000	nan	nan	nan
15.000000000000000	nan	nan	nan
15.000000000000000	nan	nan	nan
15.000000000000000	nan	nan	nan
15.000000000000000	nan	nan	nan
15.000000000000000	nan	nan	nan
15.000000000000000	nan	nan	nan
15.000000000000000	nan	nan	nan
15.000000000000000	nan	nan	nan
15.000000000000000	nan	nan	nan
15.000000000000000	nan	nan	nan
15.000000000000000	nan	nan	nan
15.000000000000000	nan	nan	nan
15.000000000000000	nan	nan	nan
15.000000000000000	nan	nan	nan
15.000000000000000	nan	nan	nan
15.000000000000000	nan	nan	nan
15.000000000000000	nan	nan	nan
15.000000000000000	nan	nan	nan
15.000000000000000	nan	nan	nan
15.000000000000000	nan	nan	nan
15.000000000000000	nan	nan	nan
15.000000000000000	nan	nan	nan
15.000000000000000	nan	nan	nan
15.000000000000000	nan	nan	nan
15.000000000000000	nan	nan	nan
15.000000000000000	nan	nan	nan
15.000000000000000	nan	nan	nan
15.000000000000000	nan	nan	nan
15.000000000000000	nan	nan	nan
15.000000000000000	nan	nan	nan
15.000000000000000	nan	nan	nan
15.000000000000000	nan	nan	nan
15.000000000000000	nan	nan	nan
15.000000000000000	nan	nan	nan
15.000000000000000	nan	nan	nan
15.000000000000000	nan	nan	nan
15.000000000000000	nan	nan	nan
15.000000000000000	nan	nan	nan
15.000000000000000	nan	nan	nan
15.000000000000000	nan	nan	nan
15.000000000000000	nan	nan	nan
15.000000000000000	nan	nan	nan
15.000000000000000	nan	nan	nan
15.000000000000000	nan	nan	nan
15.000000000000000	nan	nan	nan
15.000000000000000	nan	nan	nan
15.000000000000000	nan	nan	nan
15.000000000000000	nan	nan	nan
15.000000000000000	nan	nan	nan
15.000000000000000	nan	nan	nan
15.000000000000000	nan	nan	nan
15.000000000000000	nan	nan	nan
15.000000000000000	nan	nan	nan
15.000000000000000	nan	nan	nan
15.000000000000000	nan	nan	nan
15.000000000000000	nan	nan	nan
15.000000000000000	nan	nan	nan
15.000000000000000	nan	nan	nan
15.000000000000000	nan	nan	nan
15.000000000000000	nan	nan	nan
15.000000000000000	nan	nan	nan
15.000000000000000	nan	nan	nan
15.000000000000000	nan	nan	nan
15.000000000000000	nan	nan	nan
15.000000000000000	nan	nan	nan
15.000000000000000	nan	nan	nan
15.000000000000000	nan	nan	nan
15.000000000000000	nan	nan	nan
15.000000000000000	nan	nan	nan
15.000000000000000	nan	nan	nan
15.000000000000000	nan	nan	nan
15.000000000000000	nan	nan	nan
15.000000000000000	nan	nan	nan
15.000000000000000	nan	nan	nan
15.000000000000000	nan	nan	nan
15.000000000000000	nan	nan	nan
15.000000000000000	nan	nan	nan
15.000000000000000	nan	nan	nan
15.000000000000000	nan	nan	nan
15.000000000000000	nan	nan	nan
15.000000000000000	nan	nan	nan
15.000000000000000	nan	nan	nan
15.000000000000000	nan	nan	nan
15.000000000000000	nan	nan	nan
15.000000000000000	nan	nan	nan
15.000000000000000	nan	nan	nan
15.000000000000000	nan	nan	nan
15.000000000000000	nan	nan	nan
15.000000000000000	nan	nan	nan
15.000000000000000	nan	nan	nan
15.000000000000000	nan	nan	nan


16.000000000000000	-0.644438251839199	0.631124978179862	0.015144792622093
16.000000000000000	-0.683863019065980	0.588229491686789	0.014994598479056
16.000000000000000	-0.720487679820524	0.542919940397808	0.014782935205321
16.000000000000000	-0.754164759520417	0.495378769884235	0.014510655094187
16.000000000000000	-0.784758652451824	0.445797411660369	0.014178854521560
16.000000000000000	-0.812146167805833	0.394375512356345	0.013788869531240
16.000000000000000	-0.836217025724367	0.341320129811623	0.013342270455141
16.000000000000000	-0.856874301358248	0.286844899326143	0.012840855590118
16.000000000000000	-0.874034815149354	0.231169173426377	0.012286643956860
16.000000000000000	-0.887629467765344	0.174517138610123	0.011681867170009
16.000000000000000	-0.897603518338284	0.117116912626603	0.011028960452234
16.000000000000000	-0.903916804886793	0.059199625926801	0.010330552828447
16.000000000000000	-0.906543906034177	0.000998490982711	0.009589456539652
16.000000000000000	-0.905474243371333	-0.057252136776974	0.008808655719038
16.000000000000000	-0.900712124052275	-0.115317702633463	0.007991294375931
16.000000000000000	-0.892276723450740	-0.172964397046931	0.007140663735976
16.000000000000000	-0.880202007947728	-0.229960097125016	0.006260188988536
16.000000000000000	-0.864536598160874	-0.286075301299782	0.005353415494661
16.000000000000000	-0.845343573166382	-0.341084053449528	0.004423994511171
16.000000000000000	-0.822700216501844	-0.394764852744343	0.003475668488333
16.000000000000000	-0.796697704972719	-0.446901545551771	0.002512256000335
16.000000000000000	-0.767440741515509	-0.497284195811198	0.001537636369236
16.000000000000000	-0.735047133595993	-0.545709930372270	0.000555734044305
16.000000000000000	-0.699647318840141	-0.591983755893473	-0.000429497200354
16.000000000000000	-0.661383839807831	-0.635919344011489	-0.001414090186247
16.000000000000000	-0.620410770024270	-0.677339781619761	-0.002394080304928
16.000000000000000	-0.576893093580287	-0.716078283235124	-0.003365521482070
16.000000000000000	-0.531006040799627	-0.751978862584087	-0.004324502066916
16.000000000000000	-0.482934382648291	-0.784896960704497	-0.005267160583117
16.000000000000000	-0.432871686727061	-0.814700028033461	-0.006189701277535
16.000000000000000	-0.381019537843096	-0.841268058137652	-0.007088409404397
16.000000000000000	-0.327586726299057	-0.864494070936862	-0.007959666183271
16.000000000000000	-0.272788407168256	-0.884284543475023	-0.008799963370612
16.000000000000000	-0.216845233941106	-0.900559786504149	-0.009605917386225
16.000000000000000	-0.159982470031400	-0.913254265364808	-0.010374282937745
16.000000000000000	-0.102429081720043	-0.922316863871064	-0.011101966088286
16.000000000000000	-0.044416816188655	-0.927711090137320	-0.011786036714633
16.000000000000000	0.013820731644537	-0.929415223518262	-0.012423740305811
16.000000000000000	0.072049059728987	-0.927422402070227	-0.013012509054531
16.000000000000000	0.130033703138826	-0.921740650181832	-0.013549972196846
16.000000000000000	0.187541178180360	-0.912392846262594	-0.014033965558376
16.000000000000000	0.244339922548502	-0.899416630619645	-0.014462540268676
16.000000000000000	0.300201227746445	-0.882864253893505	-0.014833970608650
16.000000000000000	0.354900160014056	-0.862802366663193	-0.015146760959413
16.000000000000000	0.408216466056740	-0.839311751067867	-0.015399651824621
16.000000000000000	0.459935459927723	-0.812486995525662	-0.015591624902015
16.000000000000000	0.509848887492581	-0.782436113859518	-0.015721907183768
16.000000000000000	0.557755764995145	-0.749280110363631	-0.015789974069114
16.000000000000000	0.603463188348146	-0.713152492561875	-0.015795551476730
16.000000000000000	0.646787109889890	-0.674198733620120	-0.015738616948363
16.000000000000000	0.687553079479239	-0.632575686577139	-0.015619399739265
16.000000000000000	0.725596946944750	-0.588450952752778	-0.015438379895060
16.000000000000000	0.760765523059486	-0.542002206876598	-0.015196286318770
16.000000000000000	0.792917196379962	-0.493416481654447	-0.014894093835782
16.000000000000000	0.821922503465450	-0.442889414653765	-0.014533019268568
16.000000000000000	0.847664650181559	-0.390624460540151	-0.014114516536971
16.000000000000000	0.870039981988994	-0.336832071837231	-0.013640270803783
16.000000000000000	0.888958401323799	-0.281728851508623	-0.013112191689190
16.000000000000000	0.904343730388453	-0.225536680774251	-0.012532405581403
16.000000000000000	0.916134017892966	-0.168481825672987	-0.011903247074448
16.000000000000000	0.924281788510868	-0.110794025969168	-0.011227249567573
16.000000000000000	0.928754234045585	-0.052705570071651	-0.010507135064151
16.000000000000000	0.929533345537470	0.005549640309622	-0.009745803211126
16.000000000000000	0.926615985779528	0.063737032003259	-0.008946319623163
16.000000000000000	0.920013901949841	0.121622304919789	-0.008111903538498
16.000000000000000	0.909753678309825	0.178972375495422	-0.007245914856203
16.000000000000000	0.895876629158798	0.235556315237300	-0.006351840607055
16.000000000000000	0.878438632475873	0.291146280591032	-0.005433280912498
16.000000000000000	0.857509904919059	0.345518430386269	-0.004493934488222
16.000000000000000	0.833174719087565	0.398453827166099	-0.003537583750741
16.000000000000000	0.805531064185780	0.449739318770907	-0.002568079586936
16.000000000000000	0.774690251455339	0.499168396626895	-0.001589325847896
16.000000000000000	0.740776465964034	0.546542027283222	-0.000605263629482
16.000000000000000	0.703926266556381	0.591669453849464	0.000380144597071
16.000000000000000	0.664288035979344	0.634368964106281	0.001362930940629
16.000000000000000	0.622021383397392	0.674468622196396	0.002339138067454
16.000000000000000	0.577296501702721	0.711806960949603	0.003304835135992
16.000000000000000	0.530293482208546	0.746233632054079	0.004256133624986
16.000000000000000	0.481201589484946	0.777610011455964	0.005189202991175
16.000000000000000	0.430218499257245	0.805809757549505	0.006100286093543
16.000000000000000	0.377549502435623	0.830719319910107	0.006985714321996
16.000000000000000	0.323406678481087	0.852238396521819	0.007841922369567
16.000000000000000	0.268008041436331	0.870280337658150	0.008665462588640
16.000000000000000	0.211576662060128	0.884772494789934	0.009453018873417
16.000000000000000	0.154339769600125	0.895656513115319	0.010201420012702
16.000000000000000	0.096527836820851	0.902888566533955	0.010907652459250
16.000000000000000	0.038373651971249	0.906439534119232	0.011568872464260
16.000000000000000	-0.019888618571449	0.906295117377976	0.012182417528145
16.000000000000000	-0.078024373207074	0.902455897825435	0.012745817121479
16.000000000000000	-0.135799519770361	0.894937334643717	0.013256802632950
16.000000000000000	-0.192981418137475	0.883769702433125	0.013713316504250
16.000000000000000	-0.249339816985689	0.868997969307025	0.014113520515144
16.000000000000000	-0.304647780934187	0.850681615821125	0.014455803185330
16.000000000000000	-0.358682604332748	0.828894395466268	0.014738786263302
16.000000000000000	-0.411226708018801	0.803724037689162	0.014961330276081
16.000000000000000	-0.462068515431916	0.775271894636853	0.015122539117473
16.000000000000000	-0.511003304557940	0.743652533047406	0.015221763656373
16.000000000000000	-0.557834032272291	0.708993272930086	0.015258604350582
16.000000000000000	-0.602372127763076	0.671433674892614	0.015232912855628
16.000000000000000	-0.644438251839199	0.631124978179863	0.015144792622093


17.000000000000000	1.393775839281288	-0.001125665050840	0.000625831570628
17.000000000000000	1.390908829363879	0.091457681209058	-0.000155229778432
17.000000000000000	1.382169100163664	0.183672979359859	-0.000935788214212
17.000000000000000	1.367591843485499	0.275148910942725	-0.001712700703383
17.000000000000000	1.347235756797075	0.365517134667032	-0.002482838893558
17.000000000000000	1.321182806874933	0.454413769590742	-0.003243101710061
17.000000000000000	1.289537899753181	0.541480860340532	-0.003990427842859
17.000000000000000	1.252428458303928	0.626367818471739	-0.004721808073381
17.000000000000000	1.210003909150343	0.708732834164292	-0.005434297391573
17.000000000000000	1.162435080978387	0.788244252570216	-0.006125026854420
17.000000000000000	1.109913516669988	0.864581909270650	-0.006791215138164
17.000000000000000	1.052650702027455	0.937438419464962	-0.007430179737713
17.000000000000000	0.990877214194802	1.006520415700851	-0.008039347768144
17.000000000000000	0.924841793204962	1.071549729161534	-0.008616266324799
17.000000000000000	0.854810340391472	1.132264509753396	-0.009158612360272
17.000000000000000	0.781064847697646	1.188420280483899	-0.009664202038495
17.000000000000000	0.703902262194550	1.239790921884138	-0.010130999528278
17.000000000000000	0.623633290379952	1.286169582512143	-0.010557125200883
17.000000000000000	0.540581147072915	1.327369511870625	-0.010940863198625
17.000000000000000	0.455080253941801	1.363224812385315	-0.011280668344026
17.000000000000000	0.367474892906241	1.393591107415945	-0.011575172361696
17.000000000000000	0.278117819835359	1.418346122610022	-0.011823189387900
17.000000000000000	0.187368844124389	1.437390178258488	-0.012023720745610
17.000000000000000	0.095593379869234	1.450646590670726	-0.012175958965824
17.000000000000000	0.003160974472870	1.458061980952722	-0.012279291038961
17.000000000000000	-0.089556179391611	1.459606489945024	-0.012333300883233
17.000000000000000	-0.182184742469540	1.455273898455047	-0.012337771020059
17.000000000000000	-0.274351732230076	1.445081652299558	-0.012292683449776
17.000000000000000	-0.365686024735219	1.429070792056537	-0.012198219724117
17.000000000000000	-0.455819849024919	1.407305787809249	-0.012054760215164
17.000000000000000	-0.544390268000933	1.379874279547974	-0.011862882583727
17.000000000000000	-0.631040639846422	1.346886724274702	-0.011623359453304
17.000000000000000	-0.715422054096674	1.308475951231765	-0.011337155299006
17.000000000000000	-0.797194736578397	1.264796627045364	-0.011005422563946
17.000000000000000	-0.876029417560396	1.216024632937653	-0.010629497018765
17.000000000000000	-0.951608657606565	1.162356356515132	-0.010210892382955
17.000000000000000	-1.023628125792461	1.104007900985071	-0.009751294229639
17.000000000000000	-1.091797825138522	1.041214214984165	-0.009252553198368
17.000000000000000	-1.155843260325552	0.974228146523301	-0.008716677543247
17.000000000000000	-1.215506542990489	0.903319424857854	-0.008145825046407
17.000000000000000	-1.270547430151826	0.828773574383180	-0.007542294329372
17.000000000000000	-1.320744291583302	0.750890764928646	-0.006908515597329
17.000000000000000	-1.365895002240603	0.669984603079675	-0.006247040853542
17.000000000000000	-1.405817756147573	0.586380869394705	-0.005560533623341
17.000000000000000	-1.440351798464715	0.500416206601871	-0.004851758229045
17.000000000000000	-1.469358072792195	0.412436764057545	-0.004123568659007
17.000000000000000	-1.492719781100879	0.322796803925059	-0.003378897075617
17.000000000000000	-1.510342854036777	0.231857274686000	-0.002620742008514
17.000000000000000	-1.522156329705131	0.139984357728074	-0.001852156280567
17.000000000000000	-1.528112639408916	0.047547992861897	-0.001076234715234
17.000000000000000	-1.528187799191197	-0.045079611296054	-0.000296101674803
17.000000000000000	-1.522381506410059	-0.137525476076170	0.000485101520316
17.000000000000000	-1.510717140957237	-0.229417354609175	0.001264229240576
17.000000000000000	-1.493241671115543	-0.320385230732880	0.002038144213637
17.000000000000000	-1.470025464434173	-0.410062808916683	0.002803730157051
17.000000000000000	-1.441162004383416	-0.498088989204378	0.003557904326431
17.000000000000000	-1.406767513929718	-0.584109321236239	0.004297629928580
17.000000000000000	-1.366980487546816	-0.667777431495513	0.005019928349578
17.000000000000000	-1.321961133547370	-0.748756418032326	0.005721891148616
17.000000000000000	-1.271890728980637	-0.826720207048921	0.006400691769254
17.000000000000000	-1.216970889693767	-0.901354865883764	0.007053596920973
17.000000000000000	-1.157422758495956	-0.972359867107562	0.007677977585164
17.000000000000000	-1.093486114694394	-1.039449298641161	0.008271319601264
17.000000000000000	-1.025418408587630	-1.102353015022572	0.008831233790392
17.000000000000000	-0.953493724804084	-1.160817725187401	0.009355465575725
17.000000000000000	-0.878001678659983	-1.214608012382571	0.009841904060888
17.000000000000000	-0.799246249980702	-1.263507282106493	0.010288590529787
17.000000000000000	-0.717544559081295	-1.307318634258680	0.010693726333667
17.000000000000000	-0.633225589834911	-1.345865655986960	0.011055680133636
17.000000000000000	-0.546628864970850	-1.378993132039765	0.011372994469491
17.000000000000000	-0.458103078936364	-1.406567669763166	0.011644391628395
17.000000000000000	-0.368004693827192	-1.428478236226012	0.011868778789777
17.000000000000000	-0.276696504040504	-1.444636605310355	0.012045252425735
17.000000000000000	-0.184546175429914	-1.454977712966887	0.012173101939222
17.000000000000000	-0.091924764844852	-1.459459919204907	0.012251812525371
17.000000000000000	0.000794773984404	-1.458065175761860	0.012281067244431
17.000000000000000	0.093239092199773	-1.450799098777325	0.012260748297975
17.000000000000000	0.185035949159448	-1.437690946178802	0.012190937503227
17.000000000000000	0.275815711319582	-1.418793499870365	0.012071915963620
17.000000000000000	0.365212840618106	-1.394182853198562	0.011904162936886
17.000000000000000	0.452867366367494	-1.363958104551366	0.011688353905256
17.000000000000000	0.538426334729674	-1.328240958323941	0.011425357855531
17.000000000000000	0.621545229936555	-1.287175234858004	0.011116233779981
17.000000000000000	0.701889361533434	-1.240926291328058	0.010762226412155
17.000000000000000	0.779135212059332	-1.189680355906424	0.010364761214779
17.000000000000000	0.852971739737625	-1.133643777888109	0.009925438639919
17.000000000000000	0.923101630931491	-1.073042196795033	0.009446027684528
17.000000000000000	0.989242497321002	-1.008119633805308	0.008928458767319
17.000000000000000	1.051128012981215	-0.939137509166079	0.008374815955648
17.000000000000000	1.108508986782673	-0.866373589546456	0.007787328573713
17.000000000000000	1.161154365796134	-0.790120869569177	0.007168362225852
17.000000000000000	1.208852165661170	-0.710686392024667	0.006520409271086
17.000000000000000	1.251410324172365	-0.628390011518095	0.005846078787274
17.000000000000000	1.288657474646032	-0.543563106527763	0.005148086065273
17.000000000000000	1.320443635953363	-0.456547245060944	0.004429241675423
17.000000000000000	1.346640816441501	-0.367692809280057	0.003692440150369
17.000000000000000	1.367143529310751	-0.277357584637371	0.002940648329804
17.000000000000000	1.381869217372695	-0.185905319199269	0.002176893414049
17.000000000000000	1.390758585478846	-0.093704258961163	0.001404250774587
17.000000000000000	1.393775839281288	-0.001125665050841	0.000625831570628


18.000000000000000	nan	nan	nan
18.000000000000000	nan	nan	nan
18.000000000000000	nan	nan	nan
18.000000000000000	nan	nan	nan
18.000000000000000	nan	nan	nan
18.000000000000000	nan	nan	nan
18.000000000000000	nan	nan	nan
18.000000000000000	nan	nan	nan
18.000000000000000	nan	nan	nan
18.000000000000000	nan	nan	nan
18.000000000000000	nan	nan	nan
18.000000000000000	nan	nan	nan
18.000000000000000	nan	nan	nan
18.000000000000000	nan	nan	nan
18.000000000000000	nan	nan	nan
18.000000000000000	nan	nan	nan
18.000000000000000	nan	nan	nan
18.000000000000000	nan	nan	nan
18.000000000000000	nan	nan	nan
18.000000000000000	nan	nan	nan
18.000000000000000	nan	nan	nan
18.000000000000000	nan	nan	nan
18.000000000000000	nan	nan	nan
18.000000000000000	nan	nan	nan
18.000000000000000	nan	nan	nan
18.000000000000000	nan	nan	nan
18.000000000000000	nan	nan	nan
18.000000000000000	nan	nan	nan
18.000000000000000	nan	nan	nan
18.000000000000000	nan	nan	nan
18.000000000000000	nan	nan	nan
18.000000000000000	nan	nan	nan
18.000000000000000	nan	nan	nan
18.000000000000000	nan	nan	nan
18.000000000000000	nan	nan	nan
18.000000000000000	nan	nan	nan
18.000000000000000	nan	nan	nan
18.000000000000000	nan	nan	nan
18.000000000000000	nan	nan	nan
18.000000000000000	nan	nan	nan
18.000000000000000	nan	nan	nan
18.000000000000000	nan	nan	nan
18.000000000000000	nan	nan	nan
18.000000000000000	nan	nan	nan
18.000000000000000	nan	nan	nan
18.000000000000000	nan	nan	nan
18.000000000000000	nan	nan	nan
18.000000000000000	nan	nan	nan
18.000000000000000	nan	nan	nan
18.000000000000000	nan	nan	nan
18.000000000000000	nan	nan	nan
18.000000000000000	nan	nan	nan
18.000000000000000	nan	nan	nan
18.000000000000000	nan	nan	nan
18.000000000000000	nan	nan	nan
18.000000000000000	nan	nan	nan
18.000000000000000	nan	nan	nan
18.000000000000000	nan	nan	nan
18.000000000000000	nan	nan	nan
18.000000000000000	nan	nan	nan
18.000000000000000	nan	nan	nan
18.000000000000000	nan	nan	nan
18.000000000000000	nan	nan	nan
18.000000000000000	nan	nan	nan
18.000000000000000	nan	nan	nan
18.000000000000000	nan	nan	nan
18.000000000000000	nan	nan	nan
18.000000000000000	nan	nan	nan
18.000000000000000	nan	nan	nan
18.000000000000000	nan	nan	nan
18.000000000000000	nan	nan	nan
18.000000000000000	nan	nan	nan
18.000000000000000	nan	nan	nan
18.000000000000000	nan	nan	nan
18.000000000000000	nan	nan	nan
18.000000000000000	nan	nan	nan
18.000000000000000	nan	nan	nan
18.000000000000000	nan	nan	nan
18.000000000000000	nan	nan	nan
18.000000000000000	nan	nan	nan
18.000000000000000	nan	nan	nan
18.000000000000000	nan	nan	nan
18.000000000000000	nan	nan	nan
18.000000000000000	nan	nan	nan
18.000000000000000	nan	nan	nan
18.000000000000000	nan	nan	nan
18.000000000000000	nan	nan	nan
18.000000000000000	nan	nan	nan
18.000000000000000	nan	nan	nan
18.000000000000000	nan	nan	nan
18.000000000000000	nan	nan	nan
18.000000000000000	nan	nan	nan
18.000000000000000	nan	nan	nan
18.000000000000000	nan	nan	nan
18.000000000000000	nan	nan	nan
18.000000000000000	nan	nan	nan
18.000000000000000	nan	nan	nan
18.000000000000000	nan	nan	nan
18.000000000000000	nan	nan	nan
18.000000000000000	nan	nan	nan


