# n	x	y	z
1.000000000000000	-0.161348709880976	0.260357053870195	-0.007766906948572
1.000000000000000	-0.181518344083376	0.246817629205599	-0.011104862994652
1.000000000000000	-0.200765246956388	0.231974828979836	-0.014388869912027
1.000000000000000	-0.219011918015216	0.215888419910741	-0.017605704163911
1.000000000000000	-0.236184884355556	0.198623176290039	-0.020742412694134
1.000000000000000	-0.252214996503046	0.180248619160129	-0.023786365084525
1.000000000000000	-0.267037706853797	0.160838736377388	-0.026725304413154
1.000000000000000	-0.280593329584810	0.140471684689186	-0.029547396608624
1.000000000000000	-0.292827280987718	0.119229475024245	-0.032241278101703
1.000000000000000	-0.303690299258120	0.097197642263583	-0.034796101582408
1.000000000000000	-0.313138642855475	0.074464900821727	-0.037201579678291
1.000000000000000	-0.321134266634852	0.051122787425084	-0.039448026378059
1.000000000000000	-0.327644975041294	0.027265292525850	-0.041526396033720
1.000000000000000	-0.332644551749965	0.002988481835630	-0.043428319784219
1.000000000000000	-0.336112865230028	-0.021609890497277	-0.045146139253885
1.000000000000000	-0.338035949807218	-0.046430775509327	-0.046672937390007
1.000000000000000	-0.338406061898682	-0.071374228256954	-0.048002566315364
1.000000000000000	-0.337221711193659	-0.096339810259579	-0.049129672083560
1.000000000000000	-0.334487666654428	-0.121226993929925	-0.050049716237470
1.000000000000000	-0.330214937313384	-0.145935567363127	-0.050758994084010
1.000000000000000	-0.324420727943550	-0.170366037854707	-0.051254649611627
1.000000000000000	-0.317128369781030	-0.194420032522577	-0.051534686990451
1.000000000000000	-0.308367226578350	-0.218000694419918	-0.051597978608794
1.000000000000000	-0.298172576366997	-0.241013072543917	-0.051444269613647
1.000000000000000	-0.286585469405233	-0.263364504169944	-0.051074178936883
1.000000000000000	-0.273652562883198	-0.284964987971639	-0.050489196803037
1.000000000000000	-0.259425933050866	-0.305727546424489	-0.049691678728696
1.000000000000000	-0.243962865525372	-0.325568576033620	-0.048684836037665
1.000000000000000	-0.227325624622047	-0.344408183975563	-0.047472722930104
1.000000000000000	-0.209581202637999	-0.362170509798460	-0.046060220157687
1.000000000000000	-0.190801050097774	-0.378784030885323	-0.044453015370547
1.000000000000000	-0.171060788047314	-0.394181850450375	-0.042657580215107
1.000000000000000	-0.150439903554694	-0.408301966908790	-0.040681144275051
1.000000000000000	-0.129021429643752	-0.421087523535199	-0.038531665960338
1.000000000000000	-0.106891610949412	-0.432487037405649	-0.036217800461498
1.000000000000000	-0.084139556440974	-0.442454606701171	-0.033748864898230
1.000000000000000	-0.060856880611747	-0.450950095538205	-0.031134800802651
1.000000000000000	-0.037137334579820	-0.457939295581632	-0.028386134088256
1.000000000000000	-0.013076428585398	-0.463394063789673	-0.025513932665781
1.000000000000000	0.011228952595227	-0.467292435735980	-0.022529761876626
1.000000000000000	0.035680939770472	-0.469618714052632	-0.019445637923317
1.000000000000000	0.060181073418160	-0.470363531637892	-0.016273979484491
1.000000000000000	0.084630700147261	-0.469523889374225	-0.013027557709263
1.000000000000000	0.108931369940280	-0.467103168204678	-0.009719444792318
1.000000000000000	0.132985232576731	-0.463111115519024	-0.006362961336795
1.000000000000000	0.156695431641438	-0.457563805904458	-0.002971622716919
1.000000000000000	0.179966494531134	-0.450483576418908	0.000440915343639
1.000000000000000	0.202704716888938	-0.441898936647590	0.003860911758543
1.000000000000000	0.224818539918731	-0.431844453904969	0.007274595409298
1.000000000000000	0.246218919060107	-0.420360614044381	0.010668220596679
1.000000000000000	0.266819682539394	-0.407493658435797	0.014028122389816
1.000000000000000	0.286537878352972	-0.393295397768138	0.017340771650045
1.000000000000000	0.305294108285715	-0.377823003425928	0.020592829507974
1.000000000000000	0.323012847619577	-0.361138777280296	0.023771201074401
1.000000000000000	0.339622749244980	-0.343309900821337	0.026863088168817
1.000000000000000	0.355056930950439	-0.324408164641961	0.029856040853153
1.000000000000000	0.369253244733626	-0.304509679362513	0.032738007563294
1.000000000000000	0.382154527049434	-0.283694569160165	0.035497383636470
1.000000000000000	0.393708828987407	-0.262046649137140	0.038123058039139
1.000000000000000	0.403869625451659	-0.239653087826871	0.040604458107198
1.000000000000000	0.412596002501017	-0.216604056197088	0.042931592118367
1.000000000000000	0.419852822095025	-0.192992364563151	0.045095089525329
1.000000000000000	0.425610863582427	-0.168913088873670	0.047086238687621
1.000000000000000	0.429846941362417	-0.144463187873218	0.048897021950329
1.000000000000000	0.432543998244874	-0.119741112683682	0.050520147928360
1.000000000000000	0.433691174133640	-0.094846410376348	0.051949080866272
1.000000000000000	0.433283849756301	-0.069879323130979	0.053178066955456
1.000000000000000	0.431323665264361	-0.044940384595932	0.054202157502695
1.000000000000000	0.427818513628934	-0.020130015074647	0.055017228856801
1.000000000000000	0.422782508858536	0.004451882831481	0.055619999013106
1.000000000000000	0.416235929166948	0.028706326495610	0.056008040828935
1.000000000000000	0.408205135320017	0.052535651833561	0.056179791796851
1.000000000000000	0.398722464490143	0.075843906562609	0.056134560336326
1.000000000000000	0.387826100045910	0.098537236567463	0.055872528578486
1.000000000000000	0.375559917801131	0.120524263817665	0.055394751632739
1.000000000000000	0.361973309342432	0.141716454314660	0.054703153338216
1.000000000000000	0.347120983146768	0.162028474586969	0.053800518517154
1.000000000000000	0.331062744289693	0.181378535297957	0.052690481761399
1.000000000000000	0.313863253631429	0.199688720582625	0.051377512797184
1.000000000000000	0.295591767450404	0.216885301787295	0.049866898487125
1.000000000000000	0.276321858572662	0.232899034348884	0.048164721541886
1.000000000000000	0.256131120120059	0.247665436618313	0.046277836027254
1.000000000000000	0.235100853070148	0.261125049505352	0.044213839765230
1.000000000000000	0.213315738885838	0.273223675899393	0.041981043740289
1.000000000000000	0.190863498533029	0.283912598902080	0.039588438633970
1.000000000000000	0.167834539259242	0.293148777993072	0.037045658622581
1.000000000000000	0.144321590555546	0.300895022339020	0.034362942583771
1.000000000000000	0.120419330767623	0.307120140547932	0.031551092868179
1.000000000000000	0.096224005859483	0.311799066265897	0.028621431802186
1.000000000000000	0.071833041864944	0.314912959110447	0.025585756096898
1.000000000000000	0.047344652587372	0.316449280534126	0.022456289346958
1.000000000000000	0.022857444127364	0.316401844312795	0.019245632810443
1.000000000000000	-0.001529982169220	0.314770841455377	0.015966714668043
1.000000000000000	-0.025719426744073	0.311562839434724	0.012632737965844
1.000000000000000	-0.049613487241406	0.306790755742731	0.009257127451320
1.000000000000000	-0.073115950712855	0.300473805876148	0.005853475516611
1.000000000000000	-0.096132181033071	0.292637425962558	0.002435487466762
1.000000000000000	-0.118569499965987	0.283313170338073	-0.000983073666708
1.000000000000000	-0.140337560347374	0.272538584489155	-0.004388442544676
1.000000000000000	-0.161348709880976	0.260357053870195	-0.007766906948572


2.000000000000000	nan	nan	nan
2.000000000000000	nan	nan	nan
2.000000000000000	nan	nan	nan
2.000000000000000	nan	nan	nan
2.000000000000000	nan	nan	nan
2.000000000000000	nan	nan	nan
2.000000000000000	nan	nan	nan
2.000000000000000	nan	nan	nan
2.000000000000000	nan	nan	nan
2.000000000000000	nan	nan	nan
2.000000000000000	nan	nan	nan
2.000000000000000	nan	nan	nan
2.000000000000000	nan	nan	nan
2.000000000000000	nan	nan	nan
2.000000000000000	nan	nan	nan
2.000000000000000	nan	nan	nan
2.000000000000000	nan	nan	nan
2.000000000000000	nan	nan	nan
2.000000000000000	nan	nan	nan
2.000000000000000	nan	nan	nan
2.000000000000000	nan	nan	nan
2.000000000000000	nan	nan	nan
2.000000000000000	nan	nan	nan
2.000000000000000	nan	nan	nan
2.000000000000000	nan	nan	nan
2.000000000000000	nan	nan	nan
2.000000000000000	nan	nan	nan
2.000000000000000	nan	nan	nan
2.000000000000000	nan	nan	nan
2.000000000000000	nan	nan	nan
2.000000000000000	nan	nan	nan
2.000000000000000	nan	nan	nan
2.000000000000000	nan	nan	nan
2.000000000000000	nan	nan	nan
2.000000000000000	nan	nan	nan
2.000000000000000	nan	nan	nan
2.000000000000000	nan	nan	nan
2.000000000000000	nan	nan	nan
2.000000000000000	nan	nan	nan
2.000000000000000	nan	nan	nan
2.000000000000000	nan	nan	nan
2.000000000000000	nan	nan	nan
2.000000000000000	nan	nan	nan
2.000000000000000	nan	nan	nan
2.000000000000000	nan	nan	nan
2.000000000000000	nan	nan	nan
2.000000000000000	nan	nan	nan
2.000000000000000	nan	nan	nan
2.000000000000000	nan	nan	nan
2.000000000000000	nan	nan	nan
2.000000000000000	nan	nan	nan
2.000000000000000	nan	nan	nan
2.000000000000000	nan	nan	nan
2.000000000000000	nan	nan	nan
2.000000000000000	nan	nan	nan
2.000000000000000	nan	nan	nan
2.000000000000000	nan	nan	nan
2.000000000000000	nan	nan	nan
2.000000000000000	nan	nan	nan
2.000000000000000	nan	nan	nan
2.000000000000000	nan	nan	nan
2.000000000000000	nan	nan	nan
2.000000000000000	nan	nan	nan
2.000000000000000	nan	nan	nan
2.000000000000000	nan	nan	nan
2.000000000000000	nan	nan	nan
2.000000000000000	nan	nan	nan
2.000000000000000	nan	nan	nan
2.000000000000000	nan	nan	nan
2.000000000000000	nan	nan	nan
2.000000000000000	nan	nan	nan
2.000000000000000	nan	nan	nan
2.000000000000000	nan	nan	nan
2.000000000000000	nan	nan	nan
2.000000000000000	nan	nan	nan
2.000000000000000	nan	nan	nan
2.000000000000000	nan	nan	nan
2.000000000000000	nan	nan	nan
2.000000000000000	nan	nan	nan
2.000000000000000	nan	nan	nan
2.000000000000000	nan	nan	nan
2.000000000000000	nan	nan	nan
2.000000000000000	nan	nan	nan
2.000000000000000	nan	nan	nan
2.000000000000000	nan	nan	nan
2.000000000000000	nan	nan	nan
2.000000000000000	nan	nan	nan
2.000000000000000	nan	nan	nan
2.000000000000000	nan	nan	nan
2.000000000000000	nan	nan	nan
2.000000000000000	nan	nan	nan
2.000000000000000	nan	nan	nan
2.000000000000000	nan	nan	nan
2.000000000000000	nan	nan	nan
2.000000000000000	nan	nan	nan
2.000000000000000	nan	nan	nan
2.000000000000000	nan	nan	nan
2.000000000000000	nan	nan	nan
2.000000000000000	nan	nan	nan
2.000000000000000	nan	nan	nan


3.000000000000000	nan	nan	nan
3.000000000000000	nan	nan	nan
3.000000000000000	nan	nan	nan
3.000000000000000	nan	nan	nan
3.000000000000000	nan	nan	nan
3.000000000000000	nan	nan	nan
3.000000000000000	nan	nan	nan
3.000000000000000	nan	nan	nan
3.000000000000000	nan	nan	nan
3.000000000000000	nan	nan	nan
3.000000000000000	nan	nan	nan
3.000000000000000	nan	nan	nan
3.000000000000000	nan	nan	nan
3.000000000000000	nan	nan	nan
3.000000000000000	nan	nan	nan
3.000000000000000	nan	nan	nan
3.000000000000000	nan	nan	nan
3.000000000000000	nan	nan	nan
3.000000000000000	nan	nan	nan
3.000000000000000	nan	nan	nan
3.000000000000000	nan	nan	nan
3.000000000000000	nan	nan	nan
3.000000000000000	nan	nan	nan
3.000000000000000	nan	nan	nan
3.000000000000000	nan	nan	nan
3.000000000000000	nan	nan	nan
3.000000000000000	nan	nan	nan
3.000000000000000	nan	nan	nan
3.000000000000000	nan	nan	nan
3.000000000000000	nan	nan	nan
3.000000000000000	nan	nan	nan
3.000000000000000	nan	nan	nan
3.000000000000000	nan	nan	nan
3.000000000000000	nan	nan	nan
3.000000000000000	nan	nan	nan
3.000000000000000	nan	nan	nan
3.000000000000000	nan	nan	nan
3.000000000000000	nan	nan	nan
3.000000000000000	nan	nan	nan
3.000000000000000	nan	nan	nan
3.000000000000000	nan	nan	nan
3.000000000000000	nan	nan	nan
3.000000000000000	nan	nan	nan
3.000000000000000	nan	nan	nan
3.000000000000000	nan	nan	nan
3.000000000000000	nan	nan	nan
3.000000000000000	nan	nan	nan
3.000000000000000	nan	nan	nan
3.000000000000000	nan	nan	nan
3.000000000000000	nan	nan	nan
3.000000000000000	nan	nan	nan
3.000000000000000	nan	nan	nan
3.000000000000000	nan	nan	nan
3.000000000000000	nan	nan	nan
3.000000000000000	nan	nan	nan
3.000000000000000	nan	nan	nan
3.000000000000000	nan	nan	nan
3.000000000000000	nan	nan	nan
3.000000000000000	nan	nan	nan
3.000000000000000	nan	nan	nan
3.000000000000000	nan	nan	nan
3.000000000000000	nan	nan	nan
3.000000000000000	nan	nan	nan
3.000000000000000	nan	nan	nan
3.000000000000000	nan	nan	nan
3.000000000000000	nan	nan	nan
3.000000000000000	nan	nan	nan
3.000000000000000	nan	nan	nan
3.000000000000000	nan	nan	nan
3.000000000000000	nan	nan	nan
3.000000000000000	nan	nan	nan
3.000000000000000	nan	nan	nan
3.000000000000000	nan	nan	nan
3.000000000000000	nan	nan	nan
3.000000000000000	nan	nan	nan
3.000000000000000	nan	nan	nan
3.000000000000000	nan	nan	nan
3.000000000000000	nan	nan	nan
3.000000000000000	nan	nan	nan
3.000000000000000	nan	nan	nan
3.000000000000000	nan	nan	nan
3.000000000000000	nan	nan	nan
3.000000000000000	nan	nan	nan
3.000000000000000	nan	nan	nan
3.000000000000000	nan	nan	nan
3.000000000000000	nan	nan	nan
3.000000000000000	nan	nan	nan
3.000000000000000	nan	nan	nan
3.000000000000000	nan	nan	nan
3.000000000000000	nan	nan	nan
3.000000000000000	nan	nan	nan
3.000000000000000	nan	nan	nan
3.000000000000000	nan	nan	nan
3.000000000000000	nan	nan	nan
3.000000000000000	nan	nan	nan
3.000000000000000	nan	nan	nan
3.000000000000000	nan	nan	nan
3.000000000000000	nan	nan	nan
3.000000000000000	nan	nan	nan
3.000000000000000	nan	nan	nan


4.000000000000000	nan	nan	nan
4.000000000000000	nan	nan	nan
4.000000000000000	nan	nan	nan
4.000000000000000	nan	nan	nan
4.000000000000000	nan	nan	nan
4.000000000000000	nan	nan	nan
4.000000000000000	nan	nan	nan
4.000000000000000	nan	nan	nan
4.000000000000000	nan	nan	nan
4.000000000000000	nan	nan	nan
4.000000000000000	nan	nan	nan
4.000000000000000	nan	nan	nan
4.000000000000000	nan	nan	nan
4.000000000000000	nan	nan	nan
4.000000000000000	nan	nan	nan
4.000000000000000	nan	nan	nan
4.000000000000000	nan	nan	nan
4.000000000000000	nan	nan	nan
4.000000000000000	nan	nan	nan
4.000000000000000	nan	nan	nan
4.000000000000000	nan	nan	nan
4.000000000000000	nan	nan	nan
4.000000000000000	nan	nan	nan
4.000000000000000	nan	nan	nan
4.000000000000000	nan	nan	nan
4.000000000000000	nan	nan	nan
4.000000000000000	nan	nan	nan
4.000000000000000	nan	nan	nan
4.000000000000000	nan	nan	nan
4.000000000000000	nan	nan	nan
4.000000000000000	nan	nan	nan
4.000000000000000	nan	nan	nan
4.000000000000000	nan	nan	nan
4.000000000000000	nan	nan	nan
4.000000000000000	nan	nan	nan
4.000000000000000	nan	nan	nan
4.000000000000000	nan	nan	nan
4.000000000000000	nan	nan	nan
4.000000000000000	nan	nan	nan
4.000000000000000	nan	nan	nan
4.000000000000000	nan	nan	nan
4.000000000000000	nan	nan	nan
4.000000000000000	nan	nan	nan
4.000000000000000	nan	nan	nan
4.000000000000000	nan	nan	nan
4.000000000000000	nan	nan	nan
4.000000000000000	nan	nan	nan
4.000000000000000	nan	nan	nan
4.000000000000000	nan	nan	nan
4.000000000000000	nan	nan	nan
4.000000000000000	nan	nan	nan
4.000000000000000	nan	nan	nan
4.000000000000000	nan	nan	nan
4.000000000000000	nan	nan	nan
4.000000000000000	nan	nan	nan
4.000000000000000	nan	nan	nan
4.000000000000000	nan	nan	nan
4.000000000000000	nan	nan	nan
4.000000000000000	nan	nan	nan
4.000000000000000	nan	nan	nan
4.000000000000000	nan	nan	nan
4.000000000000000	nan	nan	nan
4.000000000000000	nan	nan	nan
4.000000000000000	nan	nan	nan
4.000000000000000	nan	nan	nan
4.000000000000000	nan	nan	nan
4.000000000000000	nan	nan	nan
4.000000000000000	nan	nan	nan
4.000000000000000	nan	nan	nan
4.000000000000000	nan	nan	nan
4.000000000000000	nan	nan	nan
4.000000000000000	nan	nan	nan
4.000000000000000	nan	nan	nan
4.000000000000000	nan	nan	nan
4.000000000000000	nan	nan	nan
4.000000000000000	nan	nan	nan
4.000000000000000	nan	nan	nan
4.000000000000000	nan	nan	nan
4.000000000000000	nan	nan	nan
4.000000000000000	nan	nan	nan
4.000000000000000	nan	nan	nan
4.000000000000000	nan	nan	nan
4.000000000000000	nan	nan	nan
4.000000000000000	nan	nan	nan
4.000000000000000	nan	nan	nan
4.000000000000000	nan	nan	nan
4.000000000000000	nan	nan	nan
4.000000000000000	nan	nan	nan
4.000000000000000	nan	nan	nan
4.000000000000000	nan	nan	nan
4.000000000000000	nan	nan	nan
4.000000000000000	nan	nan	nan
4.000000000000000	nan	nan	nan
4.000000000000000	nan	nan	nan
4.000000000000000	nan	nan	nan
4.000000000000000	nan	nan	nan
4.000000000000000	nan	nan	nan
4.000000000000000	nan	nan	nan
4.000000000000000	nan	nan	nan
4.000000000000000	nan	nan	nan


5.000000000000000	nan	nan	nan
5.000000000000000	nan	nan	nan
5.000000000000000	nan	nan	nan
5.000000000000000	nan	nan	nan
5.000000000000000	nan	nan	nan
5.000000000000000	nan	nan	nan
5.000000000000000	nan	nan	nan
5.000000000000000	nan	nan	nan
5.000000000000000	nan	nan	nan
5.000000000000000	nan	nan	nan
5.000000000000000	nan	nan	nan
5.000000000000000	nan	nan	nan
5.000000000000000	nan	nan	nan
5.000000000000000	nan	nan	nan
5.000000000000000	nan	nan	nan
5.000000000000000	nan	nan	nan
5.000000000000000	nan	nan	nan
5.000000000000000	nan	nan	nan
5.000000000000000	nan	nan	nan
5.000000000000000	nan	nan	nan
5.000000000000000	nan	nan	nan
5.000000000000000	nan	nan	nan
5.000000000000000	nan	nan	nan
5.000000000000000	nan	nan	nan
5.000000000000000	nan	nan	nan
5.000000000000000	nan	nan	nan
5.000000000000000	nan	nan	nan
5.000000000000000	nan	nan	nan
5.000000000000000	nan	nan	nan
5.000000000000000	nan	nan	nan
5.000000000000000	nan	nan	nan
5.000000000000000	nan	nan	nan
5.000000000000000	nan	nan	nan
5.000000000000000	nan	nan	nan
5.000000000000000	nan	nan	nan
5.000000000000000	nan	nan	nan
5.000000000000000	nan	nan	nan
5.000000000000000	nan	nan	nan
5.000000000000000	nan	nan	nan
5.000000000000000	nan	nan	nan
5.000000000000000	nan	nan	nan
5.000000000000000	nan	nan	nan
5.000000000000000	nan	nan	nan
5.000000000000000	nan	nan	nan
5.000000000000000	nan	nan	nan
5.000000000000000	nan	nan	nan
5.000000000000000	nan	nan	nan
5.000000000000000	nan	nan	nan
5.000000000000000	nan	nan	nan
5.000000000000000	nan	nan	nan
5.000000000000000	nan	nan	nan
5.000000000000000	nan	nan	nan
5.000000000000000	nan	nan	nan
5.000000000000000	nan	nan	nan
5.000000000000000	nan	nan	nan
5.000000000000000	nan	nan	nan
5.000000000000000	nan	nan	nan
5.000000000000000	nan	nan	nan
5.000000000000000	nan	nan	nan
5.000000000000000	nan	nan	nan
5.000000000000000	nan	nan	nan
5.000000000000000	nan	nan	nan
5.000000000000000	nan	nan	nan
5.000000000000000	nan	nan	nan
5.000000000000000	nan	nan	nan
5.000000000000000	nan	nan	nan
5.000000000000000	nan	nan	nan
5.000000000000000	nan	nan	nan
5.000000000000000	nan	nan	nan
5.000000000000000	nan	nan	nan
5.000000000000000	nan	nan	nan
5.000000000000000	nan	nan	nan
5.000000000000000	nan	nan	nan
5.000000000000000	nan	nan	nan
5.000000000000000	nan	nan	nan
5.000000000000000	nan	nan	nan
5.000000000000000	nan	nan	nan
5.000000000000000	nan	nan	nan
5.000000000000000	nan	nan	nan
5.000000000000000	nan	nan	nan
5.000000000000000	nan	nan	nan
5.000000000000000	nan	nan	nan
5.000000000000000	nan	nan	nan
5.000000000000000	nan	nan	nan
5.000000000000000	nan	nan	nan
5.000000000000000	nan	nan	nan
5.000000000000000	nan	nan	nan
5.000000000000000	nan	nan	nan
5.000000000000000	nan	nan	nan
5.000000000000000	nan	nan	nan
5.000000000000000	nan	nan	nan
5.000000000000000	nan	nan	nan
5.000000000000000	nan	nan	nan
5.000000000000000	nan	nan	nan
5.000000000000000	nan	nan	nan
5.000000000000000	nan	nan	nan
5.000000000000000	nan	nan	nan
5.000000000000000	nan	nan	nan
5.000000000000000	nan	nan	nan
5.000000000000000	nan	nan	nan


6.000000000000000	nan	nan	nan
6.000000000000000	nan	nan	nan
6.000000000000000	nan	nan	nan
6.000000000000000	nan	nan	nan
6.000000000000000	nan	nan	nan
6.000000000000000	nan	nan	nan
6.000000000000000	nan	nan	nan
6.000000000000000	nan	nan	nan
6.000000000000000	nan	nan	nan
6.000000000000000	nan	nan	nan
6.000000000000000	nan	nan	nan
6.000000000000000	nan	nan	nan
6.000000000000000	nan	nan	nan
6.000000000000000	nan	nan	nan
6.000000000000000	nan	nan	nan
6.000000000000000	nan	nan	nan
6.000000000000000	nan	nan	nan
6.000000000000000	nan	nan	nan
6.000000000000000	nan	nan	nan
6.000000000000000	nan	nan	nan
6.000000000000000	nan	nan	nan
6.000000000000000	nan	nan	nan
6.000000000000000	nan	nan	nan
6.000000000000000	nan	nan	nan
6.000000000000000	nan	nan	nan
6.000000000000000	nan	nan	nan
6.000000000000000	nan	nan	nan
6.000000000000000	nan	nan	nan
6.000000000000000	nan	nan	nan
6.000000000000000	nan	nan	nan
6.000000000000000	nan	nan	nan
6.000000000000000	nan	nan	nan
6.000000000000000	nan	nan	nan
6.000000000000000	nan	nan	nan
6.000000000000000	nan	nan	nan
6.000000000000000	nan	nan	nan
6.000000000000000	nan	nan	nan
6.000000000000000	nan	nan	nan
6.000000000000000	nan	nan	nan
6.000000000000000	nan	nan	nan
6.000000000000000	nan	nan	nan
6.000000000000000	nan	nan	nan
6.000000000000000	nan	nan	nan
6.000000000000000	nan	nan	nan
6.000000000000000	nan	nan	nan
6.000000000000000	nan	nan	nan
6.000000000000000	nan	nan	nan
6.000000000000000	nan	nan	nan
6.000000000000000	nan	nan	nan
6.000000000000000	nan	nan	nan
6.000000000000000	nan	nan	nan
6.000000000000000	nan	nan	nan
6.000000000000000	nan	nan	nan
6.000000000000000	nan	nan	nan
6.000000000000000	nan	nan	nan
6.000000000000000	nan	nan	nan
6.000000000000000	nan	nan	nan
6.000000000000000	nan	nan	nan
6.000000000000000	nan	nan	nan
6.000000000000000	nan	nan	nan
6.000000000000000	nan	nan	nan
6.000000000000000	nan	nan	nan
6.000000000000000	nan	nan	nan
6.000000000000000	nan	nan	nan
6.000000000000000	nan	nan	nan
6.000000000000000	nan	nan	nan
6.000000000000000	nan	nan	nan
6.000000000000000	nan	nan	nan
6.000000000000000	nan	nan	nan
6.000000000000000	nan	nan	nan
6.000000000000000	nan	nan	nan
6.000000000000000	nan	nan	nan
6.000000000000000	nan	nan	nan
6.000000000000000	nan	nan	nan
6.000000000000000	nan	nan	nan
6.000000000000000	nan	nan	nan
6.000000000000000	nan	nan	nan
6.000000000000000	nan	nan	nan
6.000000000000000	nan	nan	nan
6.000000000000000	nan	nan	nan
6.000000000000000	nan	nan	nan
6.000000000000000	nan	nan	nan
6.000000000000000	nan	nan	nan
6.000000000000000	nan	nan	nan
6.000000000000000	nan	nan	nan
6.000000000000000	nan	nan	nan
6.000000000000000	nan	nan	nan
6.000000000000000	nan	nan	nan
6.000000000000000	nan	nan	nan
6.000000000000000	nan	nan	nan
6.000000000000000	nan	nan	nan
6.000000000000000	nan	nan	nan
6.000000000000000	nan	nan	nan
6.000000000000000	nan	nan	nan
6.000000000000000	nan	nan	nan
6.000000000000000	nan	nan	nan
6.000000000000000	nan	nan	nan
6.000000000000000	nan	nan	nan
6.000000000000000	nan	nan	nan
6.000000000000000	nan	nan	nan


7.000000000000000	nan	nan	nan
7.000000000000000	nan	nan	nan
7.000000000000000	nan	nan	nan
7.000000000000000	nan	nan	nan
7.000000000000000	nan	nan	nan
7.000000000000000	nan	nan	nan
7.000000000000000	nan	nan	nan
7.000000000000000	nan	nan	nan
7.000000000000000	nan	nan	nan
7.000000000000000	nan	nan	nan
7.000000000000000	nan	nan	nan
7.000000000000000	nan	nan	nan
7.000000000000000	nan	nan	nan
7.000000000000000	nan	nan	nan
7.000000000000000	nan	nan	nan
7.000000000000000	nan	nan	nan
7.000000000000000	nan	nan	nan
7.000000000000000	nan	nan	nan
7.000000000000000	nan	nan	nan
7.000000000000000	nan	nan	nan
7.000000000000000	nan	nan	nan
7.000000000000000	nan	nan	nan
7.000000000000000	nan	nan	nan
7.000000000000000	nan	nan	nan
7.000000000000000	nan	nan	nan
7.000000000000000	nan	nan	nan
7.000000000000000	nan	nan	nan
7.000000000000000	nan	nan	nan
7.000000000000000	nan	nan	nan
7.000000000000000	nan	nan	nan
7.000000000000000	nan	nan	nan
7.000000000000000	nan	nan	nan
7.000000000000000	nan	nan	nan
7.000000000000000	nan	nan	nan
7.000000000000000	nan	nan	nan
7.000000000000000	nan	nan	nan
7.000000000000000	nan	nan	nan
7.000000000000000	nan	nan	nan
7.000000000000000	nan	nan	nan
7.000000000000000	nan	nan	nan
7.000000000000000	nan	nan	nan
7.000000000000000	nan	nan	nan
7.000000000000000	nan	nan	nan
7.000000000000000	nan	nan	nan
7.000000000000000	nan	nan	nan
7.000000000000000	nan	nan	nan
7.000000000000000	nan	nan	nan
7.000000000000000	nan	nan	nan
7.000000000000000	nan	nan	nan
7.000000000000000	nan	nan	nan
7.000000000000000	nan	nan	nan
7.000000000000000	nan	nan	nan
7.000000000000000	nan	nan	nan
7.000000000000000	nan	nan	nan
7.000000000000000	nan	nan	nan
7.000000000000000	nan	nan	nan
7.000000000000000	nan	nan	nan
7.000000000000000	nan	nan	nan
7.000000000000000	nan	nan	nan
7.000000000000000	nan	nan	nan
7.000000000000000	nan	nan	nan
7.000000000000000	nan	nan	nan
7.000000000000000	nan	nan	nan
7.000000000000000	nan	nan	nan
7.000000000000000	nan	nan	nan
7.000000000000000	nan	nan	nan
7.000000000000000	nan	nan	nan
7.000000000000000	nan	nan	nan
7.000000000000000	nan	nan	nan
7.000000000000000	nan	nan	nan
7.000000000000000	nan	nan	nan
7.000000000000000	nan	nan	nan
7.000000000000000	nan	nan	nan
7.000000000000000	nan	nan	nan
7.000000000000000	nan	nan	nan
7.000000000000000	nan	nan	nan
7.000000000000000	nan	nan	nan
7.000000000000000	nan	nan	nan
7.000000000000000	nan	nan	nan
7.000000000000000	nan	nan	nan
7.000000000000000	nan	nan	nan
7.000000000000000	nan	nan	nan
7.000000000000000	nan	nan	nan
7.000000000000000	nan	nan	nan
7.000000000000000	nan	nan	nan
7.000000000000000	nan	nan	nan
7.000000000000000	nan	nan	nan
7.000000000000000	nan	nan	nan
7.000000000000000	nan	nan	nan
7.000000000000000	nan	nan	nan
7.000000000000000	nan	nan	nan
7.000000000000000	nan	nan	nan
7.000000000000000	nan	nan	nan
7.000000000000000	nan	nan	nan
7.000000000000000	nan	nan	nan
7.000000000000000	nan	nan	nan
7.000000000000000	nan	nan	nan
7.000000000000000	nan	nan	nan
7.000000000000000	nan	nan	nan
7.000000000000000	nan	nan	nan


8.000000000000000	nan	nan	nan
8.000000000000000	nan	nan	nan
8.000000000000000	nan	nan	nan
8.000000000000000	nan	nan	nan
8.000000000000000	nan	nan	nan
8.000000000000000	nan	nan	nan
8.000000000000000	nan	nan	nan
8.000000000000000	nan	nan	nan
8.000000000000000	nan	nan	nan
8.000000000000000	nan	nan	nan
8.000000000000000	nan	nan	nan
8.000000000000000	nan	nan	nan
8.000000000000000	nan	nan	nan
8.000000000000000	nan	nan	nan
8.000000000000000	nan	nan	nan
8.000000000000000	nan	nan	nan
8.000000000000000	nan	nan	nan
8.000000000000000	nan	nan	nan
8.000000000000000	nan	nan	nan
8.000000000000000	nan	nan	nan
8.000000000000000	nan	nan	nan
8.000000000000000	nan	nan	nan
8.000000000000000	nan	nan	nan
8.000000000000000	nan	nan	nan
8.000000000000000	nan	nan	nan
8.000000000000000	nan	nan	nan
8.000000000000000	nan	nan	nan
8.000000000000000	nan	nan	nan
8.000000000000000	nan	nan	nan
8.000000000000000	nan	nan	nan
8.000000000000000	nan	nan	nan
8.000000000000000	nan	nan	nan
8.000000000000000	nan	nan	nan
8.000000000000000	nan	nan	nan
8.000000000000000	nan	nan	nan
8.000000000000000	nan	nan	nan
8.000000000000000	nan	nan	nan
8.000000000000000	nan	nan	nan
8.000000000000000	nan	nan	nan
8.000000000000000	nan	nan	nan
8.000000000000000	nan	nan	nan
8.000000000000000	nan	nan	nan
8.000000000000000	nan	nan	nan
8.000000000000000	nan	nan	nan
8.000000000000000	nan	nan	nan
8.000000000000000	nan	nan	nan
8.000000000000000	nan	nan	nan
8.000000000000000	nan	nan	nan
8.000000000000000	nan	nan	nan
8.000000000000000	nan	nan	nan
8.000000000000000	nan	nan	nan
8.000000000000000	nan	nan	nan
8.000000000000000	nan	nan	nan
8.000000000000000	nan	nan	nan
8.000000000000000	nan	nan	nan
8.000000000000000	nan	nan	nan
8.000000000000000	nan	nan	nan
8.000000000000000	nan	nan	nan
8.000000000000000	nan	nan	nan
8.000000000000000	nan	nan	nan
8.000000000000000	nan	nan	nan
8.000000000000000	nan	nan	nan
8.000000000000000	nan	nan	nan
8.000000000000000	nan	nan	nan
8.000000000000000	nan	nan	nan
8.000000000000000	nan	nan	nan
8.000000000000000	nan	nan	nan
8.000000000000000	nan	nan	nan
8.000000000000000	nan	nan	nan
8.000000000000000	nan	nan	nan
8.000000000000000	nan	nan	nan
8.000000000000000	nan	nan	nan
8.000000000000000	nan	nan	nan
8.000000000000000	nan	nan	nan
8.000000000000000	nan	nan	nan
8.000000000000000	nan	nan	nan
8.000000000000000	nan	nan	nan
8.000000000000000	nan	nan	nan
8.000000000000000	nan	nan	nan
8.000000000000000	nan	nan	nan
8.000000000000000	nan	nan	nan
8.000000000000000	nan	nan	nan
8.000000000000000	nan	nan	nan
8.000000000000000	nan	nan	nan
8.000000000000000	nan	nan	nan
8.000000000000000	nan	nan	nan
8.000000000000000	nan	nan	nan
8.000000000000000	nan	nan	nan
8.000000000000000	nan	nan	nan
8.000000000000000	nan	nan	nan
8.000000000000000	nan	nan	nan
8.000000000000000	nan	nan	nan
8.000000000000000	nan	nan	nan
8.000000000000000	nan	nan	nan
8.000000000000000	nan	nan	nan
8.000000000000000	nan	nan	nan
8.000000000000000	nan	nan	nan
8.000000000000000	nan	nan	nan
8.000000000000000	nan	nan	nan
8.000000000000000	nan	nan	nan


9.000000000000000	nan	nan	nan
9.000000000000000	nan	nan	nan
9.000000000000000	nan	nan	nan
9.000000000000000	nan	nan	nan
9.000000000000000	nan	nan	nan
9.000000000000000	nan	nan	nan
9.000000000000000	nan	nan	nan
9.000000000000000	nan	nan	nan
9.000000000000000	nan	nan	nan
9.000000000000000	nan	nan	nan
9.000000000000000	nan	nan	nan
9.000000000000000	nan	nan	nan
9.000000000000000	nan	nan	nan
9.000000000000000	nan	nan	nan
9.000000000000000	nan	nan	nan
9.000000000000000	nan	nan	nan
9.000000000000000	nan	nan	nan
9.000000000000000	nan	nan	nan
9.000000000000000	nan	nan	nan
9.000000000000000	nan	nan	nan
9.000000000000000	nan	nan	nan
9.000000000000000	nan	nan	nan
9.000000000000000	nan	nan	nan
9.000000000000000	nan	nan	nan
9.000000000000000	nan	nan	nan
9.000000000000000	nan	nan	nan
9.000000000000000	nan	nan	nan
9.000000000000000	nan	nan	nan
9.000000000000000	nan	nan	nan
9.000000000000000	nan	nan	nan
9.000000000000000	nan	nan	nan
9.000000000000000	nan	nan	nan
9.000000000000000	nan	nan	nan
9.000000000000000	nan	nan	nan
9.000000000000000	nan	nan	nan
9.000000000000000	nan	nan	nan
9.000000000000000	nan	nan	nan
9.000000000000000	nan	nan	nan
9.000000000000000	nan	nan	nan
9.000000000000000	nan	nan	nan
9.000000000000000	nan	nan	nan
9.000000000000000	nan	nan	nan
9.000000000000000	nan	nan	nan
9.000000000000000	nan	nan	nan
9.000000000000000	nan	nan	nan
9.000000000000000	nan	nan	nan
9.000000000000000	nan	nan	nan
9.000000000000000	nan	nan	nan
9.000000000000000	nan	nan	nan
9.000000000000000	nan	nan	nan
9.000000000000000	nan	nan	nan
9.000000000000000	nan	nan	nan
9.000000000000000	nan	nan	nan
9.000000000000000	nan	nan	nan
9.000000000000000	nan	nan	nan
9.000000000000000	nan	nan	nan
9.000000000000000	nan	nan	nan
9.000000000000000	nan	nan	nan
9.000000000000000	nan	nan	nan
9.000000000000000	nan	nan	nan
9.000000000000000	nan	nan	nan
9.000000000000000	nan	nan	nan
9.000000000000000	nan	nan	nan
9.000000000000000	nan	nan	nan
9.000000000000000	nan	nan	nan
9.000000000000000	nan	nan	nan
9.000000000000000	nan	nan	nan
9.000000000000000	nan	nan	nan
9.000000000000000	nan	nan	nan
9.000000000000000	nan	nan	nan
9.000000000000000	nan	nan	nan
9.000000000000000	nan	nan	nan
9.000000000000000	nan	nan	nan
9.000000000000000	nan	nan	nan
9.000000000000000	nan	nan	nan
9.000000000000000	nan	nan	nan
9.000000000000000	nan	nan	nan
9.000000000000000	nan	nan	nan
9.000000000000000	nan	nan	nan
9.000000000000000	nan	nan	nan
9.000000000000000	nan	nan	nan
9.000000000000000	nan	nan	nan
9.000000000000000	nan	nan	nan
9.000000000000000	nan	nan	nan
9.000000000000000	nan	nan	nan
9.000000000000000	nan	nan	nan
9.000000000000000	nan	nan	nan
9.000000000000000	nan	nan	nan
9.000000000000000	nan	nan	nan
9.000000000000000	nan	nan	nan
9.000000000000000	nan	nan	nan
9.000000000000000	nan	nan	nan
9.000000000000000	nan	nan	nan
9.000000000000000	nan	nan	nan
9.000000000000000	nan	nan	nan
9.000000000000000	nan	nan	nan
9.000000000000000	nan	nan	nan
9.000000000000000	nan	nan	nan
9.000000000000000	nan	nan	nan
9.000000000000000	nan	nan	nan


10.000000000000000	1.287342355104554	-0.519990797132502	-0.101821187190372
10.000000000000000	1.326586090951777	-0.410348877976081	-0.112834109897841
10.000000000000000	1.358535899151171	-0.298266071161427	-0.123238279300370
10.000000000000000	1.383063129101603	-0.184193694592656	-0.132991801479864
10.000000000000000	1.400069018304796	-0.068591077469075	-0.142055402444950
10.000000000000000	1.409485090047050	0.048076289271381	-0.150392586273482
10.000000000000000	1.411273429130804	0.165338627319870	-0.157969782068742
10.000000000000000	1.405426834545751	0.282723762628082	-0.164756479137584
10.000000000000000	1.391968848464765	0.399759026686482	-0.170725349846236
10.000000000000000	1.370953661447883	0.515973159793575	-0.175852359659030
10.000000000000000	1.342465894236041	0.630898208652393	-0.180116863916995
10.000000000000000	1.306620257013223	0.744071410653260	-0.183501690966615
10.000000000000000	1.263561087509029	0.855037057255497	-0.185993211304014
10.000000000000000	1.213461769801589	0.963348328964868	-0.187581392456161
10.000000000000000	1.156524036161067	1.068569094517989	-0.188259839378095
10.000000000000000	1.092977154745016	1.170275667028991	-0.188025820203514
10.000000000000000	1.023077006416422	1.268058510027074	-0.186880277245039
10.000000000000000	0.947105054401783	1.361523886515329	-0.184827823199851
10.000000000000000	0.865367210938035	1.450295444410659	-0.181876722575989
10.000000000000000	0.778192605471944	1.534015731980790	-0.178038858414094
10.000000000000000	0.685932259371988	1.612347637176230	-0.173329684438595
10.000000000000000	0.588957672489197	1.684975745061513	-0.167768162831018
10.000000000000000	0.487659327258372	1.751607607879826	-0.161376687875971
10.000000000000000	0.382445116363138	1.811974922636899	-0.154180995787269
10.000000000000000	0.273738700296069	1.865834611462473	-0.146210061077276
10.000000000000000	0.161977801427417	1.912969800399089	-0.137495979886779
10.000000000000000	0.047612441451611	1.953190692676970	-0.128073840745151
10.000000000000000	-0.068896870691267	1.986335332958626	-0.117981583281230
10.000000000000000	-0.187080993122452	2.012270259475839	-0.107259845453825
10.000000000000000	-0.306464040093265	2.030891041433092	-0.095951799916994
10.000000000000000	-0.426565298209056	2.042122699513535	-0.084102980179012
10.000000000000000	-0.546901162092383	2.045920007794220	-0.071761097254995
10.000000000000000	-0.666987081691183	2.042267675854938	-0.058975847551489
10.000000000000000	-0.786339513390807	2.031180410347339	-0.045798712756574
10.000000000000000	-0.904477867073498	2.012702855776443	-0.032282752541282
10.000000000000000	-1.020926441285173	1.986909414732968	-0.018482390907027
10.000000000000000	-1.135216338717277	1.953903948300362	-0.004453197039358
10.000000000000000	-1.246887354290762	1.913819357842875	0.009748338449536
10.000000000000000	-1.355489828239499	1.866817049858673	0.024065030988586
10.000000000000000	-1.460586456731466	1.813086286052837	0.038439232309924
10.000000000000000	-1.561754052736924	1.752843421247276	0.052813062578113
10.000000000000000	-1.658585250053233	1.686331032196215	0.067128643451818
10.000000000000000	-1.750690143624766	1.613816940815233	0.081328331139455
10.000000000000000	-1.837697859552961	1.535593135756922	0.095354948510397
10.000000000000000	-1.919258048474604	1.451974596675649	0.109152015327099
10.000000000000000	-1.995042296295070	1.363298025915650	0.122663975671079
10.000000000000000	-2.064745446595964	1.269920492729535	0.135836421646993
10.000000000000000	-2.128086829392315	1.172217995486423	0.148616312464029
10.000000000000000	-2.184811391291550	1.070583947659226	0.160952188012451
10.000000000000000	-2.234690722503481	0.965427593687441	0.172794376075294
10.000000000000000	-2.277523976565917	0.857172361094231	0.184095192340857
10.000000000000000	-2.313138679082478	0.746254155493240	0.194809132410590
10.000000000000000	-2.341391422216118	0.633119605350533	0.204893055029251
10.000000000000000	-2.362168442141867	0.518224263569402	0.214306355799513
10.000000000000000	-2.375386077133603	0.402030773139602	0.223011130681539
10.000000000000000	-2.380991104440298	0.285007004237327	0.230972328619176
10.000000000000000	-2.378960954595246	0.167624170277136	0.238157892678184
10.000000000000000	-2.369303802295343	0.050354930501847	0.244538889128196
10.000000000000000	-2.352058533484473	-0.066328513249413	0.250089623948644
10.000000000000000	-2.327294588773523	-0.181956317931350	0.254787746289500
10.000000000000000	-2.295111683827567	-0.296062891184626	0.258614338470272
10.000000000000000	-2.255639407846065	-0.408188766111952	0.261553992154820
10.000000000000000	-2.209036701752901	-0.517882451389125	0.263594870395289
10.000000000000000	-2.155491218197378	-0.624702249261236	0.264728755295318
10.000000000000000	-2.095218565943228	-0.728218034103638	0.264951081100615
10.000000000000000	-2.028461441688224	-0.828012984386019	0.264260952583628
10.000000000000000	-1.955488652810226	-0.923685261065601	0.262661148648320
10.000000000000000	-1.876594034974758	-1.014849625651126	0.260158111140497
10.000000000000000	-1.792095268962478	-1.101138991422304	0.256761918908772
10.000000000000000	-1.702332601480806	-1.182205901558469	0.252486247220596
10.000000000000000	-1.607667475110513	-1.257723928224563	0.247348312696787
10.000000000000000	-1.508481072904030	-1.327388986980818	0.241368803986270
10.000000000000000	-1.405172783495818	-1.390920561223471	0.234571798460192
10.000000000000000	-1.298158592905307	-1.448062831726121	0.226984665260845
10.000000000000000	-1.187869409508012	-1.498585706733462	0.218637955095792
10.000000000000000	-1.074749328919596	-1.542285748459572	0.209565277220949
10.000000000000000	-0.959253845779561	-1.578986992260079	0.199803164107972
10.000000000000000	-0.841848019635098	-1.608541655179673	0.189390924340890
10.000000000000000	-0.723004602310438	-1.630830731021911	0.178370484334310
10.000000000000000	-0.603202134302104	-1.645764469545166	0.166786219510542
10.000000000000000	-0.482923017865231	-1.653282737855176	0.154684775615439
10.000000000000000	-0.362651574549944	-1.653355262538981	0.142114880892437
10.000000000000000	-0.242872095009420	-1.645981751565279	0.129127149871118
10.000000000000000	-0.124066888932346	-1.631191895460324	0.115773879560368
10.000000000000000	-0.006714342952038	-1.609045247754664	0.102108838866774
10.000000000000000	0.108713005647694	-1.579630985182087	0.088187052086217
10.000000000000000	0.221750371673399	-1.543067548596395	0.074064577340456
10.000000000000000	0.331942593547926	-1.499502166051879	0.059798280850853
10.000000000000000	0.438845966085445	-1.449110259967918	0.045445607958169
10.000000000000000	0.542030027135628	-1.392094740764799	0.031064351810459
10.000000000000000	0.641079290902795	-1.328685189815083	0.016712420650453
10.000000000000000	0.735594920960576	-1.259136935000440	0.002447604639509
10.000000000000000	0.825196336225432	-1.183730022596383	-0.011672656842975
10.000000000000000	0.909522743422354	-1.102768089624764	-0.025591506487668
10.000000000000000	0.988234589872037	-1.016577141214650	-0.039252897999622
10.000000000000000	1.061014930749686	-0.925504237894731	-0.052601821776920
10.000000000000000	1.127570705309955	-0.829916098103062	-0.065584526414933
10.000000000000000	1.187633916939132	-0.730197621541346	-0.078148735144246
10.000000000000000	1.240962712282927	-0.626750339319682	-0.090243856330766
10.000000000000000	1.287342355104554	-0.519990797132503	-0.101821187190372


11.000000000000000	nan	nan	nan
11.000000000000000	nan	nan	nan
11.000000000000000	nan	nan	nan
11.000000000000000	nan	nan	nan
11.000000000000000	nan	nan	nan
11.000000000000000	nan	nan	nan
11.000000000000000	nan	nan	nan
11.000000000000000	nan	nan	nan
11.000000000000000	nan	nan	nan
11.000000000000000	nan	nan	nan
11.000000000000000	nan	nan	nan
11.000000000000000	nan	nan	nan
11.000000000000000	nan	nan	nan
11.000000000000000	nan	nan	nan
11.000000000000000	nan	nan	nan
11.000000000000000	nan	nan	nan
11.000000000000000	nan	nan	nan
11.000000000000000	nan	nan	nan
11.000000000000000	nan	nan	nan
11.000000000000000	nan	nan	nan
11.000000000000000	nan	nan	nan
11.000000000000000	nan	nan	nan
11.000000000000000	nan	nan	nan
11.000000000000000	nan	nan	nan
11.000000000000000	nan	nan	nan
11.000000000000000	nan	nan	nan
11.000000000000000	nan	nan	nan
11.000000000000000	nan	nan	nan
11.000000000000000	nan	nan	nan
11.000000000000000	nan	nan	nan
11.000000000000000	nan	nan	nan
11.000000000000000	nan	nan	nan
11.000000000000000	nan	nan	nan
11.000000000000000	nan	nan	nan
11.000000000000000	nan	nan	nan
11.000000000000000	nan	nan	nan
11.000000000000000	nan	nan	nan
11.000000000000000	nan	nan	nan
11.000000000000000	nan	nan	nan
11.000000000000000	nan	nan	nan
11.000000000000000	nan	nan	nan
11.000000000000000	nan	nan	nan
11.000000000000000	nan	nan	nan
11.000000000000000	nan	nan	nan
11.000000000000000	nan	nan	nan
11.000000000000000	nan	nan	nan
11.000000000000000	nan	nan	nan
11.000000000000000	nan	nan	nan
11.000000000000000	nan	nan	nan
11.000000000000000	nan	nan	nan
11.000000000000000	nan	nan	nan
11.000000000000000	nan	nan	nan
11.000000000000000	nan	nan	nan
11.000000000000000	nan	nan	nan
11.000000000000000	nan	nan	nan
11.000000000000000	nan	nan	nan
11.000000000000000	nan	nan	nan
11.000000000000000	nan	nan	nan
11.000000000000000	nan	nan	nan
11.000000000000000	nan	nan	nan
11.000000000000000	nan	nan	nan
11.000000000000000	nan	nan	nan
11.000000000000000	nan	nan	nan
11.000000000000000	nan	nan	nan
11.000000000000000	nan	nan	nan
11.000000000000000	nan	nan	nan
11.000000000000000	nan	nan	nan
11.000000000000000	nan	nan	nan
11.000000000000000	nan	nan	nan
11.000000000000000	nan	nan	nan
11.000000000000000	nan	nan	nan
11.000000000000000	nan	nan	nan
11.000000000000000	nan	nan	nan
11.000000000000000	nan	nan	nan
11.000000000000000	nan	nan	nan
11.000000000000000	nan	nan	nan
11.000000000000000	nan	nan	nan
11.000000000000000	nan	nan	nan
11.000000000000000	nan	nan	nan
11.000000000000000	nan	nan	nan
11.000000000000000	nan	nan	nan
11.000000000000000	nan	nan	nan
11.000000000000000	nan	nan	nan
11.000000000000000	nan	nan	nan
11.000000000000000	nan	nan	nan
11.000000000000000	nan	nan	nan
11.000000000000000	nan	nan	nan
11.000000000000000	nan	nan	nan
11.000000000000000	nan	nan	nan
11.000000000000000	nan	nan	nan
11.000000000000000	nan	nan	nan
11.000000000000000	nan	nan	nan
11.000000000000000	nan	nan	nan
11.000000000000000	nan	nan	nan
11.000000000000000	nan	nan	nan
11.000000000000000	nan	nan	nan
11.000000000000000	nan	nan	nan
11.000000000000000	nan	nan	nan
11.000000000000000	nan	nan	nan
11.000000000000000	nan	nan	nan


12.000000000000000	nan	nan	nan
12.000000000000000	nan	nan	nan
12.000000000000000	nan	nan	nan
12.000000000000000	nan	nan	nan
12.000000000000000	nan	nan	nan
12.000000000000000	nan	nan	nan
12.000000000000000	nan	nan	nan
12.000000000000000	nan	nan	nan
12.000000000000000	nan	nan	nan
12.000000000000000	nan	nan	nan
12.000000000000000	nan	nan	nan
12.000000000000000	nan	nan	nan
12.000000000000000	nan	nan	nan
12.000000000000000	nan	nan	nan
12.000000000000000	nan	nan	nan
12.000000000000000	nan	nan	nan
12.000000000000000	nan	nan	nan
12.000000000000000	nan	nan	nan
12.000000000000000	nan	nan	nan
12.000000000000000	nan	nan	nan
12.000000000000000	nan	nan	nan
12.000000000000000	nan	nan	nan
12.000000000000000	nan	nan	nan
12.000000000000000	nan	nan	nan
12.000000000000000	nan	nan	nan
12.000000000000000	nan	nan	nan
12.000000000000000	nan	nan	nan
12.000000000000000	nan	nan	nan
12.000000000000000	nan	nan	nan
12.000000000000000	nan	nan	nan
12.000000000000000	nan	nan	nan
12.000000000000000	nan	nan	nan
12.000000000000000	nan	nan	nan
12.000000000000000	nan	nan	nan
12.000000000000000	nan	nan	nan
12.000000000000000	nan	nan	nan
12.000000000000000	nan	nan	nan
12.000000000000000	nan	nan	nan
12.000000000000000	nan	nan	nan
12.000000000000000	nan	nan	nan
12.000000000000000	nan	nan	nan
12.000000000000000	nan	nan	nan
12.000000000000000	nan	nan	nan
12.000000000000000	nan	nan	nan
12.000000000000000	nan	nan	nan
12.000000000000000	nan	nan	nan
12.000000000000000	nan	nan	nan
12.000000000000000	nan	nan	nan
12.000000000000000	nan	nan	nan
12.000000000000000	nan	nan	nan
12.000000000000000	nan	nan	nan
12.000000000000000	nan	nan	nan
12.000000000000000	nan	nan	nan
12.000000000000000	nan	nan	nan
12.000000000000000	nan	nan	nan
12.000000000000000	nan	nan	nan
12.000000000000000	nan	nan	nan
12.000000000000000	nan	nan	nan
12.000000000000000	nan	nan	nan
12.000000000000000	nan	nan	nan
12.000000000000000	nan	nan	nan
12.000000000000000	nan	nan	nan
12.000000000000000	nan	nan	nan
12.000000000000000	nan	nan	nan
12.000000000000000	nan	nan	nan
12.000000000000000	nan	nan	nan
12.000000000000000	nan	nan	nan
12.000000000000000	nan	nan	nan
12.000000000000000	nan	nan	nan
12.000000000000000	nan	nan	nan
12.000000000000000	nan	nan	nan
12.000000000000000	nan	nan	nan
12.000000000000000	nan	nan	nan
12.000000000000000	nan	nan	nan
12.000000000000000	nan	nan	nan
12.000000000000000	nan	nan	nan
12.000000000000000	nan	nan	nan
12.000000000000000	nan	nan	nan
12.000000000000000	nan	nan	nan
12.000000000000000	nan	nan	nan
12.000000000000000	nan	nan	nan
12.000000000000000	nan	nan	nan
12.000000000000000	nan	nan	nan
12.000000000000000	nan	nan	nan
12.000000000000000	nan	nan	nan
12.000000000000000	nan	nan	nan
12.000000000000000	nan	nan	nan
12.000000000000000	nan	nan	nan
12.000000000000000	nan	nan	nan
12.000000000000000	nan	nan	nan
12.000000000000000	nan	nan	nan
12.000000000000000	nan	nan	nan
12.000000000000000	nan	nan	nan
12.000000000000000	nan	nan	nan
12.000000000000000	nan	nan	nan
12.000000000000000	nan	nan	nan
12.000000000000000	nan	nan	nan
12.000000000000000	nan	nan	nan
12.000000000000000	nan	nan	nan
12.000000000000000	nan	nan	nan


13.000000000000000	-0.118562658102215	0.570127292902996	0.017681620114014
13.000000000000000	-0.154849330008741	0.561365715004327	0.017846521414489
13.000000000000000	-0.190507795582507	0.550321197835205	0.017938862721287
13.000000000000000	-0.225394470768081	0.537038213768178	0.017958272208557
13.000000000000000	-0.259368879237525	0.521570248691937	0.017904671721145
13.000000000000000	-0.292294218038989	0.503979586642522	0.017778277089295
13.000000000000000	-0.324037908453912	0.484337059007492	0.017579597259579
13.000000000000000	-0.354472129844732	0.462721759312925	0.017309432245549
13.000000000000000	-0.383474334343475	0.439220724741706	0.016968869906364
13.000000000000000	-0.410927740308774	0.413928585665510	0.016559281566364
13.000000000000000	-0.436721802564313	0.386947184601693	0.016082316493232
13.000000000000000	-0.460752657525245	0.358385166129422	0.015539895256976
13.000000000000000	-0.482923541420181	0.328357539416298	0.014934201996471
13.000000000000000	-0.503145179924752	0.296985215117031	0.014267675624700
13.000000000000000	-0.521336147637802	0.264394518508909	0.013543000008117
13.000000000000000	-0.537423195952739	0.230716680824489	0.012763093159659
13.000000000000000	-0.551341548003821	0.196087310829743	0.011931095488943
13.000000000000000	-0.563035159499735	0.160645848775419	0.011050357156939
13.000000000000000	-0.572456944394174	0.124535004920367	0.010124424586061
13.000000000000000	-0.579568964484729	0.087900184887694	0.009157026179967
13.000000000000000	-0.584342582176638	0.050888904167641	0.008152057310603
13.000000000000000	-0.586758575796274	0.013650194124765	0.007113564632909
13.000000000000000	-0.586807216990041	-0.023665998098760	0.006045729790366
13.000000000000000	-0.584488309897019	-0.060909413367370	0.004952852577002
13.000000000000000	-0.579811191937628	-0.097930085592607	0.003839333623629
13.000000000000000	-0.572794696215131	-0.134578945593637	0.002709656678064
13.000000000000000	-0.563467075681374	-0.170708421346222	0.001568370550654
13.000000000000000	-0.551865889372121	-0.206173032203181	0.000420070797824
13.000000000000000	-0.538037851170072	-0.240829974693604	-0.000730618782607
13.000000000000000	-0.522038641704548	-0.274539697542036	-0.001879064769826
13.000000000000000	-0.503932684145245	-0.307166463592203	-0.003020642777181
13.000000000000000	-0.483792884792869	-0.338578896372633	-0.004150756072948
13.000000000000000	-0.461700339511195	-0.368650509103344	-0.005264854089752
13.000000000000000	-0.437744007182647	-0.397260214013456	-0.006358450748093
13.000000000000000	-0.412020351502274	-0.424292809918913	-0.007427142520206
13.000000000000000	-0.384632952552496	-0.449639446096991	-0.008466626161512
13.000000000000000	-0.355692089722673	-0.473198060589738	-0.009472716038269
13.000000000000000	-0.325314297652922	-0.494873791171457	-0.010441360981634
13.000000000000000	-0.293621896990257	-0.514579357325410	-0.011368660600299
13.000000000000000	-0.260742501846510	-0.532235411691653	-0.012250880985983
13.000000000000000	-0.226808505941348	-0.547770859570845	-0.013084469748568
13.000000000000000	-0.191956549499488	-0.561123145197519	-0.013866070320316
13.000000000000000	-0.156326969048741	-0.572238503630060	-0.014592535471587
13.000000000000000	-0.120063232334345	-0.581072177243157	-0.015260939983617
13.000000000000000	-0.083311360624986	-0.587588595950961	-0.015868592427346
13.000000000000000	-0.046219340736696	-0.591761520435265	-0.016413046000849
13.000000000000000	-0.008936529142167	-0.593574147801978	-0.016892108381749
13.000000000000000	0.028386949435045	-0.593019179240450	-0.017303850554919
13.000000000000000	0.065600806519801	-0.590098849413205	-0.017646614579949
13.000000000000000	0.102555195044018	-0.584824917457745	-0.017919020267088
13.000000000000000	0.139101312727930	-0.577218619636654	-0.018119970734776
13.000000000000000	0.175092001254349	-0.567310583826663	-0.018248656826406
13.000000000000000	0.210382338823268	-0.555140706190997	-0.018304560368504
13.000000000000000	0.244830223700801	-0.540757990531614	-0.018287456257238
13.000000000000000	0.278296946412715	-0.524220350968184	-0.018197413364827
13.000000000000000	0.310647748278518	-0.505594378738372	-0.018034794262218
13.000000000000000	0.341752364037111	-0.484955074058426	-0.017800253759143
13.000000000000000	0.371485546379014	-0.462385544123780	-0.017494736267427
13.000000000000000	0.399727570273079	-0.437976668465704	-0.017119471998179
13.000000000000000	0.426364715056930	-0.411826733011514	-0.016675972008165
13.000000000000000	0.451289722349936	-0.384041034321826	-0.016166022115314
13.000000000000000	0.474402227944855	-0.354731455598474	-0.015591675707860
13.000000000000000	0.495609165939072	-0.324016016170345	-0.014955245476074
13.000000000000000	0.514825143478139	-0.292018396271193	-0.014259294099875
13.000000000000000	0.531972784602667	-0.258867439022990	-0.013506623929825
13.000000000000000	0.546983041813999	-0.224696631630152	-0.012700265703047
13.000000000000000	0.559795474104124	-0.189643567873676	-0.011843466339521
13.000000000000000	0.570358490330276	-0.153849394069549	-0.010939675867883
13.000000000000000	0.578629556954265	-0.117458240722350	-0.009992533533375
13.000000000000000	0.584575369310015	-0.080616642162576	-0.009005853143889
13.000000000000000	0.588171985709709	-0.043472946504616	-0.007983607713111
13.000000000000000	0.589404923848507	-0.006176718301248	-0.006929913462596
13.000000000000000	0.588269219119684	0.031121863700025	-0.005849013247197
13.000000000000000	0.584769444605341	0.068272611273784	-0.004745259470582
13.000000000000000	0.578919692662225	0.105125931471677	-0.003623096559648
13.000000000000000	0.570743518176776	0.141533428980414	-0.002487043068377
13.000000000000000	0.560273843717919	0.177348503657329	-0.001341673483215
13.000000000000000	0.547552826969493	0.212426940837404	-0.000191599803231
13.000000000000000	0.532631690976139	0.246627492034832	0.000958547030778
13.000000000000000	0.515570517886181	0.279812443700811	0.002104135783449
13.000000000000000	0.496438007022018	0.311848171747404	0.003240553573202
13.000000000000000	0.475311198252199	0.342605679604580	0.004363224446689
13.000000000000000	0.452275161779065	0.371961117643867	0.005467627804544
13.000000000000000	0.427422655591067	0.399796281877100	0.006549316604236
13.000000000000000	0.400853751959088	0.425999089922160	0.007603935266745
13.000000000000000	0.372675434480723	0.450464032319167	0.008627237214936
13.000000000000000	0.343001167295098	0.473092597379837	0.009615101973034
13.000000000000000	0.311950438202821	0.493793667859283	0.010563551758318
13.000000000000000	0.279648277530785	0.512483887852996	0.011468767498251
13.000000000000000	0.246224754679170	0.529087998441660	0.012327104208540
13.000000000000000	0.211814454377876	0.543539140732251	0.013135105670197
13.000000000000000	0.176555934761314	0.555779125075205	0.013889518346515
13.000000000000000	0.140591169443706	0.565758665373600	0.014587304483911
13.000000000000000	0.104064975841446	0.573437577540870	0.015225654343890
13.000000000000000	0.067124432044478	0.578784941307943	0.015801997516866
13.000000000000000	0.029918284584738	0.581779224728246	0.016314013272300
13.000000000000000	-0.007403650513633	0.582408370879260	0.016759639903456
13.000000000000000	-0.044691090990536	0.580669846411488	0.017137083029173
13.000000000000000	-0.081793893483543	0.576570651749360	0.017444822819199
13.000000000000000	-0.118562658102215	0.570127292902996	0.017681620114014


14.000000000000000	1.206497784389999	-0.243608794316113	0.018877145550495
14.000000000000000	1.222148691714322	-0.150889959542165	0.017172603107405
14.000000000000000	1.231786623799502	-0.057343091663096	0.015381829879250
14.000000000000000	1.235372772094683	0.036655129100930	0.013512036677778
14.000000000000000	1.232892696446386	0.130726205090982	0.011570752500278
14.000000000000000	1.224356383243921	0.224491345285848	0.009565794212969
14.000000000000000	1.209798205207716	0.317572990559786	0.007505235075237
14.000000000000000	1.189276782982505	0.409596333979864	0.005397372231469
14.000000000000000	1.162874749092679	0.500190830021195	0.003250693301377
14.000000000000000	1.130698415210280	0.588991686622984	0.001073842203359
14.000000000000000	1.092877344075416	0.675641334077404	-0.001124415651522
14.000000000000000	1.049563827792836	0.759790864836609	-0.003335228654745
14.000000000000000	1.000932274605373	0.841101438440286	-0.005549694642638
14.000000000000000	0.947178506613511	0.919245645906590	-0.007758896742251
14.000000000000000	0.888518971268894	0.993908828092568	-0.009953939276452
14.000000000000000	0.825189869816839	1.064790342715461	-0.012125983583682
14.000000000000000	0.757446206197280	1.131604774933072	-0.014266283608127
14.000000000000000	0.685560760233910	1.194083086608597	-0.016366221116992
14.000000000000000	0.609822989246104	1.251973699632251	-0.018417340403090
14.000000000000000	0.530537862506454	1.305043508937517	-0.020411382332985
14.000000000000000	0.448024633237150	1.353078821132984	-0.022340317603611
14.000000000000000	0.362615553089929	1.395886214970202	-0.024196379073438
14.000000000000000	0.274654534285941	1.433293320182793	-0.025972093038012
14.000000000000000	0.184495764802617	1.465149511560671	-0.027660309323926
14.000000000000000	0.092502282183690	1.491326515464600	-0.029254230080041
14.000000000000000	-0.000955488284860	1.511718926338871	-0.030747437150037
14.000000000000000	-0.095501225146693	1.526244631142266	-0.032133917916061
14.000000000000000	-0.190754226088797	1.534845139988301	-0.033408089509418
14.000000000000000	-0.286330940895330	1.537485821663346	-0.034564821290813
14.000000000000000	-0.381846515868972	1.534156043074310	-0.035599455509624
14.000000000000000	-0.476916343500932	1.524869212064345	-0.036507826059018
14.000000000000000	-0.571157611149638	1.509662723424201	-0.037286275251397
14.000000000000000	-0.664190842492138	1.488597808316594	-0.037931668546612
14.000000000000000	-0.755641425541315	1.461759287719934	-0.038441407173651
14.000000000000000	-0.845141121076143	1.429255230884174	-0.038813438594972
14.000000000000000	-0.932329545411063	1.391216520174087	-0.039046264771348
14.000000000000000	-1.016855621533889	1.347796324052177	-0.039138948193940
14.000000000000000	-1.098378992769028	1.299169480323340	-0.039091115659318
14.000000000000000	-1.176571393273679	1.245531792124729	-0.038902959772216
14.000000000000000	-1.251117969848534	1.187099239495633	-0.038575238169985
14.000000000000000	-1.321718549740472	1.124107109702084	-0.038109270471847
14.000000000000000	-1.388088849332306	1.056809049818081	-0.037506932965264
14.000000000000000	-1.449961618852562	0.985476045378346	-0.036770651050784
14.000000000000000	-1.507087718495990	0.910395329215217	-0.035903389475809
14.000000000000000	-1.559237121621627	0.831869224873415	-0.034908640396607
14.000000000000000	-1.606199840988894	0.750213929259822	-0.033790409316631
14.000000000000000	-1.647786774302097	0.665758239430148	-0.032553198957765
14.000000000000000	-1.683830465658633	0.578842228639226	-0.031201991129461
14.000000000000000	-1.714185779834805	0.489815876986049	-0.029742226668742
14.000000000000000	-1.738730486694146	0.399037662167427	-0.028179783531876
14.000000000000000	-1.757365753365034	0.306873116014829	-0.026520953125922
14.000000000000000	-1.770016542205786	0.213693352626710	-0.024772414975450
14.000000000000000	-1.776631912954759	0.119873574023017	-0.022941209826456
14.000000000000000	-1.777185227848799	0.025791559339080	-0.021034711295763
14.000000000000000	-1.771674258884117	-0.068173856357629	-0.019060596180067
14.000000000000000	-1.760121196787672	-0.161644307502607	-0.017026813544188
14.000000000000000	-1.742572561662945	-0.254243421578907	-0.014941552712989
14.000000000000000	-1.719099015669903	-0.345598334636424	-0.012813210295858
14.000000000000000	-1.689795078493416	-0.435341192683423	-0.010650356376523
14.000000000000000	-1.654778746745853	-0.523110632904730	-0.008461700004352
14.000000000000000	-1.614191018836366	-0.608553238742252	-0.006256054126083
14.000000000000000	-1.568195327220060	-0.691324962978716	-0.004042300099198
14.000000000000000	-1.516976880313180	-0.771092513094387	-0.001829351929834
14.000000000000000	-1.460741916724191	-0.847534693318408	0.000373879620779
14.000000000000000	-1.399716874803684	-0.920343697970809	0.002558522916802
14.000000000000000	-1.334147480857064	-0.989226350887337	0.004715781170738
14.000000000000000	-1.264297759691446	-1.053905285936404	0.006836967864991
14.000000000000000	-1.190448971480941	-1.114120063874591	0.008913541729402
14.000000000000000	-1.112898479231202	-1.169628221043573	0.010937141133932
14.000000000000000	-1.031958551403556	-1.220206245685689	0.012899617757997
14.000000000000000	-0.947955104520121	-1.265650477946904	0.014793069400875
14.000000000000000	-0.861226390813004	-1.305777929943159	0.016609871801082
14.000000000000000	-0.772121636201946	-1.340427022588002	0.018342709336582
14.000000000000000	-0.680999634084795	-1.369458236214531	0.019984604482213
14.000000000000000	-0.588227300603135	-1.392754672371859	0.021528945905721
14.000000000000000	-0.494178197200481	-1.410222524533912	0.022969515089260
14.000000000000000	-0.399231026422189	-1.421791455825204	0.024300511369165
14.000000000000000	-0.303768107013972	-1.427414882242606	0.025516575293187
14.000000000000000	-0.208173834459242	-1.427070160232689	0.026612810201104
14.000000000000000	-0.112833133154176	-1.420758677869320	0.027584801941851
14.000000000000000	-0.018129906453024	-1.408505849264377	0.028428636647748
14.000000000000000	0.075554509175205	-1.390361012234092	0.029140916494259
14.000000000000000	0.167842879654104	-1.366397229633081	0.029718773381838
14.000000000000000	0.258363592288361	-1.336710995156009	0.030159880484748
14.000000000000000	0.346752152116920	-1.301421844791544	0.030462461620374
14.000000000000000	0.432652649605543	-1.260671875493116	0.030625298401275
14.000000000000000	0.515719193768886	-1.214625173004646	0.030647735141208
14.000000000000000	0.595617304951425	-1.163467151145156	0.030529681495339
14.000000000000000	0.672025261658968	-1.107403805212769	0.030271612824034
14.000000000000000	0.744635396017566	-1.046660882514346	0.029874568278749
14.000000000000000	0.813155332643450	-0.981482973360758	0.029340146617733
14.000000000000000	0.877309165935513	-0.912132526188031	0.028670499768395
14.000000000000000	0.936838571049784	-0.838888790770119	0.027868324162248
14.000000000000000	0.991503844082400	-0.762046693778630	0.026936849877336
14.000000000000000	1.041084867272627	-0.681915651217212	0.025879827631846
14.000000000000000	1.085381995339390	-0.598818322512505	0.024701513681292
14.000000000000000	1.124216859382360	-0.513089311278519	0.023406652680074
14.000000000000000	1.157433085110559	-0.425073817985974	0.022000458576430
14.000000000000000	1.184896922506440	-0.335126249961839	0.020488593617708
14.000000000000000	1.206497784389999	-0.243608794316113	0.018877145550495


15.000000000000000	nan	nan	nan
15.000000000000000	nan	nan	nan
15.000000000000000	nan	nan	nan
15.000000000000000	nan	nan	nan
15.000000000000000	nan	nan	nan
15.000000000000000	nan	nan	nan
15.000000000000000	nan	nan	nan
15.000000000000000	nan	nan	nan
15.000000000000000	nan	nan	nan
15.000000000000000	nan	nan	nan
15.000000000000000	nan	nan	nan
15.000000000000000	nan	nan	nan
15.000000000000000	nan	nan	nan
15.000000000000000	nan	nan	nan
15.000000000000000	nan	nan	nan
15.000000000000000	nan	nan	nan
15.000000000000000	nan	nan	nan
15.000000000000000	nan	nan	nan
15.000000000000000	nan	nan	nan
15.000000000000000	nan	nan	nan
15.000000000000000	nan	nan	nan
15.000000000000000	nan	nan	nan
15.000000000000000	nan	nan	nan
15.000000000000000	nan	nan	nan
15.000000000000000	nan	nan	nan
15.000000000000000	nan	nan	nan
15.000000000000000	nan	nan	nan
15.000000000000000	nan	nan	nan
15.000000000000000	nan	nan	nan
15.000000000000000	nan	nan	nan
15.000000000000000	nan	nan	nan
15.000000000000000	nan	nan	nan
15.000000000000000	nan	nan	nan
15.000000000000000	nan	nan	nan
15.000000000000000	nan	nan	nan
15.000000000000000	nan	nan	nan
15.000000000000000	nan	nan	nan
15.000000000000000	nan	nan	nan
15.000000000000000	nan	nan	nan
15.000000000000000	nan	nan	nan
15.000000000000000	nan	nan	nan
15.000000000000000	nan	nan	nan
15.000000000000000	nan	nan	nan
15.000000000000000	nan	nan	nan
15.000000000000000	nan	nan	nan
15.000000000000000	nan	nan	nan
15.000000000000000	nan	nan	nan
15.000000000000000	nan	nan	nan
15.000000000000000	nan	nan	nan
15.000000000000000	nan	nan	nan
15.000000000000000	nan	nan	nan
15.000000000000000	nan	nan	nan
15.000000000000000	nan	nan	nan
15.000000000000000	nan	nan	nan
15.000000000000000	nan	nan	nan
15.000000000000000	nan	nan	nan
15.000000000000000	nan	nan	nan
15.000000000000000	nan	nan	nan
15.000000000000000	nan	nan	nan
15.000000000000000	nan	nan	nan
15.000000000000000	nan	nan	nan
15.000000000000000	nan	nan	nan
15.000000000000000	nan	nan	nan
15.000000000000000	nan	nan	nan
15.000000000000000	nan	nan	nan
15.000000000000000	nan	nan	nan
15.000000000000000	nan	nan	nan
15.000000000000000	nan	nan	nan
15.000000000000000	nan	nan	nan
15.000000000000000	nan	nan	nan
15.000000000000000	nan	nan	nan
15.000000000000000	nan	nan	nan
15.000000000000000	nan	nan	nan
15.000000000000000	nan	nan	nan
15.000000000000000	nan	nan	nan
15.000000000000000	nan	nan	nan
15.000000000000000	nan	nan	nan
15.000000000000000	nan	nan	nan
15.000000000000000	nan	nan	nan
15.000000000000000	nan	nan	nan
15.000000000000000	nan	nan	nan
15.000000000000000	nan	nan	nan
15.000000000000000	nan	nan	nan
15.000000000000000	nan	nan	nan
15.000000000000000	nan	nan	nan
15.000000000000000	nan	nan	nan
15.000000000000000	nan	nan	nan
15.000000000000000	nan	nan	nan
15.000000000000000	nan	nan	nan
15.000000000000000	nan	nan	nan
15.000000000000000	nan	nan	nan
15.000000000000000	nan	nan	nan
15.000000000000000	nan	nan	nan
15.000000000000000	nan	nan	nan
15.000000000000000	nan	nan	nan
15.000000000000000	nan	nan	nan
15.000000000000000	nan	nan	nan
15.000000000000000	nan	nan	nan
15.000000000000000	nan	nan	nan
15.000000000000000	nan	nan	nan


16.000000000000000	-0.818965929230124	-0.130942267308826	0.013299427034920
16.000000000000000	-0.808021593535376	-0.187489342051759	0.015928548470794
16.000000000000000	-0.793494050104559	-0.243228766131343	0.018488178956106
16.000000000000000	-0.775441796227663	-0.297936096559692	0.020968011762297
16.000000000000000	-0.753937521959618	-0.351391046225783	0.023358061477897
16.000000000000000	-0.729067817423104	-0.403378370913901	0.025648704216255
16.000000000000000	-0.700932824140681	-0.453688736016129	0.027830716367532
16.000000000000000	-0.669645831800227	-0.502119559448932	0.029895311738922
16.000000000000000	-0.635332822077347	-0.548475827379702	0.031834176933552
16.000000000000000	-0.598131961351634	-0.592570879478638	0.033639504825591
16.000000000000000	-0.558193044359418	-0.634227160534012	0.035304025996799
16.000000000000000	-0.515676891023234	-0.673276935404338	0.036821038007901
16.000000000000000	-0.470754698886755	-0.709562964428588	0.038184432386949
16.000000000000000	-0.423607353762708	-0.742939136574810	0.039388719225979
16.000000000000000	-0.374424701369545	-0.773271057777682	0.040429049286936
16.000000000000000	-0.323404782889744	-0.800436592095984	0.041301233527844
16.000000000000000	-0.270753037527859	-0.824326353510921	0.042001759970595
16.000000000000000	-0.216681475279358	-0.844844146385018	0.042527807842452
16.000000000000000	-0.161407823241194	-0.861907352807999	0.042877258934299
16.000000000000000	-0.105154648901635	-0.875447265269949	0.043048706129926
16.000000000000000	-0.048148463939537	-0.885409363322213	0.043041459071989
16.000000000000000	0.009381187858234	-0.891753533111995	0.042855546941830
16.000000000000000	0.067202654888620	-0.894454228906686	0.042491718341983
16.000000000000000	0.125083110511618	-0.893500575957515	0.041951438281806
16.000000000000000	0.182789490560979	-0.888896414288322	0.041236882278415
16.000000000000000	0.240089431811351	-0.880660283233140	0.040350927596637
16.000000000000000	0.296752207622977	-0.868825346784835	0.039297141663284
16.000000000000000	0.352549656996437	-0.853439260055419	0.038079767702380
16.000000000000000	0.407257103296467	-0.834563977385727	0.036703707649204
16.000000000000000	0.460654258945467	-0.812275502877156	0.035174502411916
16.000000000000000	0.512526112443833	-0.786663584349976	0.033498309560285
16.000000000000000	0.562663794145375	-0.757831351960526	0.031681878531321
16.000000000000000	0.610865417301662	-0.725894902932484	0.029732523451680
16.000000000000000	0.656936890988708	-0.690982834074314	0.027658093686256
16.000000000000000	0.700692701642613	-0.653235723965310	0.025466942231557
16.000000000000000	0.741956660057215	-0.612805566895275	0.023167892081137
16.000000000000000	0.780562610835836	-0.569855160837159	0.020770200698517
16.000000000000000	0.816355101440420	-0.524557451917077	0.018283522740644
16.000000000000000	0.849190008144038	-0.477094838021308	0.015717871181997
16.000000000000000	0.878935116366272	-0.427658434344375	0.013083576995873
16.000000000000000	0.905470653054660	-0.376447303835616	0.010391247555200
16.000000000000000	0.928689768968510	-0.323667655642940	0.007651723920397
16.000000000000000	0.948498968923081	-0.269532014781371	0.004876037186241
16.000000000000000	0.964818488261689	-0.214258366369820	0.002075364063551
16.000000000000000	0.977582614039829	-0.158069277881952	-0.000739018125489
16.000000000000000	0.986739949628012	-0.101191002945519	-0.003555776857122
16.000000000000000	0.992253621667848	-0.043852570298856	-0.006363570038093
16.000000000000000	0.994101428548051	0.013715138427010	-0.009151091676256
16.000000000000000	0.992275929802484	0.071280318387204	-0.011907117405812
16.000000000000000	0.986784476070297	0.128611174919299	-0.014620549683871
16.000000000000000	0.977649179497497	0.185476856898608	-0.017280462476336
16.000000000000000	0.964906824699136	0.241648386294189	-0.019876145253194
16.000000000000000	0.948608720640651	0.296899580182557	-0.022397146116032
16.000000000000000	0.928820494034773	0.351007961506487	-0.024833313884146
16.000000000000000	0.905621825085911	0.403755654911606	-0.027174838969764
16.000000000000000	0.879106126646097	0.454930264053539	-0.029412292877794
16.000000000000000	0.849380168074399	0.504325726843032	-0.031536666171043
16.000000000000000	0.816563645314391	0.551743145185253	-0.033539404748044
16.000000000000000	0.780788698920842	0.596991585872219	-0.035412444287401
16.000000000000000	0.742199381976334	0.639888849403439	-0.037148242719967
16.000000000000000	0.700951080040343	0.680262203638995	-0.038739810598093
16.000000000000000	0.657209885466435	0.717949079330904	-0.040180739239668
16.000000000000000	0.611151928606976	0.752797724732103	-0.041465226533618
16.000000000000000	0.562962668598371	0.784667816647173	-0.042588100302964
16.000000000000000	0.512836146582576	0.813431025464324	-0.043544839131347
16.000000000000000	0.460974204371904	0.838971531893442	-0.044331590569180
16.000000000000000	0.407585671703288	0.861186493329502	-0.044945186646103
16.000000000000000	0.352885525354636	0.879986457963431	-0.045383156627278
16.000000000000000	0.297094023509217	0.895295724972980	-0.045643736962169
16.000000000000000	0.240435818853699	0.907052649343212	-0.045725878385740
16.000000000000000	0.183139053981071	0.915209890089221	-0.045629250143467
16.000000000000000	0.125434442740938	0.919734600881570	-0.045354241323179
16.000000000000000	0.067554341236282	0.920608562306866	-0.044901959288331
16.000000000000000	0.009731812207440	0.917828255230910	-0.044274225219049
16.000000000000000	-0.047800313429291	0.911404874969003	-0.043473566778875
16.000000000000000	-0.104810374109574	0.901364286206370	-0.042503207936759
16.000000000000000	-0.161068810440398	0.887746918850193	-0.041367055985276
16.000000000000000	-0.216349089554722	0.870607605232651	-0.040069685807339
16.000000000000000	-0.270428617279384	0.850015359320468	-0.038616321454753
16.000000000000000	-0.323089634443268	0.826053098820028	-0.037012815112812
16.000000000000000	-0.374120093716632	0.798817311297034	-0.035265623535607
16.000000000000000	-0.423314513450868	0.768417665655141	-0.033381782046958
16.000000000000000	-0.470474805080566	0.734976570537983	-0.031368876211651
16.000000000000000	-0.515411070756267	0.698628681432772	-0.029235011291042
16.000000000000000	-0.557942367996069	0.659520358460171	-0.026988779606031
16.000000000000000	-0.597897438277144	0.617809077033754	-0.024639225938821
16.000000000000000	-0.635115396633363	0.573662793762087	-0.022195811112770
16.000000000000000	-0.669446379482272	0.527259270146751	-0.019668373896993
16.000000000000000	-0.700752148072845	0.478785356799509	-0.017067091389115
16.000000000000000	-0.728906645124144	0.428436241060844	-0.014402438035690
16.000000000000000	-0.753796502413497	0.376414661049431	-0.011685143455298
16.000000000000000	-0.775321497270320	0.322930089307283	-0.008926149234163
16.000000000000000	-0.793394956137438	0.268197889327758	-0.006136564868243
16.000000000000000	-0.807944103574908	0.212438448362785	-0.003327623029214
16.000000000000000	-0.818910355301029	0.155876290001184	-0.000510634334463
16.000000000000000	-0.826249554090570	0.098739170091415	0.002303058196776
16.000000000000000	-0.829932147580332	0.041257159649163	0.005102124817753
16.000000000000000	-0.829943307266078	-0.016338281557436	0.007875294675100
16.000000000000000	-0.826282988211694	-0.073815237014597	0.010611401192574
16.000000000000000	-0.818965929230124	-0.130942267308826	0.013299427034920


17.000000000000000	1.083652249996015	0.247522027500696	0.036427824141916
17.000000000000000	1.063068354187086	0.325420290985066	0.040596054527448
17.000000000000000	1.037534272622021	0.401855258871986	0.044578310312393
17.000000000000000	1.007152822035186	0.476519154523022	0.048358556358217
17.000000000000000	0.972046337805153	0.549111332782544	0.051921570948308
17.000000000000000	0.932356181353299	0.619339490569656	0.055253007080455
17.000000000000000	0.888242170931264	0.686920843879543	0.058339450237164
17.000000000000000	0.839881938089251	0.751583266454841	0.061168472401184
17.000000000000000	0.787470212416473	0.813066385542039	0.063728682098746
17.000000000000000	0.731218037433823	0.871122630320658	0.066009770269008
17.000000000000000	0.671351920796100	0.925518228783562	0.068002551775004
17.000000000000000	0.608112922225631	0.976034149054331	0.069699002388949
17.000000000000000	0.541755682849850	1.022466981351312	0.071092291102973
17.000000000000000	0.472547399851349	1.064629757047025	0.072176807635176
17.000000000000000	0.400766750559130	1.102352701524832	0.072948185020258
17.000000000000000	0.326702770313361	1.135483917801398	0.073403317193741
17.000000000000000	0.250653688622070	1.163889998162235	0.073540371498998
17.000000000000000	0.172925728296179	1.187456561347479	0.073358796066715
17.000000000000000	0.093831872398321	1.206088713124853	0.072859322037072
17.000000000000000	0.013690603970514	1.219711428395253	0.072043960615699
17.000000000000000	-0.067175376384646	1.228269853292338	0.070915994975264
17.000000000000000	-0.148440449905411	1.231729526059688	0.069479967035293
17.000000000000000	-0.229777390822716	1.230076515816141	0.067741659173463
17.000000000000000	-0.310858683982853	1.223317478650526	0.065708070942007
17.000000000000000	-0.391357843635402	1.211479630819951	0.063387390882993
17.000000000000000	-0.470950728076121	1.194610639159534	0.060788963555948
17.000000000000000	-0.549316844851178	1.172778429144886	0.057923251910619
17.000000000000000	-0.626140641267153	1.146070911380194	0.054801795156368
17.000000000000000	-0.701112775010360	1.114595627613244	0.051437162297844
17.000000000000000	-0.773931359759162	1.078479317702761	0.047842901524043
17.000000000000000	-0.844303180773640	1.037867409281726	0.044033485654529
17.000000000000000	-0.911944875567867	0.992923432171633	0.040024253862499
17.000000000000000	-0.976584074910619	0.943828359905606	0.035831349909346
17.000000000000000	-1.037960499560147	0.890779881011861	0.031471657139430
17.000000000000000	-1.095827008316812	0.833991602991773	0.026962730496810
17.000000000000000	-1.149950593173477	0.773692192197859	0.022322725837676
17.000000000000000	-1.200113317556505	0.710124453075088	0.017570326823132
17.000000000000000	-1.246113193879427	0.643544350473066	0.012724669686678
17.000000000000000	-1.287764996875659	0.574219978965941	0.007805266179360
17.000000000000000	-1.324901009435281	0.502430483330168	0.002831925002828
17.000000000000000	-1.357371697942639	0.428464934527016	-0.002175327953310
17.000000000000000	-1.385046314395441	0.352621165715835	-0.007196330248679
17.000000000000000	-1.407813422880815	0.275204572985044	-0.012210864079165
17.000000000000000	-1.425581348288400	0.196526885629863	-0.017198737686883
17.000000000000000	-1.438278545453658	0.116904910928476	-0.022139866665252
17.000000000000000	-1.445853887245000	0.036659258470921	-0.027014354831819
17.000000000000000	-1.448276870434704	-0.043886950822554	-0.031802574343155
17.000000000000000	-1.445537738524640	-0.124409385795411	-0.036485244729261
17.000000000000000	-1.437647521032252	-0.204583811021903	-0.041043510529213
17.000000000000000	-1.424637989078577	-0.284087392388707	-0.045459017215444
17.000000000000000	-1.406561527457160	-0.362599997033954	-0.049713985100955
17.000000000000000	-1.383490923698976	-0.439805482409271	-0.053791280931835
17.000000000000000	-1.355519074982733	-0.515392969274248	-0.057674486876830
17.000000000000000	-1.322758614070723	-0.589058093497410	-0.061347966636153
17.000000000000000	-1.285341455776436	-0.660504231623159	-0.064796928403344
17.000000000000000	-1.243418265790172	-0.729443695269730	-0.068007484426656
17.000000000000000	-1.197157854001476	-0.795598889548774	-0.070966706930130
17.000000000000000	-1.146746494761298	-0.858703430841991	-0.073662680169183
17.000000000000000	-1.092387176820921	-0.918503219433951	-0.076084548411108
17.000000000000000	-1.034298785967911	-0.974757462681954	-0.078222559647278
17.000000000000000	-0.972715223650296	-1.027239644603025	-0.080068104861044
17.000000000000000	-0.907884465137994	-1.075738437973829	-0.081613752693202
17.000000000000000	-0.840067561013923	-1.120058555270807	-0.082853279365461
17.000000000000000	-0.769537586015437	-1.160021535024114	-0.083781693741392
17.000000000000000	-0.696578539458738	-1.195466460418969	-0.084395257423984
17.000000000000000	-0.621484201673870	-1.226250607250870	-0.084691499808839
17.000000000000000	-0.544556951055014	-1.252250018625600	-0.084669228032431
17.000000000000000	-0.466106546489419	-1.273360004089881	-0.084328531775342
17.000000000000000	-0.386448880067689	-1.289495561182889	-0.083670782901153
17.000000000000000	-0.305904705097828	-1.300591717711152	-0.082698629932433
17.000000000000000	-0.224798344544871	-1.306603793368653	-0.081415987386070
17.000000000000000	-0.143456385096786	-1.307507579648641	-0.079828020010899
17.000000000000000	-0.062206362115129	-1.303299437322753	-0.077941121991076
17.000000000000000	0.018624559234241	-1.293996311094899	-0.075762891198958
17.000000000000000	0.098710901359822	-1.279635661370917	-0.073302098601151
17.000000000000000	0.177730184827847	-1.260275313418744	-0.070568652940927
17.000000000000000	0.255364226873155	-1.235993224526469	-0.067573560839205
17.000000000000000	0.331300422608881	-1.206887170095849	-0.064328882474781
17.000000000000000	0.405233003776005	-1.173074349935276	-0.060847683022238
17.000000000000000	0.476864269964209	-1.134690916337513	-0.057143980043106
17.000000000000000	0.545905787346364	-1.091891425842464	-0.053232687042081
17.000000000000000	0.612079550099746	-1.044848216892538	-0.049129553415612
17.000000000000000	0.675119099837361	-0.993750715886570	-0.044851101034638
17.000000000000000	0.734770598541835	-0.938804674426567	-0.040414557716844
17.000000000000000	0.790793850681509	-0.880231340828625	-0.035837787856321
17.000000000000000	0.842963270393074	-0.818266569234048	-0.031139220489953
17.000000000000000	0.891068789836223	-0.753159869907970	-0.026337775090196
17.000000000000000	0.934916705062702	-0.685173404549572	-0.021452785383034
17.000000000000000	0.974330455993743	-0.614580930659454	-0.016503921497891
17.000000000000000	1.009151337365183	-0.541666699214795	-0.011511110762962
17.000000000000000	1.039239137777554	-0.466724310091002	-0.006494457464895
17.000000000000000	1.064472704277896	-0.390055529838627	-0.001474161895925
17.000000000000000	1.084750430199943	-0.311969076575976	0.003529560985574
17.000000000000000	1.099990664298303	-0.232779376890211	0.008496562953592
17.000000000000000	1.110132039529208	-0.152805299752458	0.013406843644274
17.000000000000000	1.115133720153939	-0.072368872544996	0.018240631090333
17.000000000000000	1.114975566169931	0.008206015629346	0.022978461335779
17.000000000000000	1.109658214407458	0.088594918134293	0.027601256810400
17.000000000000000	1.099203075965343	0.168474137232221	0.032090403148408
17.000000000000000	1.083652249996015	0.247522027500696	0.036427824141916


18.000000000000000	nan	nan	nan
18.000000000000000	nan	nan	nan
18.000000000000000	nan	nan	nan
18.000000000000000	nan	nan	nan
18.000000000000000	nan	nan	nan
18.000000000000000	nan	nan	nan
18.000000000000000	nan	nan	nan
18.000000000000000	nan	nan	nan
18.000000000000000	nan	nan	nan
18.000000000000000	nan	nan	nan
18.000000000000000	nan	nan	nan
18.000000000000000	nan	nan	nan
18.000000000000000	nan	nan	nan
18.000000000000000	nan	nan	nan
18.000000000000000	nan	nan	nan
18.000000000000000	nan	nan	nan
18.000000000000000	nan	nan	nan
18.000000000000000	nan	nan	nan
18.000000000000000	nan	nan	nan
18.000000000000000	nan	nan	nan
18.000000000000000	nan	nan	nan
18.000000000000000	nan	nan	nan
18.000000000000000	nan	nan	nan
18.000000000000000	nan	nan	nan
18.000000000000000	nan	nan	nan
18.000000000000000	nan	nan	nan
18.000000000000000	nan	nan	nan
18.000000000000000	nan	nan	nan
18.000000000000000	nan	nan	nan
18.000000000000000	nan	nan	nan
18.000000000000000	nan	nan	nan
18.000000000000000	nan	nan	nan
18.000000000000000	nan	nan	nan
18.000000000000000	nan	nan	nan
18.000000000000000	nan	nan	nan
18.000000000000000	nan	nan	nan
18.000000000000000	nan	nan	nan
18.000000000000000	nan	nan	nan
18.000000000000000	nan	nan	nan
18.000000000000000	nan	nan	nan
18.000000000000000	nan	nan	nan
18.000000000000000	nan	nan	nan
18.000000000000000	nan	nan	nan
18.000000000000000	nan	nan	nan
18.000000000000000	nan	nan	nan
18.000000000000000	nan	nan	nan
18.000000000000000	nan	nan	nan
18.000000000000000	nan	nan	nan
18.000000000000000	nan	nan	nan
18.000000000000000	nan	nan	nan
18.000000000000000	nan	nan	nan
18.000000000000000	nan	nan	nan
18.000000000000000	nan	nan	nan
18.000000000000000	nan	nan	nan
18.000000000000000	nan	nan	nan
18.000000000000000	nan	nan	nan
18.000000000000000	nan	nan	nan
18.000000000000000	nan	nan	nan
18.000000000000000	nan	nan	nan
18.000000000000000	nan	nan	nan
18.000000000000000	nan	nan	nan
18.000000000000000	nan	nan	nan
18.000000000000000	nan	nan	nan
18.000000000000000	nan	nan	nan
18.000000000000000	nan	nan	nan
18.000000000000000	nan	nan	nan
18.000000000000000	nan	nan	nan
18.000000000000000	nan	nan	nan
18.000000000000000	nan	nan	nan
18.000000000000000	nan	nan	nan
18.000000000000000	nan	nan	nan
18.000000000000000	nan	nan	nan
18.000000000000000	nan	nan	nan
18.000000000000000	nan	nan	nan
18.000000000000000	nan	nan	nan
18.000000000000000	nan	nan	nan
18.000000000000000	nan	nan	nan
18.000000000000000	nan	nan	nan
18.000000000000000	nan	nan	nan
18.000000000000000	nan	nan	nan
18.000000000000000	nan	nan	nan
18.000000000000000	nan	nan	nan
18.000000000000000	nan	nan	nan
18.000000000000000	nan	nan	nan
18.000000000000000	nan	nan	nan
18.000000000000000	nan	nan	nan
18.000000000000000	nan	nan	nan
18.000000000000000	nan	nan	nan
18.000000000000000	nan	nan	nan
18.000000000000000	nan	nan	nan
18.000000000000000	nan	nan	nan
18.000000000000000	nan	nan	nan
18.000000000000000	nan	nan	nan
18.000000000000000	nan	nan	nan
18.000000000000000	nan	nan	nan
18.000000000000000	nan	nan	nan
18.000000000000000	nan	nan	nan
18.000000000000000	nan	nan	nan
18.000000000000000	nan	nan	nan
18.000000000000000	nan	nan	nan


