# n	x	y	z
1.000000000000000	0.196595306121729	-0.287632909909716	0.018202688825406
1.000000000000000	0.216751035245282	-0.272895861724282	0.018090308074839
1.000000000000000	0.235926297906590	-0.256902405150321	0.017895113380040
1.000000000000000	0.254043882090707	-0.239716940192667	0.017617890721151
1.000000000000000	0.271030834680611	-0.221408666653201	0.017259756375976
1.000000000000000	0.286818755213662	-0.202051305487676	0.016822152425122
1.000000000000000	0.301344071306122	-0.181722801957445	0.016306840945249
1.000000000000000	0.314548294636706	-0.160505011771406	0.015715896913811
1.000000000000000	0.326378256458410	-0.138483371481951	0.015051699853853
1.000000000000000	0.336786321690289	-0.115746554462125	0.014316924252510
1.000000000000000	0.345730580727116	-0.092386113849248	0.013514528791794
1.000000000000000	0.353175018194571	-0.068496113892748	0.012647744435026
1.000000000000000	0.359089657970440	-0.044172751190622	0.011720061416884
1.000000000000000	0.363450683887881	-0.019513967339692	0.010735215189462
1.000000000000000	0.366240535634720	0.005380945440637	0.009697171380923
1.000000000000000	0.367447979462636	0.030411744123105	0.008610109827313
1.000000000000000	0.367068153421491	0.055477638515880	0.007478407741835
1.000000000000000	0.365102586936697	0.080477697109095	0.006306622089363
1.000000000000000	0.361559194650753	0.105311253490410	0.005099471237142
1.000000000000000	0.356452244553778	0.129878311693126	0.003861815955600
1.000000000000000	0.349802300531344	0.154079948844651	0.002598639845731
1.000000000000000	0.341636139560974	0.177818713493992	0.001315029271901
1.000000000000000	0.331986643890700	0.200999018014357	0.000016152880848
1.000000000000000	0.320892668633857	0.223527523500784	-0.001292759210632
1.000000000000000	0.308398885313255	0.245313515612977	-0.002606436475519
1.000000000000000	0.294555601984723	0.266269269849929	-0.003919589199122
1.000000000000000	0.279418560664324	0.286310404785532	-0.005226929778890
1.000000000000000	0.263048712874932	0.305356221842792	-0.006523194015728
1.000000000000000	0.245511974215957	0.323330030238524	-0.007803162311062
1.000000000000000	0.226878958944498	0.340159455790061	-0.009061680684324
1.000000000000000	0.207224695636646	0.355776732340548	-0.010293681526210
1.000000000000000	0.186628325073891	0.370118974629336	-0.011494204004157
1.000000000000000	0.165172781571130	0.383128431508734	-0.012658414037864
1.000000000000000	0.142944459029447	0.394752718487496	-0.013781623764426
1.000000000000000	0.120032863058371	0.404945028664676	-0.014859310414703
1.000000000000000	0.096530250568371	0.413664321204505	-0.015887134524918
1.000000000000000	0.072531258284844	0.420875486593344	-0.016860957410143
1.000000000000000	0.048132521679421	0.426549488013308	-0.017776857829324
1.000000000000000	0.023432285853030	0.430663478263283	-0.018631147774734
1.000000000000000	-0.001469990062450	0.433200891756539	-0.019420387322279
1.000000000000000	-0.026474033391011	0.434151511224502	-0.020141398482859
1.000000000000000	-0.051479161675190	0.433511508858092	-0.020791277999006
1.000000000000000	-0.076384688088791	0.431283461720952	-0.021367409035280
1.000000000000000	-0.101090326867197	0.427476341372529	-0.021867471715339
1.000000000000000	-0.125496597122748	0.422105477742765	-0.022289452463266
1.000000000000000	-0.149505223419166	0.415192497403886	-0.022631652111522
1.000000000000000	-0.173019531492050	0.406765236487822	-0.022892692742903
1.000000000000000	-0.195944837522021	0.396857628599934	-0.023071523238918
1.000000000000000	-0.218188829393037	0.385509568180357	-0.023167423512277
1.000000000000000	-0.239661938400715	0.372766749863174	-0.023180007406427
1.000000000000000	-0.260277699913879	0.358680484480249	-0.023109224250466
1.000000000000000	-0.279953101537120	0.343307492450622	-0.022955359063183
1.000000000000000	-0.298608917372413	0.326709675387391	-0.022719031405379
1.000000000000000	-0.316170027033842	0.308953866841777	-0.022401192885124
1.000000000000000	-0.332565718130886	0.290111563187988	-0.022003123325958
1.000000000000000	-0.347729971002253	0.270258635732567	-0.021526425613500
1.000000000000000	-0.361601724553759	0.249475025207408	-0.020973019241191
1.000000000000000	-0.374125122129800	0.227844419876650	-0.020345132581171
1.000000000000000	-0.385249736428395	0.205453918553574	-0.019645293911412
1.000000000000000	-0.394930772554124	0.182393679884420	-0.018876321235231
1.000000000000000	-0.403129248391372	0.158756559311339	-0.018041310934193
1.000000000000000	-0.409812151571542	0.134637735176307	-0.017143625300068
1.000000000000000	-0.414952572402218	0.110134325471525	-0.016186878996072
1.000000000000000	-0.418529812222993	0.085344996779550	-0.015174924501894
1.000000000000000	-0.420529466751674	0.060369566977784	-0.014111836601118
1.000000000000000	-0.420943484085239	0.035308603307118	-0.013001895973511
1.000000000000000	-0.419770197122012	0.010263017423142	-0.011849571958234
1.000000000000000	-0.417014330274487	-0.014666340939473	-0.010659504557389
1.000000000000000	-0.412686980445796	-0.039379090053262	-0.009436485752375
1.000000000000000	-0.406805572346386	-0.063775720399755	-0.008185440208262
1.000000000000000	-0.399393788330867	-0.087757995359185	-0.006911405443906
1.000000000000000	-0.390481473037527	-0.111229346774685	-0.005619511547642
1.000000000000000	-0.380104513214507	-0.134095263798172	-0.004314960520224
1.000000000000000	-0.368304693216530	-0.156263673452175	-0.003003005328206
1.000000000000000	-0.355129526754054	-0.177645311375220	-0.001688928752100
1.000000000000000	-0.340632065572332	-0.198154081257906	-0.000378022114483
1.000000000000000	-0.324870685830754	-0.217707401522359	0.000924436026292
1.000000000000000	-0.307908853042658	-0.236226537849096	0.002213201130986
1.000000000000000	-0.289814866522109	-0.253636920212342	0.003483083797384
1.000000000000000	-0.270661584366665	-0.269868443147208	0.004728970656187
1.000000000000000	-0.250526130083535	-0.284855748039650	0.005945844960741
1.000000000000000	-0.229489582040433	-0.298538486302540	0.007128806787711
1.000000000000000	-0.207636646991611	-0.310861562378133	0.008273092767337
1.000000000000000	-0.185055318993653	-0.321775355588424	0.009374095263850
1.000000000000000	-0.161836525084468	-0.331235919940111	0.010427380928787
1.000000000000000	-0.138073759152199	-0.339205161079596	0.011428708552526
1.000000000000000	-0.113862705468336	-0.345650989685506	0.012374046142138
1.000000000000000	-0.089300853400923	-0.350547450681059	0.013259587156803
1.000000000000000	-0.064487104859282	-0.353874827746002	0.014081765835398
1.000000000000000	-0.039521376050934	-0.355619722707271	0.014837271554570
1.000000000000000	-0.014504195154290	-0.355775109488706	0.015523062159437
1.000000000000000	0.010463702472836	-0.354340362402582	0.016136376213279
1.000000000000000	0.035281779918964	-0.351321258669030	0.016674744116868
1.000000000000000	0.059850103545605	-0.346729955153210	0.017135998052668
1.000000000000000	0.084069745384750	-0.340584939413909	0.017518280713877
1.000000000000000	0.107843181486885	-0.332910955260665	0.017820052783142
1.000000000000000	0.131074684615512	-0.323738903119176	0.018040099130850
1.000000000000000	0.153670709706948	-0.313105715606199	0.018177533708022
1.000000000000000	0.175540270543274	-0.301054208814931	0.018231803114122
1.000000000000000	0.196595306121729	-0.287632909909716	0.018202688825406


2.000000000000000	nan	nan	nan
2.000000000000000	nan	nan	nan
2.000000000000000	nan	nan	nan
2.000000000000000	nan	nan	nan
2.000000000000000	nan	nan	nan
2.000000000000000	nan	nan	nan
2.000000000000000	nan	nan	nan
2.000000000000000	nan	nan	nan
2.000000000000000	nan	nan	nan
2.000000000000000	nan	nan	nan
2.000000000000000	nan	nan	nan
2.000000000000000	nan	nan	nan
2.000000000000000	nan	nan	nan
2.000000000000000	nan	nan	nan
2.000000000000000	nan	nan	nan
2.000000000000000	nan	nan	nan
2.000000000000000	nan	nan	nan
2.000000000000000	nan	nan	nan
2.000000000000000	nan	nan	nan
2.000000000000000	nan	nan	nan
2.000000000000000	nan	nan	nan
2.000000000000000	nan	nan	nan
2.000000000000000	nan	nan	nan
2.000000000000000	nan	nan	nan
2.000000000000000	nan	nan	nan
2.000000000000000	nan	nan	nan
2.000000000000000	nan	nan	nan
2.000000000000000	nan	nan	nan
2.000000000000000	nan	nan	nan
2.000000000000000	nan	nan	nan
2.000000000000000	nan	nan	nan
2.000000000000000	nan	nan	nan
2.000000000000000	nan	nan	nan
2.000000000000000	nan	nan	nan
2.000000000000000	nan	nan	nan
2.000000000000000	nan	nan	nan
2.000000000000000	nan	nan	nan
2.000000000000000	nan	nan	nan
2.000000000000000	nan	nan	nan
2.000000000000000	nan	nan	nan
2.000000000000000	nan	nan	nan
2.000000000000000	nan	nan	nan
2.000000000000000	nan	nan	nan
2.000000000000000	nan	nan	nan
2.000000000000000	nan	nan	nan
2.000000000000000	nan	nan	nan
2.000000000000000	nan	nan	nan
2.000000000000000	nan	nan	nan
2.000000000000000	nan	nan	nan
2.000000000000000	nan	nan	nan
2.000000000000000	nan	nan	nan
2.000000000000000	nan	nan	nan
2.000000000000000	nan	nan	nan
2.000000000000000	nan	nan	nan
2.000000000000000	nan	nan	nan
2.000000000000000	nan	nan	nan
2.000000000000000	nan	nan	nan
2.000000000000000	nan	nan	nan
2.000000000000000	nan	nan	nan
2.000000000000000	nan	nan	nan
2.000000000000000	nan	nan	nan
2.000000000000000	nan	nan	nan
2.000000000000000	nan	nan	nan
2.000000000000000	nan	nan	nan
2.000000000000000	nan	nan	nan
2.000000000000000	nan	nan	nan
2.000000000000000	nan	nan	nan
2.000000000000000	nan	nan	nan
2.000000000000000	nan	nan	nan
2.000000000000000	nan	nan	nan
2.000000000000000	nan	nan	nan
2.000000000000000	nan	nan	nan
2.000000000000000	nan	nan	nan
2.000000000000000	nan	nan	nan
2.000000000000000	nan	nan	nan
2.000000000000000	nan	nan	nan
2.000000000000000	nan	nan	nan
2.000000000000000	nan	nan	nan
2.000000000000000	nan	nan	nan
2.000000000000000	nan	nan	nan
2.000000000000000	nan	nan	nan
2.000000000000000	nan	nan	nan
2.000000000000000	nan	nan	nan
2.000000000000000	nan	nan	nan
2.000000000000000	nan	nan	nan
2.000000000000000	nan	nan	nan
2.000000000000000	nan	nan	nan
2.000000000000000	nan	nan	nan
2.000000000000000	nan	nan	nan
2.000000000000000	nan	nan	nan
2.000000000000000	nan	nan	nan
2.000000000000000	nan	nan	nan
2.000000000000000	nan	nan	nan
2.000000000000000	nan	nan	nan
2.000000000000000	nan	nan	nan
2.000000000000000	nan	nan	nan
2.000000000000000	nan	nan	nan
2.000000000000000	nan	nan	nan
2.000000000000000	nan	nan	nan
2.000000000000000	nan	nan	nan


3.000000000000000	nan	nan	nan
3.000000000000000	nan	nan	nan
3.000000000000000	nan	nan	nan
3.000000000000000	nan	nan	nan
3.000000000000000	nan	nan	nan
3.000000000000000	nan	nan	nan
3.000000000000000	nan	nan	nan
3.000000000000000	nan	nan	nan
3.000000000000000	nan	nan	nan
3.000000000000000	nan	nan	nan
3.000000000000000	nan	nan	nan
3.000000000000000	nan	nan	nan
3.000000000000000	nan	nan	nan
3.000000000000000	nan	nan	nan
3.000000000000000	nan	nan	nan
3.000000000000000	nan	nan	nan
3.000000000000000	nan	nan	nan
3.000000000000000	nan	nan	nan
3.000000000000000	nan	nan	nan
3.000000000000000	nan	nan	nan
3.000000000000000	nan	nan	nan
3.000000000000000	nan	nan	nan
3.000000000000000	nan	nan	nan
3.000000000000000	nan	nan	nan
3.000000000000000	nan	nan	nan
3.000000000000000	nan	nan	nan
3.000000000000000	nan	nan	nan
3.000000000000000	nan	nan	nan
3.000000000000000	nan	nan	nan
3.000000000000000	nan	nan	nan
3.000000000000000	nan	nan	nan
3.000000000000000	nan	nan	nan
3.000000000000000	nan	nan	nan
3.000000000000000	nan	nan	nan
3.000000000000000	nan	nan	nan
3.000000000000000	nan	nan	nan
3.000000000000000	nan	nan	nan
3.000000000000000	nan	nan	nan
3.000000000000000	nan	nan	nan
3.000000000000000	nan	nan	nan
3.000000000000000	nan	nan	nan
3.000000000000000	nan	nan	nan
3.000000000000000	nan	nan	nan
3.000000000000000	nan	nan	nan
3.000000000000000	nan	nan	nan
3.000000000000000	nan	nan	nan
3.000000000000000	nan	nan	nan
3.000000000000000	nan	nan	nan
3.000000000000000	nan	nan	nan
3.000000000000000	nan	nan	nan
3.000000000000000	nan	nan	nan
3.000000000000000	nan	nan	nan
3.000000000000000	nan	nan	nan
3.000000000000000	nan	nan	nan
3.000000000000000	nan	nan	nan
3.000000000000000	nan	nan	nan
3.000000000000000	nan	nan	nan
3.000000000000000	nan	nan	nan
3.000000000000000	nan	nan	nan
3.000000000000000	nan	nan	nan
3.000000000000000	nan	nan	nan
3.000000000000000	nan	nan	nan
3.000000000000000	nan	nan	nan
3.000000000000000	nan	nan	nan
3.000000000000000	nan	nan	nan
3.000000000000000	nan	nan	nan
3.000000000000000	nan	nan	nan
3.000000000000000	nan	nan	nan
3.000000000000000	nan	nan	nan
3.000000000000000	nan	nan	nan
3.000000000000000	nan	nan	nan
3.000000000000000	nan	nan	nan
3.000000000000000	nan	nan	nan
3.000000000000000	nan	nan	nan
3.000000000000000	nan	nan	nan
3.000000000000000	nan	nan	nan
3.000000000000000	nan	nan	nan
3.000000000000000	nan	nan	nan
3.000000000000000	nan	nan	nan
3.000000000000000	nan	nan	nan
3.000000000000000	nan	nan	nan
3.000000000000000	nan	nan	nan
3.000000000000000	nan	nan	nan
3.000000000000000	nan	nan	nan
3.000000000000000	nan	nan	nan
3.000000000000000	nan	nan	nan
3.000000000000000	nan	nan	nan
3.000000000000000	nan	nan	nan
3.000000000000000	nan	nan	nan
3.000000000000000	nan	nan	nan
3.000000000000000	nan	nan	nan
3.000000000000000	nan	nan	nan
3.000000000000000	nan	nan	nan
3.000000000000000	nan	nan	nan
3.000000000000000	nan	nan	nan
3.000000000000000	nan	nan	nan
3.000000000000000	nan	nan	nan
3.000000000000000	nan	nan	nan
3.000000000000000	nan	nan	nan
3.000000000000000	nan	nan	nan


4.000000000000000	nan	nan	nan
4.000000000000000	nan	nan	nan
4.000000000000000	nan	nan	nan
4.000000000000000	nan	nan	nan
4.000000000000000	nan	nan	nan
4.000000000000000	nan	nan	nan
4.000000000000000	nan	nan	nan
4.000000000000000	nan	nan	nan
4.000000000000000	nan	nan	nan
4.000000000000000	nan	nan	nan
4.000000000000000	nan	nan	nan
4.000000000000000	nan	nan	nan
4.000000000000000	nan	nan	nan
4.000000000000000	nan	nan	nan
4.000000000000000	nan	nan	nan
4.000000000000000	nan	nan	nan
4.000000000000000	nan	nan	nan
4.000000000000000	nan	nan	nan
4.000000000000000	nan	nan	nan
4.000000000000000	nan	nan	nan
4.000000000000000	nan	nan	nan
4.000000000000000	nan	nan	nan
4.000000000000000	nan	nan	nan
4.000000000000000	nan	nan	nan
4.000000000000000	nan	nan	nan
4.000000000000000	nan	nan	nan
4.000000000000000	nan	nan	nan
4.000000000000000	nan	nan	nan
4.000000000000000	nan	nan	nan
4.000000000000000	nan	nan	nan
4.000000000000000	nan	nan	nan
4.000000000000000	nan	nan	nan
4.000000000000000	nan	nan	nan
4.000000000000000	nan	nan	nan
4.000000000000000	nan	nan	nan
4.000000000000000	nan	nan	nan
4.000000000000000	nan	nan	nan
4.000000000000000	nan	nan	nan
4.000000000000000	nan	nan	nan
4.000000000000000	nan	nan	nan
4.000000000000000	nan	nan	nan
4.000000000000000	nan	nan	nan
4.000000000000000	nan	nan	nan
4.000000000000000	nan	nan	nan
4.000000000000000	nan	nan	nan
4.000000000000000	nan	nan	nan
4.000000000000000	nan	nan	nan
4.000000000000000	nan	nan	nan
4.000000000000000	nan	nan	nan
4.000000000000000	nan	nan	nan
4.000000000000000	nan	nan	nan
4.000000000000000	nan	nan	nan
4.000000000000000	nan	nan	nan
4.000000000000000	nan	nan	nan
4.000000000000000	nan	nan	nan
4.000000000000000	nan	nan	nan
4.000000000000000	nan	nan	nan
4.000000000000000	nan	nan	nan
4.000000000000000	nan	nan	nan
4.000000000000000	nan	nan	nan
4.000000000000000	nan	nan	nan
4.000000000000000	nan	nan	nan
4.000000000000000	nan	nan	nan
4.000000000000000	nan	nan	nan
4.000000000000000	nan	nan	nan
4.000000000000000	nan	nan	nan
4.000000000000000	nan	nan	nan
4.000000000000000	nan	nan	nan
4.000000000000000	nan	nan	nan
4.000000000000000	nan	nan	nan
4.000000000000000	nan	nan	nan
4.000000000000000	nan	nan	nan
4.000000000000000	nan	nan	nan
4.000000000000000	nan	nan	nan
4.000000000000000	nan	nan	nan
4.000000000000000	nan	nan	nan
4.000000000000000	nan	nan	nan
4.000000000000000	nan	nan	nan
4.000000000000000	nan	nan	nan
4.000000000000000	nan	nan	nan
4.000000000000000	nan	nan	nan
4.000000000000000	nan	nan	nan
4.000000000000000	nan	nan	nan
4.000000000000000	nan	nan	nan
4.000000000000000	nan	nan	nan
4.000000000000000	nan	nan	nan
4.000000000000000	nan	nan	nan
4.000000000000000	nan	nan	nan
4.000000000000000	nan	nan	nan
4.000000000000000	nan	nan	nan
4.000000000000000	nan	nan	nan
4.000000000000000	nan	nan	nan
4.000000000000000	nan	nan	nan
4.000000000000000	nan	nan	nan
4.000000000000000	nan	nan	nan
4.000000000000000	nan	nan	nan
4.000000000000000	nan	nan	nan
4.000000000000000	nan	nan	nan
4.000000000000000	nan	nan	nan
4.000000000000000	nan	nan	nan


5.000000000000000	nan	nan	nan
5.000000000000000	nan	nan	nan
5.000000000000000	nan	nan	nan
5.000000000000000	nan	nan	nan
5.000000000000000	nan	nan	nan
5.000000000000000	nan	nan	nan
5.000000000000000	nan	nan	nan
5.000000000000000	nan	nan	nan
5.000000000000000	nan	nan	nan
5.000000000000000	nan	nan	nan
5.000000000000000	nan	nan	nan
5.000000000000000	nan	nan	nan
5.000000000000000	nan	nan	nan
5.000000000000000	nan	nan	nan
5.000000000000000	nan	nan	nan
5.000000000000000	nan	nan	nan
5.000000000000000	nan	nan	nan
5.000000000000000	nan	nan	nan
5.000000000000000	nan	nan	nan
5.000000000000000	nan	nan	nan
5.000000000000000	nan	nan	nan
5.000000000000000	nan	nan	nan
5.000000000000000	nan	nan	nan
5.000000000000000	nan	nan	nan
5.000000000000000	nan	nan	nan
5.000000000000000	nan	nan	nan
5.000000000000000	nan	nan	nan
5.000000000000000	nan	nan	nan
5.000000000000000	nan	nan	nan
5.000000000000000	nan	nan	nan
5.000000000000000	nan	nan	nan
5.000000000000000	nan	nan	nan
5.000000000000000	nan	nan	nan
5.000000000000000	nan	nan	nan
5.000000000000000	nan	nan	nan
5.000000000000000	nan	nan	nan
5.000000000000000	nan	nan	nan
5.000000000000000	nan	nan	nan
5.000000000000000	nan	nan	nan
5.000000000000000	nan	nan	nan
5.000000000000000	nan	nan	nan
5.000000000000000	nan	nan	nan
5.000000000000000	nan	nan	nan
5.000000000000000	nan	nan	nan
5.000000000000000	nan	nan	nan
5.000000000000000	nan	nan	nan
5.000000000000000	nan	nan	nan
5.000000000000000	nan	nan	nan
5.000000000000000	nan	nan	nan
5.000000000000000	nan	nan	nan
5.000000000000000	nan	nan	nan
5.000000000000000	nan	nan	nan
5.000000000000000	nan	nan	nan
5.000000000000000	nan	nan	nan
5.000000000000000	nan	nan	nan
5.000000000000000	nan	nan	nan
5.000000000000000	nan	nan	nan
5.000000000000000	nan	nan	nan
5.000000000000000	nan	nan	nan
5.000000000000000	nan	nan	nan
5.000000000000000	nan	nan	nan
5.000000000000000	nan	nan	nan
5.000000000000000	nan	nan	nan
5.000000000000000	nan	nan	nan
5.000000000000000	nan	nan	nan
5.000000000000000	nan	nan	nan
5.000000000000000	nan	nan	nan
5.000000000000000	nan	nan	nan
5.000000000000000	nan	nan	nan
5.000000000000000	nan	nan	nan
5.000000000000000	nan	nan	nan
5.000000000000000	nan	nan	nan
5.000000000000000	nan	nan	nan
5.000000000000000	nan	nan	nan
5.000000000000000	nan	nan	nan
5.000000000000000	nan	nan	nan
5.000000000000000	nan	nan	nan
5.000000000000000	nan	nan	nan
5.000000000000000	nan	nan	nan
5.000000000000000	nan	nan	nan
5.000000000000000	nan	nan	nan
5.000000000000000	nan	nan	nan
5.000000000000000	nan	nan	nan
5.000000000000000	nan	nan	nan
5.000000000000000	nan	nan	nan
5.000000000000000	nan	nan	nan
5.000000000000000	nan	nan	nan
5.000000000000000	nan	nan	nan
5.000000000000000	nan	nan	nan
5.000000000000000	nan	nan	nan
5.000000000000000	nan	nan	nan
5.000000000000000	nan	nan	nan
5.000000000000000	nan	nan	nan
5.000000000000000	nan	nan	nan
5.000000000000000	nan	nan	nan
5.000000000000000	nan	nan	nan
5.000000000000000	nan	nan	nan
5.000000000000000	nan	nan	nan
5.000000000000000	nan	nan	nan
5.000000000000000	nan	nan	nan


6.000000000000000	nan	nan	nan
6.000000000000000	nan	nan	nan
6.000000000000000	nan	nan	nan
6.000000000000000	nan	nan	nan
6.000000000000000	nan	nan	nan
6.000000000000000	nan	nan	nan
6.000000000000000	nan	nan	nan
6.000000000000000	nan	nan	nan
6.000000000000000	nan	nan	nan
6.000000000000000	nan	nan	nan
6.000000000000000	nan	nan	nan
6.000000000000000	nan	nan	nan
6.000000000000000	nan	nan	nan
6.000000000000000	nan	nan	nan
6.000000000000000	nan	nan	nan
6.000000000000000	nan	nan	nan
6.000000000000000	nan	nan	nan
6.000000000000000	nan	nan	nan
6.000000000000000	nan	nan	nan
6.000000000000000	nan	nan	nan
6.000000000000000	nan	nan	nan
6.000000000000000	nan	nan	nan
6.000000000000000	nan	nan	nan
6.000000000000000	nan	nan	nan
6.000000000000000	nan	nan	nan
6.000000000000000	nan	nan	nan
6.000000000000000	nan	nan	nan
6.000000000000000	nan	nan	nan
6.000000000000000	nan	nan	nan
6.000000000000000	nan	nan	nan
6.000000000000000	nan	nan	nan
6.000000000000000	nan	nan	nan
6.000000000000000	nan	nan	nan
6.000000000000000	nan	nan	nan
6.000000000000000	nan	nan	nan
6.000000000000000	nan	nan	nan
6.000000000000000	nan	nan	nan
6.000000000000000	nan	nan	nan
6.000000000000000	nan	nan	nan
6.000000000000000	nan	nan	nan
6.000000000000000	nan	nan	nan
6.000000000000000	nan	nan	nan
6.000000000000000	nan	nan	nan
6.000000000000000	nan	nan	nan
6.000000000000000	nan	nan	nan
6.000000000000000	nan	nan	nan
6.000000000000000	nan	nan	nan
6.000000000000000	nan	nan	nan
6.000000000000000	nan	nan	nan
6.000000000000000	nan	nan	nan
6.000000000000000	nan	nan	nan
6.000000000000000	nan	nan	nan
6.000000000000000	nan	nan	nan
6.000000000000000	nan	nan	nan
6.000000000000000	nan	nan	nan
6.000000000000000	nan	nan	nan
6.000000000000000	nan	nan	nan
6.000000000000000	nan	nan	nan
6.000000000000000	nan	nan	nan
6.000000000000000	nan	nan	nan
6.000000000000000	nan	nan	nan
6.000000000000000	nan	nan	nan
6.000000000000000	nan	nan	nan
6.000000000000000	nan	nan	nan
6.000000000000000	nan	nan	nan
6.000000000000000	nan	nan	nan
6.000000000000000	nan	nan	nan
6.000000000000000	nan	nan	nan
6.000000000000000	nan	nan	nan
6.000000000000000	nan	nan	nan
6.000000000000000	nan	nan	nan
6.000000000000000	nan	nan	nan
6.000000000000000	nan	nan	nan
6.000000000000000	nan	nan	nan
6.000000000000000	nan	nan	nan
6.000000000000000	nan	nan	nan
6.000000000000000	nan	nan	nan
6.000000000000000	nan	nan	nan
6.000000000000000	nan	nan	nan
6.000000000000000	nan	nan	nan
6.000000000000000	nan	nan	nan
6.000000000000000	nan	nan	nan
6.000000000000000	nan	nan	nan
6.000000000000000	nan	nan	nan
6.000000000000000	nan	nan	nan
6.000000000000000	nan	nan	nan
6.000000000000000	nan	nan	nan
6.000000000000000	nan	nan	nan
6.000000000000000	nan	nan	nan
6.000000000000000	nan	nan	nan
6.000000000000000	nan	nan	nan
6.000000000000000	nan	nan	nan
6.000000000000000	nan	nan	nan
6.000000000000000	nan	nan	nan
6.000000000000000	nan	nan	nan
6.000000000000000	nan	nan	nan
6.000000000000000	nan	nan	nan
6.000000000000000	nan	nan	nan
6.000000000000000	nan	nan	nan
6.000000000000000	nan	nan	nan


7.000000000000000	-0.197906346987574	0.497507381569599	-0.008377027534665
7.000000000000000	-0.234335885831011	0.481622565975092	-0.009493609114722
7.000000000000000	-0.269674830136662	0.463428873289160	-0.010565740749409
7.000000000000000	-0.303780882448467	0.442999563090900	-0.011589105343034
7.000000000000000	-0.336516709731286	0.420416897002082	-0.012559582167571
7.000000000000000	-0.367750496362557	0.395771807448634	-0.013473263455369
7.000000000000000	-0.397356474907286	0.369163531507858	-0.014326470134361
7.000000000000000	-0.425215432539119	0.340699211315742	-0.015115766642385
7.000000000000000	-0.451215191068319	0.310493462643395	-0.015837974760980
7.000000000000000	-0.475251058643741	0.278667913379789	-0.016490186412951
7.000000000000000	-0.497226251309968	0.245350713779180	-0.017069775372171
7.000000000000000	-0.517052282722141	0.210676020445262	-0.017574407838462
7.000000000000000	-0.534649320449238	0.174783456129874	-0.018002051834990
7.000000000000000	-0.549946507431095	0.137817547521455	-0.018350985390314
7.000000000000000	-0.562882247294785	0.099927143287087	-0.018619803472163
7.000000000000000	-0.573404452381464	0.061264814711437	-0.018807423644996
7.000000000000000	-0.581470753484996	0.021986241346054	-0.018913090428599
7.000000000000000	-0.587048670457786	-0.017750415857250	-0.018936378340128
7.000000000000000	-0.590115742996878	-0.057785151404722	-0.018877193607382
7.000000000000000	-0.590659621083660	-0.097956759546322	-0.018735774546392
7.000000000000000	-0.588678114713034	-0.138103483394383	-0.018512690601802
7.000000000000000	-0.584179202711796	-0.178063666261505	-0.018208840053922
7.000000000000000	-0.577181000610710	-0.217676402594980	-0.017825446401666
7.000000000000000	-0.567711687699667	-0.256782185886661	-0.017364053435956
7.000000000000000	-0.555809393559624	-0.295223550949375	-0.016826519023417
7.000000000000000	-0.541522044528243	-0.332845707973654	-0.016215007625411
7.000000000000000	-0.524907170717442	-0.369497165811669	-0.015531981582507
7.000000000000000	-0.506031674359941	-0.405030341978608	-0.014780191199512
7.000000000000000	-0.484971560417583	-0.439302156915261	-0.013962663670956
7.000000000000000	-0.461811630536177	-0.472174610118902	-0.013082690891658
7.000000000000000	-0.436645141579204	-0.503515335822606	-0.012143816201417
7.000000000000000	-0.409573430115337	-0.533198135985479	-0.011149820117241
7.000000000000000	-0.380705504371850	-0.561103488447624	-0.010104705110538
7.000000000000000	-0.350157605296957	-0.587119028203698	-0.009012679490572
7.000000000000000	-0.318052738498542	-0.611139999857123	-0.007878140459090
7.000000000000000	-0.284520178943989	-0.633069679433105	-0.006705656404345
7.000000000000000	-0.249694950415518	-0.652819763851934	-0.005499948505803
7.000000000000000	-0.213717281817064	-0.670310726494326	-0.004265871723626
7.000000000000000	-0.176732042521980	-0.685472137427045	-0.003008395249455
7.000000000000000	-0.138888159035197	-0.698242946999392	-0.001732582497233
7.000000000000000	-0.100338015318754	-0.708571731668595	-0.000443570714623
7.000000000000000	-0.061236839195363	-0.716416901064272	0.000853449702874
7.000000000000000	-0.021742077300758	-0.721746865458171	0.002153256111814
7.000000000000000	0.017987238898343	-0.724540162964855	0.003450614650545
7.000000000000000	0.057791133467820	-0.724785545961142	0.004740301314127
7.000000000000000	0.097509330172779	-0.722482026376311	0.006017122989552
7.000000000000000	0.136981897853378	-0.717638879670718	0.007275938366580
7.000000000000000	0.176049894411165	-0.710275607486789	0.008511678639978
7.000000000000000	0.214556006812807	-0.700421859122786	0.009719367919813
7.000000000000000	0.252345184534155	-0.688117312145552	0.010894143267601
7.000000000000000	0.289265263893982	-0.673411512622952	0.012031274277645
7.000000000000000	0.325167580763415	-0.656363675619343	0.013126182124713
7.000000000000000	0.359907569183921	-0.637042446757411	0.014174458001344
7.000000000000000	0.393345343483394	-0.615525625806474	0.015171880870565
7.000000000000000	0.425346261546383	-0.591899853410275	0.016114434462518
7.000000000000000	0.455781466970373	-0.566260262215685	0.016998323446554
7.000000000000000	0.484528407925038	-0.538710093807108	0.017819988713700
7.000000000000000	0.511471330625207	-0.509360282989068	0.018576121707924
7.000000000000000	0.536501745430503	-0.478329011090895	0.019263677748533
7.000000000000000	0.559518863694835	-0.445741230092229	0.019879888290019
7.000000000000000	0.580430003606700	-0.411728159485497	0.020422272070020
7.000000000000000	0.599150963386130	-0.376426757901332	0.020888645100484
7.000000000000000	0.615606360335539	-0.339979171624503	0.021277129461821
7.000000000000000	0.629729934379241	-0.302532162220999	0.021586160864621
7.000000000000000	0.641464814869391	-0.264236515580998	0.021814494948495
7.000000000000000	0.650763749584007	-0.225246434757310	0.021961212292678
7.000000000000000	0.657589294994994	-0.185718919044107	0.022025722118207
7.000000000000000	0.661913967040016	-0.145813131796174	0.022007764666783
7.000000000000000	0.663720351791115	-0.105689759534261	0.021907412246724
7.000000000000000	0.663001175574449	-0.065510364917171	0.021725068941809
7.000000000000000	0.659759334258814	-0.025436736185961	0.021461468984167
7.000000000000000	0.654007881595001	0.014369764300205	0.021117673797794
7.000000000000000	0.645769976652947	0.053748849813328	0.020695067724565
7.000000000000000	0.635078790568337	0.092541954674647	0.020195352449979
7.000000000000000	0.621977372974146	0.130592872742673	0.019620540151076
7.000000000000000	0.606518478654962	0.167748386400177	0.018972945394108
7.000000000000000	0.588764355122089	0.203858883507470	0.018255175814597
7.000000000000000	0.568786491964785	0.238778959837674	0.017470121617306
7.000000000000000	0.546665332986923	0.272368004568232	0.016620943938409
7.000000000000000	0.522489952288181	0.304490766471058	0.015711062116705
7.000000000000000	0.496357695594084	0.335017898521496	0.014744139925155
7.000000000000000	0.468373788279121	0.363826478733143	0.013724070818154
7.000000000000000	0.438650911661304	0.390800505121294	0.012654962253969
7.000000000000000	0.407308749274269	0.415831362801997	0.011541119155453
7.000000000000000	0.374473504943927	0.438818261345860	0.010387026575640
7.000000000000000	0.340277394610202	0.459668640625527	0.009197331638019
7.000000000000000	0.304858113940104	0.478298543522652	0.007976824824208
7.000000000000000	0.268358283875877	0.494632953993575	0.006730420684375
7.000000000000000	0.230924876350802	0.508606099132459	0.005463138048083
7.000000000000000	0.192708622485093	0.520161714015564	0.004180079815227
7.000000000000000	0.153863405644881	0.529253268260237	0.002886412408464
7.000000000000000	0.114545641808204	0.535844153386344	0.001587344969849
7.000000000000000	0.074913649733071	0.539907830225692	0.000288108385459
7.000000000000000	0.035127013463704	0.541427935785900	-0.001006065777537
7.000000000000000	-0.004654060258084	0.540398349138388	-0.002289966336557
7.000000000000000	-0.044269387088898	0.536823216065200	-0.003558423477192
7.000000000000000	-0.083559450089574	0.530716932365399	-0.004806329570233
7.000000000000000	-0.122366042043590	0.522104085888272	-0.006028659738283
7.000000000000000	-0.160532902501693	0.511019357526730	-0.007220492089169
7.000000000000000	-0.197906346987573	0.497507381569599	-0.008377027534665


8.000000000000000	nan	nan	nan
8.000000000000000	nan	nan	nan
8.000000000000000	nan	nan	nan
8.000000000000000	nan	nan	nan
8.000000000000000	nan	nan	nan
8.000000000000000	nan	nan	nan
8.000000000000000	nan	nan	nan
8.000000000000000	nan	nan	nan
8.000000000000000	nan	nan	nan
8.000000000000000	nan	nan	nan
8.000000000000000	nan	nan	nan
8.000000000000000	nan	nan	nan
8.000000000000000	nan	nan	nan
8.000000000000000	nan	nan	nan
8.000000000000000	nan	nan	nan
8.000000000000000	nan	nan	nan
8.000000000000000	nan	nan	nan
8.000000000000000	nan	nan	nan
8.000000000000000	nan	nan	nan
8.000000000000000	nan	nan	nan
8.000000000000000	nan	nan	nan
8.000000000000000	nan	nan	nan
8.000000000000000	nan	nan	nan
8.000000000000000	nan	nan	nan
8.000000000000000	nan	nan	nan
8.000000000000000	nan	nan	nan
8.000000000000000	nan	nan	nan
8.000000000000000	nan	nan	nan
8.000000000000000	nan	nan	nan
8.000000000000000	nan	nan	nan
8.000000000000000	nan	nan	nan
8.000000000000000	nan	nan	nan
8.000000000000000	nan	nan	nan
8.000000000000000	nan	nan	nan
8.000000000000000	nan	nan	nan
8.000000000000000	nan	nan	nan
8.000000000000000	nan	nan	nan
8.000000000000000	nan	nan	nan
8.000000000000000	nan	nan	nan
8.000000000000000	nan	nan	nan
8.000000000000000	nan	nan	nan
8.000000000000000	nan	nan	nan
8.000000000000000	nan	nan	nan
8.000000000000000	nan	nan	nan
8.000000000000000	nan	nan	nan
8.000000000000000	nan	nan	nan
8.000000000000000	nan	nan	nan
8.000000000000000	nan	nan	nan
8.000000000000000	nan	nan	nan
8.000000000000000	nan	nan	nan
8.000000000000000	nan	nan	nan
8.000000000000000	nan	nan	nan
8.000000000000000	nan	nan	nan
8.000000000000000	nan	nan	nan
8.000000000000000	nan	nan	nan
8.000000000000000	nan	nan	nan
8.000000000000000	nan	nan	nan
8.000000000000000	nan	nan	nan
8.000000000000000	nan	nan	nan
8.000000000000000	nan	nan	nan
8.000000000000000	nan	nan	nan
8.000000000000000	nan	nan	nan
8.000000000000000	nan	nan	nan
8.000000000000000	nan	nan	nan
8.000000000000000	nan	nan	nan
8.000000000000000	nan	nan	nan
8.000000000000000	nan	nan	nan
8.000000000000000	nan	nan	nan
8.000000000000000	nan	nan	nan
8.000000000000000	nan	nan	nan
8.000000000000000	nan	nan	nan
8.000000000000000	nan	nan	nan
8.000000000000000	nan	nan	nan
8.000000000000000	nan	nan	nan
8.000000000000000	nan	nan	nan
8.000000000000000	nan	nan	nan
8.000000000000000	nan	nan	nan
8.000000000000000	nan	nan	nan
8.000000000000000	nan	nan	nan
8.000000000000000	nan	nan	nan
8.000000000000000	nan	nan	nan
8.000000000000000	nan	nan	nan
8.000000000000000	nan	nan	nan
8.000000000000000	nan	nan	nan
8.000000000000000	nan	nan	nan
8.000000000000000	nan	nan	nan
8.000000000000000	nan	nan	nan
8.000000000000000	nan	nan	nan
8.000000000000000	nan	nan	nan
8.000000000000000	nan	nan	nan
8.000000000000000	nan	nan	nan
8.000000000000000	nan	nan	nan
8.000000000000000	nan	nan	nan
8.000000000000000	nan	nan	nan
8.000000000000000	nan	nan	nan
8.000000000000000	nan	nan	nan
8.000000000000000	nan	nan	nan
8.000000000000000	nan	nan	nan
8.000000000000000	nan	nan	nan
8.000000000000000	nan	nan	nan


9.000000000000000	nan	nan	nan
9.000000000000000	nan	nan	nan
9.000000000000000	nan	nan	nan
9.000000000000000	nan	nan	nan
9.000000000000000	nan	nan	nan
9.000000000000000	nan	nan	nan
9.000000000000000	nan	nan	nan
9.000000000000000	nan	nan	nan
9.000000000000000	nan	nan	nan
9.000000000000000	nan	nan	nan
9.000000000000000	nan	nan	nan
9.000000000000000	nan	nan	nan
9.000000000000000	nan	nan	nan
9.000000000000000	nan	nan	nan
9.000000000000000	nan	nan	nan
9.000000000000000	nan	nan	nan
9.000000000000000	nan	nan	nan
9.000000000000000	nan	nan	nan
9.000000000000000	nan	nan	nan
9.000000000000000	nan	nan	nan
9.000000000000000	nan	nan	nan
9.000000000000000	nan	nan	nan
9.000000000000000	nan	nan	nan
9.000000000000000	nan	nan	nan
9.000000000000000	nan	nan	nan
9.000000000000000	nan	nan	nan
9.000000000000000	nan	nan	nan
9.000000000000000	nan	nan	nan
9.000000000000000	nan	nan	nan
9.000000000000000	nan	nan	nan
9.000000000000000	nan	nan	nan
9.000000000000000	nan	nan	nan
9.000000000000000	nan	nan	nan
9.000000000000000	nan	nan	nan
9.000000000000000	nan	nan	nan
9.000000000000000	nan	nan	nan
9.000000000000000	nan	nan	nan
9.000000000000000	nan	nan	nan
9.000000000000000	nan	nan	nan
9.000000000000000	nan	nan	nan
9.000000000000000	nan	nan	nan
9.000000000000000	nan	nan	nan
9.000000000000000	nan	nan	nan
9.000000000000000	nan	nan	nan
9.000000000000000	nan	nan	nan
9.000000000000000	nan	nan	nan
9.000000000000000	nan	nan	nan
9.000000000000000	nan	nan	nan
9.000000000000000	nan	nan	nan
9.000000000000000	nan	nan	nan
9.000000000000000	nan	nan	nan
9.000000000000000	nan	nan	nan
9.000000000000000	nan	nan	nan
9.000000000000000	nan	nan	nan
9.000000000000000	nan	nan	nan
9.000000000000000	nan	nan	nan
9.000000000000000	nan	nan	nan
9.000000000000000	nan	nan	nan
9.000000000000000	nan	nan	nan
9.000000000000000	nan	nan	nan
9.000000000000000	nan	nan	nan
9.000000000000000	nan	nan	nan
9.000000000000000	nan	nan	nan
9.000000000000000	nan	nan	nan
9.000000000000000	nan	nan	nan
9.000000000000000	nan	nan	nan
9.000000000000000	nan	nan	nan
9.000000000000000	nan	nan	nan
9.000000000000000	nan	nan	nan
9.000000000000000	nan	nan	nan
9.000000000000000	nan	nan	nan
9.000000000000000	nan	nan	nan
9.000000000000000	nan	nan	nan
9.000000000000000	nan	nan	nan
9.000000000000000	nan	nan	nan
9.000000000000000	nan	nan	nan
9.000000000000000	nan	nan	nan
9.000000000000000	nan	nan	nan
9.000000000000000	nan	nan	nan
9.000000000000000	nan	nan	nan
9.000000000000000	nan	nan	nan
9.000000000000000	nan	nan	nan
9.000000000000000	nan	nan	nan
9.000000000000000	nan	nan	nan
9.000000000000000	nan	nan	nan
9.000000000000000	nan	nan	nan
9.000000000000000	nan	nan	nan
9.000000000000000	nan	nan	nan
9.000000000000000	nan	nan	nan
9.000000000000000	nan	nan	nan
9.000000000000000	nan	nan	nan
9.000000000000000	nan	nan	nan
9.000000000000000	nan	nan	nan
9.000000000000000	nan	nan	nan
9.000000000000000	nan	nan	nan
9.000000000000000	nan	nan	nan
9.000000000000000	nan	nan	nan
9.000000000000000	nan	nan	nan
9.000000000000000	nan	nan	nan
9.000000000000000	nan	nan	nan


10.000000000000000	-0.113918774189970	0.676171493164629	-0.069134616448539
10.000000000000000	-0.162251793335456	0.666198725612919	-0.071291220196235
10.000000000000000	-0.209868206041273	0.653167834135754	-0.073122358812051
10.000000000000000	-0.256576277819371	0.637131289533942	-0.074620658947070
10.000000000000000	-0.302187931750022	0.618153665312595	-0.075780087475464
10.000000000000000	-0.346519505801196	0.596311377666418	-0.076595975787764
10.000000000000000	-0.389392492370742	0.571692377778663	-0.077065038589696
10.000000000000000	-0.430634257073498	0.544395797672756	-0.077185387130912
10.000000000000000	-0.470078733879030	0.514531551042624	-0.076956536810311
10.000000000000000	-0.507567093800925	0.482219890669050	-0.076379409127364
10.000000000000000	-0.542948384445059	0.447590924204156	-0.075456327971556
10.000000000000000	-0.576080137841615	0.410784090273819	-0.074191010264906
10.000000000000000	-0.606828944113312	0.371947597007535	-0.072588550995232
10.000000000000000	-0.635070988669891	0.331237825256588	-0.070655402700436
10.000000000000000	-0.660692550765779	0.288818698903558	-0.068399349486408
10.000000000000000	-0.683590461413384	0.244861024798704	-0.065829475683181
10.000000000000000	-0.703672518808205	0.199541804981059	-0.062956129265539
10.000000000000000	-0.720857859592949	0.153043523953691	-0.059790880185377
10.000000000000000	-0.735077284465736	0.105553413883020	-0.056346473783586
10.000000000000000	-0.746273536821259	0.057262700680961	-0.052636779469063
10.000000000000000	-0.754401533302930	0.008365834005674	-0.048676734871501
10.000000000000000	-0.759428545337645	-0.040940295718586	-0.044482285692819
10.000000000000000	-0.761334330922191	-0.090457150109709	-0.040070321499457
10.000000000000000	-0.760111216130654	-0.139985342271729	-0.035458607714045
10.000000000000000	-0.755764126014610	-0.189325439655474	-0.030665714080322
10.000000000000000	-0.748310564771677	-0.238278767103061	-0.025710939889329
10.000000000000000	-0.737780545262292	-0.286648206842631	-0.020614236267976
10.000000000000000	-0.724216468158516	-0.334238992212043	-0.015396125842896
10.000000000000000	-0.707672951211488	-0.380859491915488	-0.010077620103072
10.000000000000000	-0.688216609325023	-0.426321981655073	-0.004680134793985
10.000000000000000	-0.665925786320904	-0.470443400030321	0.000774596316034
10.000000000000000	-0.640890239475960	-0.513046085661813	0.006264608950019
10.000000000000000	-0.613210778101196	-0.553958492570864	0.011767796764759
10.000000000000000	-0.582998857618275	-0.593015880934631	0.017262000365239
10.000000000000000	-0.550376130767872	-0.630060980435234	0.022725096532705
10.000000000000000	-0.515473957757026	-0.664944623531822	0.028135087307057
10.000000000000000	-0.478432877317947	-0.697526346105608	0.033470188564868
10.000000000000000	-0.439402040808145	-0.727674953059305	0.038708917736365
10.000000000000000	-0.398538611630554	-0.755269046593472	0.043830180308150
10.000000000000000	-0.356007132391979	-0.780197515032612	0.048813354763365
10.000000000000000	-0.311978862348094	-0.802359980232667	0.053638375617258
10.000000000000000	-0.266631087802862	-0.821667201768380	0.058285814213813
10.000000000000000	-0.220146408239162	-0.838041436272991	0.062736956958085
10.000000000000000	-0.172712001055119	-0.851416750483334	0.066973880669247
10.000000000000000	-0.124518867866785	-0.861739286729817	0.070979524750908
10.000000000000000	-0.075761065412043	-0.868967479802251	0.074737759888121
10.000000000000000	-0.026634924152616	-0.873072224318279	0.078233452994432
10.000000000000000	0.022661742279410	-0.874036991920479	0.081452528147485
10.000000000000000	0.071930433607265	-0.871857897830224	0.084382023267793
10.000000000000000	0.120972762200048	-0.866543716490320	0.087010142312451
10.000000000000000	0.169591251909701	-0.858115846233415	0.089326302773647
10.000000000000000	0.217590133237756	-0.846608223118469	0.091321178290677
10.000000000000000	0.264776131630011	-0.832067184282222	0.092986736203912
10.000000000000000	0.310959245724944	-0.814551281355898	0.094316269899485
10.000000000000000	0.355953512422139	-0.794131044698454	0.095304425814454
10.000000000000000	0.399577755690050	-0.770888699395713	0.095947224993712
10.000000000000000	0.441656316097943	-0.744917834168968	0.096242079111838
10.000000000000000	0.482019758134421	-0.716323024526233	0.096187800895364
10.000000000000000	0.520505552464429	-0.685219411673579	0.095784608903511
10.000000000000000	0.556958730377521	-0.651732238882137	0.095034126648126
10.000000000000000	0.591232507792163	-0.615996347177649	0.093939376056373
10.000000000000000	0.623188876303421	-0.578155632383250	0.092504765302500
10.000000000000000	0.652699158894104	-0.538362465701771	0.090736071057675
10.000000000000000	0.679644528071688	-0.496777080170689	0.088640415229374
10.000000000000000	0.703916484344695	-0.453566925460235	0.086226236283968
10.000000000000000	0.725417293111850	-0.408905993612673	0.083503255268001
10.000000000000000	0.744060378204823	-0.362974118437754	0.080482436664964
10.000000000000000	0.759770670499907	-0.315956251385441	0.077175944245194
10.000000000000000	0.772484910194878	-0.268041716811689	0.073597092086658
10.000000000000000	0.782151901533897	-0.219423449636090	0.069760290963866
10.000000000000000	0.788732718954745	-0.170297218461045	0.065680990320764
10.000000000000000	0.792200863828328	-0.120860837280701	0.061375616061278
10.000000000000000	0.792542371159300	-0.071313368953807	0.056861504407996
10.000000000000000	0.789755865818171	-0.021854323647845	0.052156832095318
10.000000000000000	0.783852568078471	0.027317144518000	0.047280543178163
10.000000000000000	0.774856248436665	0.076003039396186	0.042252272750943
10.000000000000000	0.762803131896757	0.124007320071422	0.037092267883974
10.000000000000000	0.747741752104979	0.171136690248242	0.031821306095662
10.000000000000000	0.729732755921933	0.217201376586961	0.026460611688776
10.000000000000000	0.708848659219085	0.262015892853936	0.021031770287669
10.000000000000000	0.685173554882947	0.305399786809164	0.015556641920587
10.000000000000000	0.658802774202698	0.347178366823764	0.010057272997053
10.000000000000000	0.629842503004736	0.387183405301506	0.004555807534752
10.000000000000000	0.598409354079827	0.425253816071968	-0.000925602006605
10.000000000000000	0.564629897624559	0.461236303027693	-0.006364883925426
10.000000000000000	0.528640151587826	0.494985977393505	-0.011740136153184
10.000000000000000	0.490585033974565	0.526366941142469	-0.017029714446320
10.000000000000000	0.450617779312085	0.555252834209284	-0.022212319539970
10.000000000000000	0.408899321628720	0.581527343297666	-0.027267082912591
10.000000000000000	0.365597646429289	0.605084670232941	-0.032173650816129
10.000000000000000	0.320887114276767	0.625829957973951	-0.036912266233378
10.000000000000000	0.274947758703826	0.643679672568884	-0.041463848432518
10.000000000000000	0.227964561281350	0.658561939517011	-0.045810069798486
10.000000000000000	0.180126706762932	0.670416833181937	-0.049933429631812
10.000000000000000	0.131626821304645	0.679196618090982	-0.053817324617763
10.000000000000000	0.082660196827498	0.684865941149088	-0.057446115682025
10.000000000000000	0.033424004645794	0.687401973993254	-0.060805190963744
10.000000000000000	-0.015883498472157	0.686794504914292	-0.063881024652323
10.000000000000000	-0.065063768614075	0.683045979975781	-0.066661231451095
10.000000000000000	-0.113918774189970	0.676171493164629	-0.069134616448539


11.000000000000000	nan	nan	nan
11.000000000000000	nan	nan	nan
11.000000000000000	nan	nan	nan
11.000000000000000	nan	nan	nan
11.000000000000000	nan	nan	nan
11.000000000000000	nan	nan	nan
11.000000000000000	nan	nan	nan
11.000000000000000	nan	nan	nan
11.000000000000000	nan	nan	nan
11.000000000000000	nan	nan	nan
11.000000000000000	nan	nan	nan
11.000000000000000	nan	nan	nan
11.000000000000000	nan	nan	nan
11.000000000000000	nan	nan	nan
11.000000000000000	nan	nan	nan
11.000000000000000	nan	nan	nan
11.000000000000000	nan	nan	nan
11.000000000000000	nan	nan	nan
11.000000000000000	nan	nan	nan
11.000000000000000	nan	nan	nan
11.000000000000000	nan	nan	nan
11.000000000000000	nan	nan	nan
11.000000000000000	nan	nan	nan
11.000000000000000	nan	nan	nan
11.000000000000000	nan	nan	nan
11.000000000000000	nan	nan	nan
11.000000000000000	nan	nan	nan
11.000000000000000	nan	nan	nan
11.000000000000000	nan	nan	nan
11.000000000000000	nan	nan	nan
11.000000000000000	nan	nan	nan
11.000000000000000	nan	nan	nan
11.000000000000000	nan	nan	nan
11.000000000000000	nan	nan	nan
11.000000000000000	nan	nan	nan
11.000000000000000	nan	nan	nan
11.000000000000000	nan	nan	nan
11.000000000000000	nan	nan	nan
11.000000000000000	nan	nan	nan
11.000000000000000	nan	nan	nan
11.000000000000000	nan	nan	nan
11.000000000000000	nan	nan	nan
11.000000000000000	nan	nan	nan
11.000000000000000	nan	nan	nan
11.000000000000000	nan	nan	nan
11.000000000000000	nan	nan	nan
11.000000000000000	nan	nan	nan
11.000000000000000	nan	nan	nan
11.000000000000000	nan	nan	nan
11.000000000000000	nan	nan	nan
11.000000000000000	nan	nan	nan
11.000000000000000	nan	nan	nan
11.000000000000000	nan	nan	nan
11.000000000000000	nan	nan	nan
11.000000000000000	nan	nan	nan
11.000000000000000	nan	nan	nan
11.000000000000000	nan	nan	nan
11.000000000000000	nan	nan	nan
11.000000000000000	nan	nan	nan
11.000000000000000	nan	nan	nan
11.000000000000000	nan	nan	nan
11.000000000000000	nan	nan	nan
11.000000000000000	nan	nan	nan
11.000000000000000	nan	nan	nan
11.000000000000000	nan	nan	nan
11.000000000000000	nan	nan	nan
11.000000000000000	nan	nan	nan
11.000000000000000	nan	nan	nan
11.000000000000000	nan	nan	nan
11.000000000000000	nan	nan	nan
11.000000000000000	nan	nan	nan
11.000000000000000	nan	nan	nan
11.000000000000000	nan	nan	nan
11.000000000000000	nan	nan	nan
11.000000000000000	nan	nan	nan
11.000000000000000	nan	nan	nan
11.000000000000000	nan	nan	nan
11.000000000000000	nan	nan	nan
11.000000000000000	nan	nan	nan
11.000000000000000	nan	nan	nan
11.000000000000000	nan	nan	nan
11.000000000000000	nan	nan	nan
11.000000000000000	nan	nan	nan
11.000000000000000	nan	nan	nan
11.000000000000000	nan	nan	nan
11.000000000000000	nan	nan	nan
11.000000000000000	nan	nan	nan
11.000000000000000	nan	nan	nan
11.000000000000000	nan	nan	nan
11.000000000000000	nan	nan	nan
11.000000000000000	nan	nan	nan
11.000000000000000	nan	nan	nan
11.000000000000000	nan	nan	nan
11.000000000000000	nan	nan	nan
11.000000000000000	nan	nan	nan
11.000000000000000	nan	nan	nan
11.000000000000000	nan	nan	nan
11.000000000000000	nan	nan	nan
11.000000000000000	nan	nan	nan
11.000000000000000	nan	nan	nan


12.000000000000000	nan	nan	nan
12.000000000000000	nan	nan	nan
12.000000000000000	nan	nan	nan
12.000000000000000	nan	nan	nan
12.000000000000000	nan	nan	nan
12.000000000000000	nan	nan	nan
12.000000000000000	nan	nan	nan
12.000000000000000	nan	nan	nan
12.000000000000000	nan	nan	nan
12.000000000000000	nan	nan	nan
12.000000000000000	nan	nan	nan
12.000000000000000	nan	nan	nan
12.000000000000000	nan	nan	nan
12.000000000000000	nan	nan	nan
12.000000000000000	nan	nan	nan
12.000000000000000	nan	nan	nan
12.000000000000000	nan	nan	nan
12.000000000000000	nan	nan	nan
12.000000000000000	nan	nan	nan
12.000000000000000	nan	nan	nan
12.000000000000000	nan	nan	nan
12.000000000000000	nan	nan	nan
12.000000000000000	nan	nan	nan
12.000000000000000	nan	nan	nan
12.000000000000000	nan	nan	nan
12.000000000000000	nan	nan	nan
12.000000000000000	nan	nan	nan
12.000000000000000	nan	nan	nan
12.000000000000000	nan	nan	nan
12.000000000000000	nan	nan	nan
12.000000000000000	nan	nan	nan
12.000000000000000	nan	nan	nan
12.000000000000000	nan	nan	nan
12.000000000000000	nan	nan	nan
12.000000000000000	nan	nan	nan
12.000000000000000	nan	nan	nan
12.000000000000000	nan	nan	nan
12.000000000000000	nan	nan	nan
12.000000000000000	nan	nan	nan
12.000000000000000	nan	nan	nan
12.000000000000000	nan	nan	nan
12.000000000000000	nan	nan	nan
12.000000000000000	nan	nan	nan
12.000000000000000	nan	nan	nan
12.000000000000000	nan	nan	nan
12.000000000000000	nan	nan	nan
12.000000000000000	nan	nan	nan
12.000000000000000	nan	nan	nan
12.000000000000000	nan	nan	nan
12.000000000000000	nan	nan	nan
12.000000000000000	nan	nan	nan
12.000000000000000	nan	nan	nan
12.000000000000000	nan	nan	nan
12.000000000000000	nan	nan	nan
12.000000000000000	nan	nan	nan
12.000000000000000	nan	nan	nan
12.000000000000000	nan	nan	nan
12.000000000000000	nan	nan	nan
12.000000000000000	nan	nan	nan
12.000000000000000	nan	nan	nan
12.000000000000000	nan	nan	nan
12.000000000000000	nan	nan	nan
12.000000000000000	nan	nan	nan
12.000000000000000	nan	nan	nan
12.000000000000000	nan	nan	nan
12.000000000000000	nan	nan	nan
12.000000000000000	nan	nan	nan
12.000000000000000	nan	nan	nan
12.000000000000000	nan	nan	nan
12.000000000000000	nan	nan	nan
12.000000000000000	nan	nan	nan
12.000000000000000	nan	nan	nan
12.000000000000000	nan	nan	nan
12.000000000000000	nan	nan	nan
12.000000000000000	nan	nan	nan
12.000000000000000	nan	nan	nan
12.000000000000000	nan	nan	nan
12.000000000000000	nan	nan	nan
12.000000000000000	nan	nan	nan
12.000000000000000	nan	nan	nan
12.000000000000000	nan	nan	nan
12.000000000000000	nan	nan	nan
12.000000000000000	nan	nan	nan
12.000000000000000	nan	nan	nan
12.000000000000000	nan	nan	nan
12.000000000000000	nan	nan	nan
12.000000000000000	nan	nan	nan
12.000000000000000	nan	nan	nan
12.000000000000000	nan	nan	nan
12.000000000000000	nan	nan	nan
12.000000000000000	nan	nan	nan
12.000000000000000	nan	nan	nan
12.000000000000000	nan	nan	nan
12.000000000000000	nan	nan	nan
12.000000000000000	nan	nan	nan
12.000000000000000	nan	nan	nan
12.000000000000000	nan	nan	nan
12.000000000000000	nan	nan	nan
12.000000000000000	nan	nan	nan
12.000000000000000	nan	nan	nan


13.000000000000000	-0.395150202762567	-0.369365485198346	-0.008550405969019
13.000000000000000	-0.369308473037308	-0.395293431381548	-0.009110467272410
13.000000000000000	-0.341870315908013	-0.419527453480065	-0.009631477729200
13.000000000000000	-0.312946215149315	-0.441969969640152	-0.010111339414169
13.000000000000000	-0.282652637906389	-0.462530611770179	-0.010548120093674
13.000000000000000	-0.251111565722861	-0.481126589421039	-0.010940061006078
13.000000000000000	-0.218450003364191	-0.497683023154067	-0.011285583943660
13.000000000000000	-0.184799467414302	-0.512133246054109	-0.011583297607501
13.000000000000000	-0.150295456704717	-0.524419072173663	-0.011832003209753
13.000000000000000	-0.115076906708587	-0.534491030827153	-0.012030699300733
13.000000000000000	-0.079285630096581	-0.542308565791914	-0.012178585801414
13.000000000000000	-0.043065745707305	-0.547840198613794	-0.012275067225051
13.000000000000000	-0.006563098231614	-0.551063655359775	-0.012319755075004
13.000000000000000	0.030075329052491	-0.551965956307240	-0.012312469409074
13.000000000000000	0.066702006129640	-0.550543468208735	-0.012253239564067
13.000000000000000	0.103169450298402	-0.546801918921774	-0.012142304037662
13.000000000000000	0.139330820032066	-0.540756374344779	-0.011980109528072
13.000000000000000	0.175040506257644	-0.532431177752024	-0.011767309135341
13.000000000000000	0.210154718672218	-0.521859851771863	-0.011504759731543
13.000000000000000	0.244532064735736	-0.509084963402934	-0.011193518510462
13.000000000000000	0.278034119008872	-0.494157952611881	-0.010834838730646
13.000000000000000	0.310525980543407	-0.477138925202764	-0.010430164668973
13.000000000000000	0.341876816080743	-0.458096410792201	-0.009981125805063
13.000000000000000	0.371960386871253	-0.437107086864785	-0.009489530259936
13.000000000000000	0.400655556993172	-0.414255470019921	-0.008957357515345
13.000000000000000	0.427846781124201	-0.389633575653308	-0.008386750443107
13.000000000000000	0.453424569801738	-0.363340547443416	-0.007780006676509
13.000000000000000	0.477285930298298	-0.335482258134886	-0.007139569358553
13.000000000000000	0.499334781336881	-0.306170883226354	-0.006468017304279
13.000000000000000	0.519482339976360	-0.275524449279308	-0.005768054616791
13.000000000000000	0.537647479109047	-0.243666358666787	-0.005042499798783
13.000000000000000	0.553757054130929	-0.210724892675571	-0.004294274403428
13.000000000000000	0.567746197469167	-0.176832694962723	-0.003526391270310
13.000000000000000	0.579558579780918	-0.142126237446392	-0.002741942393788
13.000000000000000	0.589146636771720	-0.106745270781569	-0.001944086472620
13.000000000000000	0.596471760720115	-0.070832261633520	-0.001136036191004
13.000000000000000	0.601504455937321	-0.034531819014813	-0.000321045282227
13.000000000000000	0.604224457535955	0.002009888004142	0.000497604572968
13.000000000000000	0.604620813029589	0.038645718866348	0.001316616960550
13.000000000000000	0.602691926434541	0.075228154011310	0.002132694006701
13.000000000000000	0.598445564696339	0.111609888884243	0.002942549657185
13.000000000000000	0.591898826414977	0.147644427079520	0.003742922909131
13.000000000000000	0.583078072994884	0.183186670229994	0.004530590941940
13.000000000000000	0.572018822496852	0.218093502266911	0.005302382094447
13.000000000000000	0.558765606619343	0.252224365697808	0.006055188636078
13.000000000000000	0.543371791385057	0.285441827581924	0.006785979280590
13.000000000000000	0.525899362254790	0.317612132924147	0.007491811391986
13.000000000000000	0.506418674533864	0.348605743259174	0.008169842833470
13.000000000000000	0.485008170076146	0.378297858257187	0.008817343411736
13.000000000000000	0.461754061426381	0.406568918250736	0.009431705870486
13.000000000000000	0.436749984672710	0.433305085659322	0.010010456388935
13.000000000000000	0.410096622407187	0.458398703373152	0.010551264543010
13.000000000000000	0.381901298312517	0.481748728250332	0.011051952689151
13.000000000000000	0.352277545007465	0.503261137981924	0.011510504732907
13.000000000000000	0.321344646891071	0.522849309686612	0.011925074247041
13.000000000000000	0.289227159826477	0.540434368710463	0.012293991906440
13.000000000000000	0.256054409598424	0.555945506227327	0.012615772209896
13.000000000000000	0.221959971163966	0.569320264360980	0.012889119461698
13.000000000000000	0.187081130793258	0.580504787680958	0.013112932988939
13.000000000000000	0.151558333266205	0.589454040059358	0.013286311573539
13.000000000000000	0.115534616350897	0.596131986015435	0.013408557081129
13.000000000000000	0.079155034841005	0.600511735817763	0.013479177272197
13.000000000000000	0.042566076471325	0.602575653759695	0.013497887784159
13.000000000000000	0.005915072063365	0.602315429172124	0.013464613276386
13.000000000000000	-0.030650397723867	0.599732109887620	0.013379487733577
13.000000000000000	-0.066983096649093	0.594836098021176	0.013242853926249
13.000000000000000	-0.102936725757141	0.587647108084560	0.013055262030519
13.000000000000000	-0.138366512473202	0.578194087602939	0.012817467412743
13.000000000000000	-0.173129793550892	0.566515100553407	0.012530427587917
13.000000000000000	-0.207086589526795	0.552657174094788	0.012195298364109
13.000000000000000	-0.240100168368357	0.536676109205859	0.011813429188419
13.000000000000000	-0.272037596045518	0.518636255994514	0.011386357713241
13.000000000000000	-0.302770271809139	0.498610254582579	0.010915803604672
13.000000000000000	-0.332174446020827	0.476678742609688	0.010403661618029
13.000000000000000	-0.360131718449051	0.452930030533966	0.009851993968334
13.000000000000000	-0.386529515025087	0.427459746036981	0.009263022026506
13.000000000000000	-0.411261541139061	0.400370448964825	0.008639117374680
13.000000000000000	-0.434228209650828	0.371771218355809	0.007982792256685
13.000000000000000	-0.455337041892233	0.341777213217674	0.007296689462126
13.000000000000000	-0.474503040046071	0.310509208822915	0.006583571684802
13.000000000000000	-0.491649029402294	0.278093110389383	0.005846310398310
13.000000000000000	-0.506705969113338	0.244659446104408	0.005087874293639
13.000000000000000	-0.519613230197237	0.210342841533865	0.004311317325299
13.000000000000000	-0.530318839669145	0.175281477532525	0.003519766414119
13.000000000000000	-0.538779689818195	0.139616533838534	0.002716408856245
13.000000000000000	-0.544961711787043	0.103491620592425	0.001904479489024
13.000000000000000	-0.548840012755126	0.067052200069779	0.001087247665452
13.000000000000000	-0.550398976173268	0.030445000955975	0.000268004089645
13.000000000000000	-0.549632324646010	-0.006182572478440	-0.000549952433664
13.000000000000000	-0.546543145208467	-0.042683033922720	-0.001363328282247
13.000000000000000	-0.541143876895928	-0.078909408901237	-0.002168848278640
13.000000000000000	-0.533456260656250	-0.114715826587827	-0.002963268878119
13.000000000000000	-0.523511251806733	-0.149958107176119	-0.003743391229317
13.000000000000000	-0.511348895387985	-0.184494342440726	-0.004506074054863
13.000000000000000	-0.497018164916677	-0.218185467151587	-0.005248246300205
13.000000000000000	-0.480576765186475	-0.250895819040564	-0.005966919499655
13.000000000000000	-0.462090899911202	-0.282493685065515	-0.006659199809890
13.000000000000000	-0.441635005145852	-0.312851831772227	-0.007322299662437
13.000000000000000	-0.419291449558863	-0.341848017618630	-0.007953548988226
13.000000000000000	-0.395150202762567	-0.369365485198346	-0.008550405969019


14.000000000000000	-0.993709522405051	-0.544575382756516	0.089081825017540
14.000000000000000	-0.951314448282335	-0.617363180185800	0.082395852662224
14.000000000000000	-0.904343585029577	-0.687256697541079	0.075311298933065
14.000000000000000	-0.852986067735022	-0.753974498296443	0.067856690827481
14.000000000000000	-0.797448694994499	-0.817247933415883	0.060062045421257
14.000000000000000	-0.737955096206465	-0.876822223108138	0.051958749000372
14.000000000000000	-0.674744831095345	-0.932457482734992	0.043579430679504
14.000000000000000	-0.608072425089071	-0.983929688742044	0.034957831016103
14.000000000000000	-0.538206344435022	-1.031031580722500	0.026128666149075
14.000000000000000	-0.465427915181192	-1.073573495981673	0.017127488009139
14.000000000000000	-0.390030190375493	-1.111384133241718	0.007990541163757
14.000000000000000	-0.312316770044563	-1.144311242411418	-0.001245383126956
14.000000000000000	-0.232600578703604	-1.172222237643564	-0.010543095055640
14.000000000000000	-0.151202605319815	-1.195004731211370	-0.019865156017930
14.000000000000000	-0.068450610803104	-1.212566986054175	-0.029174029364494
14.000000000000000	0.015322191771410	-1.224838285170217	-0.038432231547873
14.000000000000000	0.099778478894848	-1.231769216369034	-0.047602483055500
14.000000000000000	0.184578174907286	-1.233331871236917	-0.056647858521137
14.000000000000000	0.269379821362405	-1.229519957514242	-0.065531935410293
14.000000000000000	0.353841951960142	-1.220348824432181	-0.074218940680915
14.000000000000000	0.437624467510964	-1.205855400906759	-0.082673894828801
14.000000000000000	0.520390005395264	-1.186098046839150	-0.090862752737723
14.000000000000000	0.601805298003564	-1.161156318120949	-0.098752540767087
14.000000000000000	0.681542514687548	-1.131130646290677	-0.106311489525151
14.000000000000000	0.759280581818387	-1.096141934131421	-0.113509161793149
14.000000000000000	0.834706475636908	-1.056331068837997	-0.120316575085232
14.000000000000000	0.907516482689805	-1.011858354713946	-0.126706318350707
14.000000000000000	0.977417422776513	-0.962902867682679	-0.132652662348664
14.000000000000000	1.044127829482405	-0.909661734211935	-0.138131663250548
14.000000000000000	1.107379083544699	-0.852349337555075	-0.143121259053507
14.000000000000000	1.166916494487422	-0.791196454505383	-0.147601358416288
14.000000000000000	1.222500326170065	-0.726449326139371	-0.151553921559982
14.000000000000000	1.273906762120410	-0.658368666290874	-0.154963032907840
14.000000000000000	1.320928806764466	-0.587228611748457	-0.157814965171690
14.000000000000000	1.363377118924588	-0.513315618403322	-0.160098234626876
14.000000000000000	1.401080774229576	-0.436927307792541	-0.161803647353169
14.000000000000000	1.433887953366786	-0.358371268682166	-0.162924336255435
14.000000000000000	1.461666553404922	-0.277963818515828	-0.163455788715004
14.000000000000000	1.484304719725915	-0.196028729716039	-0.163395864760395
14.000000000000000	1.501711296423989	-0.112895925966917	-0.162744805684222
14.000000000000000	1.513816193358324	-0.028900153727956	-0.161505233071598
14.000000000000000	1.520570668381314	0.055620365671825	-0.159682138243936
14.000000000000000	1.521947523605991	0.140325297931791	-0.157282862160656
14.000000000000000	1.517941214922317	0.224873566185812	-0.154317065859735
14.000000000000000	1.508567874321360	0.308924724398411	-0.150796691556119
14.000000000000000	1.493865244937458	0.392140328220799	-0.146735914554633
14.000000000000000	1.473892529069939	0.474185297786813	-0.142151086171037
14.000000000000000	1.448730149796355	0.554729266961271	-0.137060667891046
14.000000000000000	1.418479427137136	0.633447913607799	-0.131485157032440
14.000000000000000	1.383262170075627	0.710024265519607	-0.125447004209606
14.000000000000000	1.343220186076302	0.784149976754693	-0.118970522932834
14.000000000000000	1.298514710076160	0.855526569236122	-0.112081791706390
14.000000000000000	1.249325755248532	0.923866634617893	-0.104808549019589
14.000000000000000	1.195851388153574	0.988894991576915	-0.097180081653685
14.000000000000000	1.138306931194135	1.050349793871068	-0.089227106754341
14.000000000000000	1.076924095588430	1.107983584701602	-0.080981648144523
14.000000000000000	1.011950048350756	1.161564293134330	-0.072476907375869
14.000000000000000	0.943646417037154	1.210876168567370	-0.063747130037761
14.000000000000000	0.872288236263581	1.255720649482673	-0.054827467862417
14.000000000000000	0.798162840238589	1.295917162983173	-0.045753837181280
14.000000000000000	0.721568705769873	1.331303851896113	-0.036562774302619
14.000000000000000	0.642814250403516	1.361738226514751	-0.027291288392720
14.000000000000000	0.562216590535384	1.387097738354121	-0.017976712453029
14.000000000000000	0.480100264495325	1.407280273610528	-0.008656552993332
14.000000000000000	0.396795925745855	1.422204564337794	0.000631660993718
14.000000000000000	0.312639011457373	1.431810515684595	0.009850529148612
14.000000000000000	0.227968391821057	1.436059447875220	0.018962930343033
14.000000000000000	0.143125005538219	1.434934251959370	0.027932172153536
14.000000000000000	0.058450486980473	1.428439458703868	0.036722138608988
14.000000000000000	-0.025714209451292	1.416601220348856	0.045297435616837
14.000000000000000	-0.109030182229951	1.399467205301959	0.053623533482630
14.000000000000000	-0.191161947338977	1.377106406194425	0.061666905948906
14.000000000000000	-0.271778789148172	1.349608862072157	0.069395165193602
14.000000000000000	-0.350556092088780	1.317085295840247	0.076777192244379
14.000000000000000	-0.427176647765821	1.279666668420922	0.083783262283745
14.000000000000000	-0.501331932244327	1.237503651420128	0.090385164340400
14.000000000000000	-0.572723348366352	1.190766020426153	0.096556314884862
14.000000000000000	-0.641063428096326	1.139641971383255	0.102271864871958
14.000000000000000	-0.706076990053383	1.084337362793013	0.107508799799157
14.000000000000000	-0.767502247569652	1.025074886794804	0.112246032377851
14.000000000000000	-0.825091862812779	0.962093172463152	0.116464487444423
14.000000000000000	-0.878613942728074	0.895645824932666	0.120147178769197
14.000000000000000	-0.927852972790004	0.826000404219675	0.123279277453990
14.000000000000000	-0.972610684803117	0.753437347852471	0.125848171642855
14.000000000000000	-1.012706855258092	0.678248841648369	0.127843517305566
14.000000000000000	-1.047980031028202	0.600737643184535	0.129257279889387
14.000000000000000	-1.078288179484067	0.521215862700091	0.130083766671370
14.000000000000000	-1.103509260408927	0.440003706338329	0.130319649680948
14.000000000000000	-1.123541717411522	0.357428186789595	0.129963979100494
14.000000000000000	-1.138304886857833	0.273821806526595	0.129018187089904
14.000000000000000	-1.147739322675068	0.189521218934298	0.127486082019794
14.000000000000000	-1.151807035720017	0.104865872725572	0.125373833136533
14.000000000000000	-1.150491646747921	0.020196645101022	0.122689945720871
14.000000000000000	-1.143798452365914	-0.064145530843187	0.119445226840167
14.000000000000000	-1.131754403705449	-0.147821038932568	0.115652741832152
14.000000000000000	-1.114407997899611	-0.230492947428798	0.111327761695419
14.000000000000000	-1.091829082802274	-0.311828365734898	0.106487701598504
14.000000000000000	-1.064108575735448	-0.391499784828175	0.101152050755148
14.000000000000000	-1.031358097397310	-0.469186396023474	0.095342293948112
14.000000000000000	-0.993709522405051	-0.544575382756516	0.089081825017540


15.000000000000000	nan	nan	nan
15.000000000000000	nan	nan	nan
15.000000000000000	nan	nan	nan
15.000000000000000	nan	nan	nan
15.000000000000000	nan	nan	nan
15.000000000000000	nan	nan	nan
15.000000000000000	nan	nan	nan
15.000000000000000	nan	nan	nan
15.000000000000000	nan	nan	nan
15.000000000000000	nan	nan	nan
15.000000000000000	nan	nan	nan
15.000000000000000	nan	nan	nan
15.000000000000000	nan	nan	nan
15.000000000000000	nan	nan	nan
15.000000000000000	nan	nan	nan
15.000000000000000	nan	nan	nan
15.000000000000000	nan	nan	nan
15.000000000000000	nan	nan	nan
15.000000000000000	nan	nan	nan
15.000000000000000	nan	nan	nan
15.000000000000000	nan	nan	nan
15.000000000000000	nan	nan	nan
15.000000000000000	nan	nan	nan
15.000000000000000	nan	nan	nan
15.000000000000000	nan	nan	nan
15.000000000000000	nan	nan	nan
15.000000000000000	nan	nan	nan
15.000000000000000	nan	nan	nan
15.000000000000000	nan	nan	nan
15.000000000000000	nan	nan	nan
15.000000000000000	nan	nan	nan
15.000000000000000	nan	nan	nan
15.000000000000000	nan	nan	nan
15.000000000000000	nan	nan	nan
15.000000000000000	nan	nan	nan
15.000000000000000	nan	nan	nan
15.000000000000000	nan	nan	nan
15.000000000000000	nan	nan	nan
15.000000000000000	nan	nan	nan
15.000000000000000	nan	nan	nan
15.000000000000000	nan	nan	nan
15.000000000000000	nan	nan	nan
15.000000000000000	nan	nan	nan
15.000000000000000	nan	nan	nan
15.000000000000000	nan	nan	nan
15.000000000000000	nan	nan	nan
15.000000000000000	nan	nan	nan
15.000000000000000	nan	nan	nan
15.000000000000000	nan	nan	nan
15.000000000000000	nan	nan	nan
15.000000000000000	nan	nan	nan
15.000000000000000	nan	nan	nan
15.000000000000000	nan	nan	nan
15.000000000000000	nan	nan	nan
15.000000000000000	nan	nan	nan
15.000000000000000	nan	nan	nan
15.000000000000000	nan	nan	nan
15.000000000000000	nan	nan	nan
15.000000000000000	nan	nan	nan
15.000000000000000	nan	nan	nan
15.000000000000000	nan	nan	nan
15.000000000000000	nan	nan	nan
15.000000000000000	nan	nan	nan
15.000000000000000	nan	nan	nan
15.000000000000000	nan	nan	nan
15.000000000000000	nan	nan	nan
15.000000000000000	nan	nan	nan
15.000000000000000	nan	nan	nan
15.000000000000000	nan	nan	nan
15.000000000000000	nan	nan	nan
15.000000000000000	nan	nan	nan
15.000000000000000	nan	nan	nan
15.000000000000000	nan	nan	nan
15.000000000000000	nan	nan	nan
15.000000000000000	nan	nan	nan
15.000000000000000	nan	nan	nan
15.000000000000000	nan	nan	nan
15.000000000000000	nan	nan	nan
15.000000000000000	nan	nan	nan
15.000000000000000	nan	nan	nan
15.000000000000000	nan	nan	nan
15.000000000000000	nan	nan	nan
15.000000000000000	nan	nan	nan
15.000000000000000	nan	nan	nan
15.000000000000000	nan	nan	nan
15.000000000000000	nan	nan	nan
15.000000000000000	nan	nan	nan
15.000000000000000	nan	nan	nan
15.000000000000000	nan	nan	nan
15.000000000000000	nan	nan	nan
15.000000000000000	nan	nan	nan
15.000000000000000	nan	nan	nan
15.000000000000000	nan	nan	nan
15.000000000000000	nan	nan	nan
15.000000000000000	nan	nan	nan
15.000000000000000	nan	nan	nan
15.000000000000000	nan	nan	nan
15.000000000000000	nan	nan	nan
15.000000000000000	nan	nan	nan
15.000000000000000	nan	nan	nan


16.000000000000000	-0.813592763505080	0.504159641520815	0.003288562162520
16.000000000000000	-0.844856364484854	0.449941149700637	0.002460556150826
16.000000000000000	-0.872616410707472	0.393847934985499	0.001622231612082
16.000000000000000	-0.896761122264528	0.336105864953308	0.000776964183324
16.000000000000000	-0.917193276924309	0.276947446540381	-0.000071842541844
16.000000000000000	-0.933830601611402	0.216610889818070	-0.000920770718321
16.000000000000000	-0.946606103691331	0.155339148804886	-0.001766402011964
16.000000000000000	-0.955468340726254	0.093378943176408	-0.002605331364013
16.000000000000000	-0.960381627615504	0.030979764812235	-0.003434180702064
16.000000000000000	-0.961326180286891	-0.031607126819763	-0.004249612542369
16.000000000000000	-0.958298195360182	-0.094129716396636	-0.005048343428708
16.000000000000000	-0.951309865461967	-0.156336247517118	-0.005827157153710
16.000000000000000	-0.940389330130260	-0.217976236435793	-0.006582917709381
16.000000000000000	-0.925580562506507	-0.278801480672736	-0.007312581914704
16.000000000000000	-0.906943192271265	-0.338567058437295	-0.008013211669456
16.000000000000000	-0.884552265536530	-0.397032314841702	-0.008681985784896
16.000000000000000	-0.858497942661522	-0.453961830933363	-0.009316211343702
16.000000000000000	-0.828885135208750	-0.509126371643896	-0.009913334543394
16.000000000000000	-0.795833083502169	-0.562303808837839	-0.010470950979598
16.000000000000000	-0.759474876488487	-0.613280015744258	-0.010986815327732
16.000000000000000	-0.719956915834944	-0.661849729169676	-0.011458850384138
16.000000000000000	-0.677438326421476	-0.707817376020505	-0.011885155430246
16.000000000000000	-0.632090315600977	-0.750997860806873	-0.012264013886095
16.000000000000000	-0.584095483807725	-0.791217310956827	-0.012593900222402
16.000000000000000	-0.533647089289875	-0.828313776939819	-0.012873486103319
16.000000000000000	-0.480948269926703	-0.862137884380300	-0.013101645735184
16.000000000000000	-0.426211225264065	-0.892553435535617	-0.013277460399686
16.000000000000000	-0.369656362061718	-0.919437957716245	-0.013400222153224
16.000000000000000	-0.311511406793092	-0.942683196440089	-0.013469436677544
16.000000000000000	-0.252010488671154	-0.962195551335069	-0.013484825270186
16.000000000000000	-0.191393196892703	-0.977896453034787	-0.013446325966718
16.000000000000000	-0.129903615897234	-0.989722679549634	-0.013354093790248
16.000000000000000	-0.067789342525053	-0.997626610839428	-0.013208500127197
16.000000000000000	-0.005300489032183	-1.001576420562508	-0.013010131231860
16.000000000000000	0.057311324023411	-1.001556204229179	-0.012759785865765
16.000000000000000	0.119793980969004	-0.997566043243482	-0.012458472081345
16.000000000000000	0.181895886197939	-0.989622004575402	-0.012107403162861
16.000000000000000	0.243366977256342	-0.977756076064858	-0.011707992740942
16.000000000000000	0.303959731756358	-0.962016037617956	-0.011261849100386
16.000000000000000	0.363430164061451	-0.942465268814172	-0.010770768704171
16.000000000000000	0.421538807730446	-0.919182493699158	-0.010236728959729
16.000000000000000	0.478051679764373	-0.892261463790792	-0.009661880256624
16.000000000000000	0.532741222773416	-0.861810580574904	-0.009048537307694
16.000000000000000	0.585387221270212	-0.827952459010756	-0.008399169828520
16.000000000000000	0.635777688399891	-0.790823433803873	-0.007716392592749
16.000000000000000	0.683709719536323	-0.750573010434306	-0.007002954903328
16.000000000000000	0.728990309307434	-0.707363263150827	-0.006261729522030
16.000000000000000	0.771437128759718	-0.661368182355137	-0.005495701101853
16.000000000000000	0.810879259532580	-0.612772974003921	-0.004707954168880
16.000000000000000	0.847157882086253	-0.561773313849835	-0.003901660701982
16.000000000000000	0.880126915212026	-0.508574559524307	-0.003080067360372
16.000000000000000	0.909653604249717	-0.453390923634837	-0.002246482410460
16.000000000000000	0.935619055643833	-0.396444611206431	-0.001404262404632
16.000000000000000	0.957918715685952	-0.337964924940392	-0.000556798665595
16.000000000000000	0.976462791515612	-0.278187341893274	0.000292496369282
16.000000000000000	0.991176612684463	-0.217352565293880	0.001140202888646
16.000000000000000	1.002000931827809	-0.155705555316322	0.001982907477536
16.000000000000000	1.008892163232835	-0.093494542711851	0.002817216862000
16.000000000000000	1.011822558342892	-0.030970029271236	0.003639771572612
16.000000000000000	1.010780317491136	0.031616220857535	0.004447259471868
16.000000000000000	1.005769637413623	0.094012194934620	0.005236429090994
16.000000000000000	0.996810694350539	0.155966646394681	0.006004102722467
16.000000000000000	0.983939562803594	0.217230106528127	0.006747189215519
16.000000000000000	0.967208070276743	0.277555889003555	0.007462696423110
16.000000000000000	0.946683588585116	0.336701083186548	0.008147743250249
16.000000000000000	0.922448762572496	0.394427532255057	0.008799571255146
16.000000000000000	0.894601177329706	0.450502792172875	0.009415555756484
16.000000000000000	0.863252965253886	0.504701067659724	0.009993216402084
16.000000000000000	0.828530354530911	0.556804121389165	0.010530227156408
16.000000000000000	0.790573160859031	0.606602152753276	0.011024425666682
16.000000000000000	0.749534224460410	0.653894642655660	0.011473821969931
16.000000000000000	0.705578794647486	0.698491160931067	0.011876606505852
16.000000000000000	0.658883864422323	0.740212133140468	0.012231157403280
16.000000000000000	0.609637457788251	0.778889563653932	0.012536047010887
16.000000000000000	0.558037872643574	0.814367712109739	0.012790047645833
16.000000000000000	0.504292882305918	0.846503720525849	0.012992136537208
16.000000000000000	0.448618898882413	0.875168188538574	0.013141499944372
16.000000000000000	0.391240101854519	0.900245694452173	0.013237536433603
16.000000000000000	0.332387535386379	0.921635260001281	0.013279859299854
16.000000000000000	0.272298177991515	0.939250756954745	0.013268298123878
16.000000000000000	0.211213988303990	0.953021253923614	0.013202899458453
16.000000000000000	0.149380930796391	0.962891301976805	0.013083926640921
16.000000000000000	0.087047985367712	0.968821157914381	0.012911858732829
16.000000000000000	0.024466144789166	0.970786944299385	0.012687388590910
16.000000000000000	-0.038112595955105	0.968780745603858	0.012411420077203
16.000000000000000	-0.100436254362903	0.962810640081871	0.012085064419509
16.000000000000000	-0.162253875058565	0.952900667241250	0.011709635736878
16.000000000000000	-0.223316540301694	0.939090731044961	0.011286645748108
16.000000000000000	-0.283378372291043	0.921436439231935	0.010817797684594
16.000000000000000	-0.342197523227641	0.900008879404331	0.010304979432010
16.000000000000000	-0.399537149150518	0.874894332782852	0.009750255928464
16.000000000000000	-0.455166363623746	0.846193926782718	0.009155860849716
16.000000000000000	-0.508861167434628	0.814023227809264	0.008524187614963
16.000000000000000	-0.560405350559463	0.778511775912807	0.007857779749374
16.000000000000000	-0.609591362765004	0.739802563176589	0.007159320642221
16.000000000000000	-0.656221149339997	0.698051457938124	0.006431622741811
16.000000000000000	-0.700106948591598	0.653426577162413	0.005677616230752
16.000000000000000	-0.741072047895439	0.606107609494268	0.004900337227143
16.000000000000000	-0.778951495255000	0.556285091715553	0.004102915559195
16.000000000000000	-0.813592763505080	0.504159641520815	0.003288562162520


17.000000000000000	0.456772551222344	-1.297346610263644	0.012514871949337
17.000000000000000	0.541473716518873	-1.264467978697299	0.012313082013053
17.000000000000000	0.623917627220788	-1.226279277732096	0.012059603847828
17.000000000000000	0.703772310797756	-1.182934279788358	0.011755458120771
17.000000000000000	0.780716220623227	-1.134607519874458	0.011401869519377
17.000000000000000	0.854439530729205	-1.081493592795940	0.011000261820148
17.000000000000000	0.924645383366079	-1.023806369590920	0.010552252155544
17.000000000000000	0.991051084343996	-0.961778136346898	0.010059644502361
17.000000000000000	1.053389241342598	-0.895658658866670	0.009524422417757
17.000000000000000	1.111408840605514	-0.825714176949590	0.008948741052162
17.000000000000000	1.164876257684170	-0.752226332337870	0.008334918471254
17.000000000000000	1.213576198160982	-0.675491034644685	0.007685426321919
17.000000000000000	1.257312564563989	-0.595817269830599	0.007002879879810
17.000000000000000	1.295909245982165	-0.513525856026161	0.006290027518548
17.000000000000000	1.329210827201896	-0.428948151710519	0.005549739642995
17.000000000000000	1.357083214509198	-0.342424721447778	0.004784997131147
17.000000000000000	1.379414175637768	-0.254303964553701	0.003998879331187
17.000000000000000	1.396113791688715	-0.164940712214628	0.003194551662040
17.000000000000000	1.407114819202228	-0.074694798707525	0.002375252867347
17.000000000000000	1.412372960923254	0.016070387525646	0.001544281974189
17.000000000000000	1.411867044170911	0.106989367114932	0.000704985009066
17.000000000000000	1.405599106093400	0.197696041418815	-0.000139258475367
17.000000000000000	1.393594385465130	0.287825166674227	-0.000985049008571
17.000000000000000	1.375901221059078	0.377013824704280	-0.001828980890584
17.000000000000000	1.352590857003618	0.464902884261666	-0.002667655905577
17.000000000000000	1.323757155907551	0.551138447123444	-0.003497697005270
17.000000000000000	1.289516220908517	0.635373273114274	-0.004315761907113
17.000000000000000	1.250005928166632	0.717268178320048	-0.005118556552477
17.000000000000000	1.205385371685856	0.796493400861800	-0.005902848370666
17.000000000000000	1.155834222698590	0.872729928730401	-0.006665479295340
17.000000000000000	1.101552006193037	0.945670784335332	-0.007403378480931
17.000000000000000	1.042757297496493	1.015022260595094	-0.008113574667854
17.000000000000000	0.979686842149655	1.080505103591959	-0.008793208146725
17.000000000000000	0.912594602615879	1.141855637028940	-0.009439542273397
17.000000000000000	0.841750735663980	1.198826823961175	-0.010049974488461
17.000000000000000	0.767440504542272	1.251189261526514	-0.010622046796836
17.000000000000000	0.689963130324149	1.298732104669876	-0.011153455665244
17.000000000000000	0.609630587050431	1.341263915141874	-0.011642061297731
17.000000000000000	0.526766345520012	1.378613432353075	-0.012085896251864
17.000000000000000	0.441704070787115	1.410630262979948	-0.012483173360932
17.000000000000000	0.354786278609891	1.437185486545699	-0.012832292930234
17.000000000000000	0.266362956260343	1.458172174537531	-0.013131849178483
17.000000000000000	0.176790153249114	1.473505820970021	-0.013380635898394
17.000000000000000	0.086428547639766	1.483124682660900	-0.013577651313654
17.000000000000000	-0.004358006274476	1.486990027849056	-0.013722102112721
17.000000000000000	-0.095203943083550	1.485086292153667	-0.013813406643210
17.000000000000000	-0.185743458263431	1.477421141246465	-0.013851197254002
17.000000000000000	-0.275611981141850	1.464025439984787	-0.013835321775645
17.000000000000000	-0.364447642895709	1.444953128129684	-0.013765844133088
17.000000000000000	-0.451892733669117	1.420281003149543	-0.013643044088276
17.000000000000000	-0.537595142944733	1.390108410983787	-0.013467416113647
17.000000000000000	-0.621209777368533	1.354556846011839	-0.013239667401068
17.000000000000000	-0.702399950318957	1.313769461838137	-0.012960715014223
17.000000000000000	-0.780838737625099	1.267910494863095	-0.012631682195919
17.000000000000000	-0.856210293974959	1.217164602961086	-0.012253893845185
17.000000000000000	-0.928211124713037	1.161736121928352	-0.011828871182371
17.000000000000000	-0.996551307906196	1.101848242694876	-0.011358325623732
17.000000000000000	-1.060955661756958	1.037742112613277	-0.010844151890156
17.000000000000000	-1.121164852663481	0.969675864443533	-0.010288420377794
17.000000000000000	-1.176936439464444	0.897923576943468	-0.009693368821304
17.000000000000000	-1.228045849664034	0.822774171250320	-0.009061393283284
17.000000000000000	-1.274287283706124	0.744530247497302	-0.008395038506174
17.000000000000000	-1.315474543656453	0.663506866349661	-0.007696987665476
17.000000000000000	-1.351441782955988	0.580030280366582	-0.006970051565552
17.000000000000000	-1.382044174226482	0.494436620297277	-0.006217157321510
17.000000000000000	-1.407158492439213	0.407070541601098	-0.005441336572740
17.000000000000000	-1.426683611098680	0.318283836641638	-0.004645713275578
17.000000000000000	-1.440540909443311	0.228434018143058	-0.003833491124229
17.000000000000000	-1.448674589023518	0.137882879612517	-0.003007940650630
17.000000000000000	-1.451051898382363	0.046995038525418	-0.002172386055164
17.000000000000000	-1.447663264934116	-0.043863531860481	-0.001330191821284
17.000000000000000	-1.438522333509675	-0.134326976150200	-0.000484749167922
17.000000000000000	-1.423665911413651	-0.224031029982093	0.000360537605751
17.000000000000000	-1.403153820214344	-0.312614486791866	0.001202264828235
17.000000000000000	-1.377068654863399	-0.399720652263928	0.002037043161088
17.000000000000000	-1.345515451115086	-0.484998780613497	0.002861511246594
17.000000000000000	-1.308621262584395	-0.568105486916095	0.003672349242763
17.000000000000000	-1.266534649146964	-0.648706129797436	0.004466292191164
17.000000000000000	-1.219425078740897	-0.726476158916133	0.005240143163762
17.000000000000000	-1.167482244979191	-0.801102421813369	0.005990786135816
17.000000000000000	-1.110915303320505	-0.872284424867333	0.006715198533012
17.000000000000000	-1.049952028873947	-0.939735543274972	0.007410463402303
17.000000000000000	-0.984837899229108	-1.003184175188908	0.008073781157451
17.000000000000000	-0.915835106004440	-1.062374835362225	0.008702480851969
17.000000000000000	-0.843221499094154	-1.117069183897378	0.009294030934083
17.000000000000000	-0.767289467864755	-1.167046985956848	0.009846049440396
17.000000000000000	-0.688344763806269	-1.212106998571092	0.010356313587215
17.000000000000000	-0.606705269378899	-1.252067780972966	0.010822768720915
17.000000000000000	-0.522699718012550	-1.286768425195645	0.011243536591305
17.000000000000000	-0.436666370413340	-1.316069203992221	0.011616922914678
17.000000000000000	-0.348951652507118	-1.339852133468007	0.011941424196095
17.000000000000000	-0.259908760504528	-1.358021448160042	0.012215733783426
17.000000000000000	-0.169896238704531	-1.370503986650807	0.012438747128779
17.000000000000000	-0.079276535763056	-1.377249486163434	0.012609566236123
17.000000000000000	0.011585454759810	-1.378230784952166	0.012727503277203
17.000000000000000	0.102323863697404	-1.373443931673127	0.012792083361178
17.000000000000000	0.192573319502494	-1.362908201294979	0.012803046446845
17.000000000000000	0.281970419469531	-1.346666017485436	0.012760348389726
17.000000000000000	0.370155193029101	-1.324782781786121	0.012664161119828
17.000000000000000	0.456772551222343	-1.297346610263644	0.012514871949337


18.000000000000000	nan	nan	nan
18.000000000000000	nan	nan	nan
18.000000000000000	nan	nan	nan
18.000000000000000	nan	nan	nan
18.000000000000000	nan	nan	nan
18.000000000000000	nan	nan	nan
18.000000000000000	nan	nan	nan
18.000000000000000	nan	nan	nan
18.000000000000000	nan	nan	nan
18.000000000000000	nan	nan	nan
18.000000000000000	nan	nan	nan
18.000000000000000	nan	nan	nan
18.000000000000000	nan	nan	nan
18.000000000000000	nan	nan	nan
18.000000000000000	nan	nan	nan
18.000000000000000	nan	nan	nan
18.000000000000000	nan	nan	nan
18.000000000000000	nan	nan	nan
18.000000000000000	nan	nan	nan
18.000000000000000	nan	nan	nan
18.000000000000000	nan	nan	nan
18.000000000000000	nan	nan	nan
18.000000000000000	nan	nan	nan
18.000000000000000	nan	nan	nan
18.000000000000000	nan	nan	nan
18.000000000000000	nan	nan	nan
18.000000000000000	nan	nan	nan
18.000000000000000	nan	nan	nan
18.000000000000000	nan	nan	nan
18.000000000000000	nan	nan	nan
18.000000000000000	nan	nan	nan
18.000000000000000	nan	nan	nan
18.000000000000000	nan	nan	nan
18.000000000000000	nan	nan	nan
18.000000000000000	nan	nan	nan
18.000000000000000	nan	nan	nan
18.000000000000000	nan	nan	nan
18.000000000000000	nan	nan	nan
18.000000000000000	nan	nan	nan
18.000000000000000	nan	nan	nan
18.000000000000000	nan	nan	nan
18.000000000000000	nan	nan	nan
18.000000000000000	nan	nan	nan
18.000000000000000	nan	nan	nan
18.000000000000000	nan	nan	nan
18.000000000000000	nan	nan	nan
18.000000000000000	nan	nan	nan
18.000000000000000	nan	nan	nan
18.000000000000000	nan	nan	nan
18.000000000000000	nan	nan	nan
18.000000000000000	nan	nan	nan
18.000000000000000	nan	nan	nan
18.000000000000000	nan	nan	nan
18.000000000000000	nan	nan	nan
18.000000000000000	nan	nan	nan
18.000000000000000	nan	nan	nan
18.000000000000000	nan	nan	nan
18.000000000000000	nan	nan	nan
18.000000000000000	nan	nan	nan
18.000000000000000	nan	nan	nan
18.000000000000000	nan	nan	nan
18.000000000000000	nan	nan	nan
18.000000000000000	nan	nan	nan
18.000000000000000	nan	nan	nan
18.000000000000000	nan	nan	nan
18.000000000000000	nan	nan	nan
18.000000000000000	nan	nan	nan
18.000000000000000	nan	nan	nan
18.000000000000000	nan	nan	nan
18.000000000000000	nan	nan	nan
18.000000000000000	nan	nan	nan
18.000000000000000	nan	nan	nan
18.000000000000000	nan	nan	nan
18.000000000000000	nan	nan	nan
18.000000000000000	nan	nan	nan
18.000000000000000	nan	nan	nan
18.000000000000000	nan	nan	nan
18.000000000000000	nan	nan	nan
18.000000000000000	nan	nan	nan
18.000000000000000	nan	nan	nan
18.000000000000000	nan	nan	nan
18.000000000000000	nan	nan	nan
18.000000000000000	nan	nan	nan
18.000000000000000	nan	nan	nan
18.000000000000000	nan	nan	nan
18.000000000000000	nan	nan	nan
18.000000000000000	nan	nan	nan
18.000000000000000	nan	nan	nan
18.000000000000000	nan	nan	nan
18.000000000000000	nan	nan	nan
18.000000000000000	nan	nan	nan
18.000000000000000	nan	nan	nan
18.000000000000000	nan	nan	nan
18.000000000000000	nan	nan	nan
18.000000000000000	nan	nan	nan
18.000000000000000	nan	nan	nan
18.000000000000000	nan	nan	nan
18.000000000000000	nan	nan	nan
18.000000000000000	nan	nan	nan
18.000000000000000	nan	nan	nan


