# n	x	y	z
1.000000000000000	-0.066202111402768	-0.414411892123461	-0.018861287950484
1.000000000000000	-0.035064796092104	-0.418253310742315	-0.021211545432108
1.000000000000000	-0.003733922256942	-0.420082776748294	-0.023461472485427
1.000000000000000	0.027664351731820	-0.419892923527489	-0.025602009448293
1.000000000000000	0.059003596106654	-0.417684515551813	-0.027624537133847
1.000000000000000	0.090157618791453	-0.413466445300740	-0.029520911536938
1.000000000000000	0.121000973532485	-0.407255697454430	-0.031283496627158
1.000000000000000	0.151409465026177	-0.399077280502416	-0.032905195096442
1.000000000000000	0.181260649009772	-0.388964126043240	-0.034379476937422
1.000000000000000	0.210434325301156	-0.376956956180537	-0.035700405737464
1.000000000000000	0.238813021802573	-0.363104119549487	-0.036862662582503
1.000000000000000	0.266282467519294	-0.347461396633930	-0.037861567474436
1.000000000000000	0.292732052688588	-0.330091775158047	-0.038693098175821
1.000000000000000	0.318055274166195	-0.311065196457021	-0.039353906406005
1.000000000000000	0.342150164276898	-0.290458273847969	-0.039841331323475
1.000000000000000	0.364919701402362	-0.268353984135152	-0.040153410240121
1.000000000000000	0.386272200652949	-0.244841333491673	-0.040288886524293
1.000000000000000	0.406121683050408	-0.220014999063029	-0.040247214660809
1.000000000000000	0.424388221734877	-0.193974947735665	-0.040028562447556
1.000000000000000	0.440998263802134	-0.166826033605602	-0.039633810319825
1.000000000000000	0.455884926475184	-0.138677575768001	-0.039064547805109
1.000000000000000	0.468988266417598	-0.109642918127752	-0.038323067122636
1.000000000000000	0.480255521104171	-0.079838973003571	-0.037412353953415
1.000000000000000	0.489641321276987	-0.049385750363356	-0.036336075417947
1.000000000000000	0.497107873631410	-0.018405874586403	-0.035098565310029
1.000000000000000	0.502625112996380	0.012975909301686	-0.033704806646094
1.000000000000000	0.506170823396252	0.044633237933201	-0.032160411600362
1.000000000000000	0.507730727506681	0.076438638418998	-0.030471598906600
1.000000000000000	0.507298544144373	0.108264041636840	-0.028645168817467
1.000000000000000	0.504876013559191	0.139981297920546	-0.026688475722307
1.000000000000000	0.500472890426785	0.171462693073470	-0.024609398533611
1.000000000000000	0.494106904569954	0.202581462628492	-0.022416308961421
1.000000000000000	0.485803689566909	0.233212302283791	-0.020118037803405
1.000000000000000	0.475596679533899	0.263231872459038	-0.017723839386358
1.000000000000000	0.463526974497826	0.292519294940359	-0.015243354302287
1.000000000000000	0.449643174900943	0.320956639614234	-0.012686570589154
1.000000000000000	0.434001185904027	0.348429399330445	-0.010063783512571
1.000000000000000	0.416663992276025	0.374826950981955	-0.007385554110399
1.000000000000000	0.397701404776623	0.400043000945113	-0.004662666667176
1.000000000000000	0.377189779052954	0.423976013086567	-0.001906085289609
1.000000000000000	0.355211708182356	0.446529617613430	0.000873090242011
1.000000000000000	0.331855690099203	0.467612999120426	0.003663669168712
1.000000000000000	0.307215771244955	0.487141262271474	0.006454414814073
1.000000000000000	0.281391167876330	0.505035773643246	0.009234089830358
1.000000000000000	0.254485866556463	0.521224478354202	0.011991501447343
1.000000000000000	0.226608205437709	0.535642190204174	0.014715546541659
1.000000000000000	0.197870438022148	0.548230854156184	0.017395256345147
1.000000000000000	0.168388281156345	0.558939780103587	0.020019840612213
1.000000000000000	0.138280449080456	0.567725846981243	0.022578731068345
1.000000000000000	0.107668175407879	0.574553676398821	0.025061623964821
1.000000000000000	0.076674724960281	0.579395775097098	0.027458521568269
1.000000000000000	0.045424897423671	0.582232645653605	0.029759772418009
1.000000000000000	0.014044524824105	0.583052864991865	0.031956110189081
1.000000000000000	-0.017340035153463	0.581853130378095	0.034038691004466
1.000000000000000	-0.048602407962991	0.578638272720146	0.035999129046253
1.000000000000000	-0.079616711063033	0.573421237115142	0.037829530322372
1.000000000000000	-0.110258060801310	0.566223030724145	0.039522524452914
1.000000000000000	-0.140403075277100	0.557072638183728	0.041071294348047
1.000000000000000	-0.169930371156604	0.546006904895079	0.042469603658031
1.000000000000000	-0.198721052440790	0.533070388660569	0.043711821884799
1.000000000000000	-0.226659189217619	0.518315180265211	0.044792947053987
1.000000000000000	-0.253632284470881	0.501800693725455	0.045708625856113
1.000000000000000	-0.279531727065978	0.483593427049912	0.046455171175825
1.000000000000000	-0.304253229088625	0.463766694475341	0.047029576938608
1.000000000000000	-0.327697245775478	0.442400331256100	0.047429530215190
1.000000000000000	-0.349769376345758	0.419580372195748	0.047653420534886
1.000000000000000	-0.370380744119880	0.395398705215258	0.047700346370399
1.000000000000000	-0.389448354394472	0.369952701352792	0.047570118767952
1.000000000000000	-0.406895428632751	0.343344822684895	0.047263262108137
1.000000000000000	-0.422651713624596	0.315682209747879	0.046781011994421
1.000000000000000	-0.436653764371428	0.287076250120694	0.046125310277803
1.000000000000000	-0.448845199556826	0.257642129906463	0.045298797237670
1.000000000000000	-0.459176928574189	0.227498369918699	0.044304800950324
1.000000000000000	-0.467607349197283	0.196766348439822	0.043147323887988
1.000000000000000	-0.474102515097725	0.165569812473650	0.041831026802267
1.000000000000000	-0.478636272534861	0.134034379459898	0.040361209956948
1.000000000000000	-0.481190365667653	0.102287031457076	0.038743791785703
1.000000000000000	-0.481754510064507	0.070455603830564	0.036985285060650
1.000000000000000	-0.480326434115047	0.038668270504709	0.035092770667718
1.000000000000000	-0.476911888177093	0.007053027851673	0.033073869094415
1.000000000000000	-0.471524621421993	-0.024262820704782	0.030936709744819
1.000000000000000	-0.464186326471568	-0.055153177295255	0.028689898205333
1.000000000000000	-0.454926552049577	-0.085493657356313	0.026342481593028
1.000000000000000	-0.443782583999439	-0.115162090483233	0.023903912126097
1.000000000000000	-0.430799295147298	-0.144039012367104	0.021384009063104
1.000000000000000	-0.416028964614989	-0.172008145835428	0.018792919164301
1.000000000000000	-0.399531067310470	-0.198956869059258	0.016141075834200
1.000000000000000	-0.381372034443357	-0.224776669041558	0.013439157109941
1.000000000000000	-0.361624986029889	-0.249363578560735	0.010698042664600
1.000000000000000	-0.340369436464427	-0.272618594809953	0.007928769998590
1.000000000000000	-0.317690974343059	-0.294448078046489	0.005142489995539
1.000000000000000	-0.293680917828526	-0.314764128645929	0.002350422021620
1.000000000000000	-0.268435946944211	-0.333484941042934	-0.000436191250880
1.000000000000000	-0.242057714277811	-0.350535133133374	-0.003206129113830
1.000000000000000	-0.214652435662241	-0.365846049811460	-0.005948238005089
1.000000000000000	-0.186330462481963	-0.379356039419622	-0.008651476419960
1.000000000000000	-0.157205837326909	-0.391010701997975	-0.011304959371440
1.000000000000000	-0.127395834783226	-0.400763108333757	-0.013898002220212
1.000000000000000	-0.097020489209900	-0.408573988928703	-0.016420163697923
1.000000000000000	-0.066202111402768	-0.414411892123461	-0.018861287950484


2.000000000000000	nan	nan	nan
2.000000000000000	nan	nan	nan
2.000000000000000	nan	nan	nan
2.000000000000000	nan	nan	nan
2.000000000000000	nan	nan	nan
2.000000000000000	nan	nan	nan
2.000000000000000	nan	nan	nan
2.000000000000000	nan	nan	nan
2.000000000000000	nan	nan	nan
2.000000000000000	nan	nan	nan
2.000000000000000	nan	nan	nan
2.000000000000000	nan	nan	nan
2.000000000000000	nan	nan	nan
2.000000000000000	nan	nan	nan
2.000000000000000	nan	nan	nan
2.000000000000000	nan	nan	nan
2.000000000000000	nan	nan	nan
2.000000000000000	nan	nan	nan
2.000000000000000	nan	nan	nan
2.000000000000000	nan	nan	nan
2.000000000000000	nan	nan	nan
2.000000000000000	nan	nan	nan
2.000000000000000	nan	nan	nan
2.000000000000000	nan	nan	nan
2.000000000000000	nan	nan	nan
2.000000000000000	nan	nan	nan
2.000000000000000	nan	nan	nan
2.000000000000000	nan	nan	nan
2.000000000000000	nan	nan	nan
2.000000000000000	nan	nan	nan
2.000000000000000	nan	nan	nan
2.000000000000000	nan	nan	nan
2.000000000000000	nan	nan	nan
2.000000000000000	nan	nan	nan
2.000000000000000	nan	nan	nan
2.000000000000000	nan	nan	nan
2.000000000000000	nan	nan	nan
2.000000000000000	nan	nan	nan
2.000000000000000	nan	nan	nan
2.000000000000000	nan	nan	nan
2.000000000000000	nan	nan	nan
2.000000000000000	nan	nan	nan
2.000000000000000	nan	nan	nan
2.000000000000000	nan	nan	nan
2.000000000000000	nan	nan	nan
2.000000000000000	nan	nan	nan
2.000000000000000	nan	nan	nan
2.000000000000000	nan	nan	nan
2.000000000000000	nan	nan	nan
2.000000000000000	nan	nan	nan
2.000000000000000	nan	nan	nan
2.000000000000000	nan	nan	nan
2.000000000000000	nan	nan	nan
2.000000000000000	nan	nan	nan
2.000000000000000	nan	nan	nan
2.000000000000000	nan	nan	nan
2.000000000000000	nan	nan	nan
2.000000000000000	nan	nan	nan
2.000000000000000	nan	nan	nan
2.000000000000000	nan	nan	nan
2.000000000000000	nan	nan	nan
2.000000000000000	nan	nan	nan
2.000000000000000	nan	nan	nan
2.000000000000000	nan	nan	nan
2.000000000000000	nan	nan	nan
2.000000000000000	nan	nan	nan
2.000000000000000	nan	nan	nan
2.000000000000000	nan	nan	nan
2.000000000000000	nan	nan	nan
2.000000000000000	nan	nan	nan
2.000000000000000	nan	nan	nan
2.000000000000000	nan	nan	nan
2.000000000000000	nan	nan	nan
2.000000000000000	nan	nan	nan
2.000000000000000	nan	nan	nan
2.000000000000000	nan	nan	nan
2.000000000000000	nan	nan	nan
2.000000000000000	nan	nan	nan
2.000000000000000	nan	nan	nan
2.000000000000000	nan	nan	nan
2.000000000000000	nan	nan	nan
2.000000000000000	nan	nan	nan
2.000000000000000	nan	nan	nan
2.000000000000000	nan	nan	nan
2.000000000000000	nan	nan	nan
2.000000000000000	nan	nan	nan
2.000000000000000	nan	nan	nan
2.000000000000000	nan	nan	nan
2.000000000000000	nan	nan	nan
2.000000000000000	nan	nan	nan
2.000000000000000	nan	nan	nan
2.000000000000000	nan	nan	nan
2.000000000000000	nan	nan	nan
2.000000000000000	nan	nan	nan
2.000000000000000	nan	nan	nan
2.000000000000000	nan	nan	nan
2.000000000000000	nan	nan	nan
2.000000000000000	nan	nan	nan
2.000000000000000	nan	nan	nan
2.000000000000000	nan	nan	nan


3.000000000000000	nan	nan	nan
3.000000000000000	nan	nan	nan
3.000000000000000	nan	nan	nan
3.000000000000000	nan	nan	nan
3.000000000000000	nan	nan	nan
3.000000000000000	nan	nan	nan
3.000000000000000	nan	nan	nan
3.000000000000000	nan	nan	nan
3.000000000000000	nan	nan	nan
3.000000000000000	nan	nan	nan
3.000000000000000	nan	nan	nan
3.000000000000000	nan	nan	nan
3.000000000000000	nan	nan	nan
3.000000000000000	nan	nan	nan
3.000000000000000	nan	nan	nan
3.000000000000000	nan	nan	nan
3.000000000000000	nan	nan	nan
3.000000000000000	nan	nan	nan
3.000000000000000	nan	nan	nan
3.000000000000000	nan	nan	nan
3.000000000000000	nan	nan	nan
3.000000000000000	nan	nan	nan
3.000000000000000	nan	nan	nan
3.000000000000000	nan	nan	nan
3.000000000000000	nan	nan	nan
3.000000000000000	nan	nan	nan
3.000000000000000	nan	nan	nan
3.000000000000000	nan	nan	nan
3.000000000000000	nan	nan	nan
3.000000000000000	nan	nan	nan
3.000000000000000	nan	nan	nan
3.000000000000000	nan	nan	nan
3.000000000000000	nan	nan	nan
3.000000000000000	nan	nan	nan
3.000000000000000	nan	nan	nan
3.000000000000000	nan	nan	nan
3.000000000000000	nan	nan	nan
3.000000000000000	nan	nan	nan
3.000000000000000	nan	nan	nan
3.000000000000000	nan	nan	nan
3.000000000000000	nan	nan	nan
3.000000000000000	nan	nan	nan
3.000000000000000	nan	nan	nan
3.000000000000000	nan	nan	nan
3.000000000000000	nan	nan	nan
3.000000000000000	nan	nan	nan
3.000000000000000	nan	nan	nan
3.000000000000000	nan	nan	nan
3.000000000000000	nan	nan	nan
3.000000000000000	nan	nan	nan
3.000000000000000	nan	nan	nan
3.000000000000000	nan	nan	nan
3.000000000000000	nan	nan	nan
3.000000000000000	nan	nan	nan
3.000000000000000	nan	nan	nan
3.000000000000000	nan	nan	nan
3.000000000000000	nan	nan	nan
3.000000000000000	nan	nan	nan
3.000000000000000	nan	nan	nan
3.000000000000000	nan	nan	nan
3.000000000000000	nan	nan	nan
3.000000000000000	nan	nan	nan
3.000000000000000	nan	nan	nan
3.000000000000000	nan	nan	nan
3.000000000000000	nan	nan	nan
3.000000000000000	nan	nan	nan
3.000000000000000	nan	nan	nan
3.000000000000000	nan	nan	nan
3.000000000000000	nan	nan	nan
3.000000000000000	nan	nan	nan
3.000000000000000	nan	nan	nan
3.000000000000000	nan	nan	nan
3.000000000000000	nan	nan	nan
3.000000000000000	nan	nan	nan
3.000000000000000	nan	nan	nan
3.000000000000000	nan	nan	nan
3.000000000000000	nan	nan	nan
3.000000000000000	nan	nan	nan
3.000000000000000	nan	nan	nan
3.000000000000000	nan	nan	nan
3.000000000000000	nan	nan	nan
3.000000000000000	nan	nan	nan
3.000000000000000	nan	nan	nan
3.000000000000000	nan	nan	nan
3.000000000000000	nan	nan	nan
3.000000000000000	nan	nan	nan
3.000000000000000	nan	nan	nan
3.000000000000000	nan	nan	nan
3.000000000000000	nan	nan	nan
3.000000000000000	nan	nan	nan
3.000000000000000	nan	nan	nan
3.000000000000000	nan	nan	nan
3.000000000000000	nan	nan	nan
3.000000000000000	nan	nan	nan
3.000000000000000	nan	nan	nan
3.000000000000000	nan	nan	nan
3.000000000000000	nan	nan	nan
3.000000000000000	nan	nan	nan
3.000000000000000	nan	nan	nan
3.000000000000000	nan	nan	nan


4.000000000000000	nan	nan	nan
4.000000000000000	nan	nan	nan
4.000000000000000	nan	nan	nan
4.000000000000000	nan	nan	nan
4.000000000000000	nan	nan	nan
4.000000000000000	nan	nan	nan
4.000000000000000	nan	nan	nan
4.000000000000000	nan	nan	nan
4.000000000000000	nan	nan	nan
4.000000000000000	nan	nan	nan
4.000000000000000	nan	nan	nan
4.000000000000000	nan	nan	nan
4.000000000000000	nan	nan	nan
4.000000000000000	nan	nan	nan
4.000000000000000	nan	nan	nan
4.000000000000000	nan	nan	nan
4.000000000000000	nan	nan	nan
4.000000000000000	nan	nan	nan
4.000000000000000	nan	nan	nan
4.000000000000000	nan	nan	nan
4.000000000000000	nan	nan	nan
4.000000000000000	nan	nan	nan
4.000000000000000	nan	nan	nan
4.000000000000000	nan	nan	nan
4.000000000000000	nan	nan	nan
4.000000000000000	nan	nan	nan
4.000000000000000	nan	nan	nan
4.000000000000000	nan	nan	nan
4.000000000000000	nan	nan	nan
4.000000000000000	nan	nan	nan
4.000000000000000	nan	nan	nan
4.000000000000000	nan	nan	nan
4.000000000000000	nan	nan	nan
4.000000000000000	nan	nan	nan
4.000000000000000	nan	nan	nan
4.000000000000000	nan	nan	nan
4.000000000000000	nan	nan	nan
4.000000000000000	nan	nan	nan
4.000000000000000	nan	nan	nan
4.000000000000000	nan	nan	nan
4.000000000000000	nan	nan	nan
4.000000000000000	nan	nan	nan
4.000000000000000	nan	nan	nan
4.000000000000000	nan	nan	nan
4.000000000000000	nan	nan	nan
4.000000000000000	nan	nan	nan
4.000000000000000	nan	nan	nan
4.000000000000000	nan	nan	nan
4.000000000000000	nan	nan	nan
4.000000000000000	nan	nan	nan
4.000000000000000	nan	nan	nan
4.000000000000000	nan	nan	nan
4.000000000000000	nan	nan	nan
4.000000000000000	nan	nan	nan
4.000000000000000	nan	nan	nan
4.000000000000000	nan	nan	nan
4.000000000000000	nan	nan	nan
4.000000000000000	nan	nan	nan
4.000000000000000	nan	nan	nan
4.000000000000000	nan	nan	nan
4.000000000000000	nan	nan	nan
4.000000000000000	nan	nan	nan
4.000000000000000	nan	nan	nan
4.000000000000000	nan	nan	nan
4.000000000000000	nan	nan	nan
4.000000000000000	nan	nan	nan
4.000000000000000	nan	nan	nan
4.000000000000000	nan	nan	nan
4.000000000000000	nan	nan	nan
4.000000000000000	nan	nan	nan
4.000000000000000	nan	nan	nan
4.000000000000000	nan	nan	nan
4.000000000000000	nan	nan	nan
4.000000000000000	nan	nan	nan
4.000000000000000	nan	nan	nan
4.000000000000000	nan	nan	nan
4.000000000000000	nan	nan	nan
4.000000000000000	nan	nan	nan
4.000000000000000	nan	nan	nan
4.000000000000000	nan	nan	nan
4.000000000000000	nan	nan	nan
4.000000000000000	nan	nan	nan
4.000000000000000	nan	nan	nan
4.000000000000000	nan	nan	nan
4.000000000000000	nan	nan	nan
4.000000000000000	nan	nan	nan
4.000000000000000	nan	nan	nan
4.000000000000000	nan	nan	nan
4.000000000000000	nan	nan	nan
4.000000000000000	nan	nan	nan
4.000000000000000	nan	nan	nan
4.000000000000000	nan	nan	nan
4.000000000000000	nan	nan	nan
4.000000000000000	nan	nan	nan
4.000000000000000	nan	nan	nan
4.000000000000000	nan	nan	nan
4.000000000000000	nan	nan	nan
4.000000000000000	nan	nan	nan
4.000000000000000	nan	nan	nan
4.000000000000000	nan	nan	nan


5.000000000000000	nan	nan	nan
5.000000000000000	nan	nan	nan
5.000000000000000	nan	nan	nan
5.000000000000000	nan	nan	nan
5.000000000000000	nan	nan	nan
5.000000000000000	nan	nan	nan
5.000000000000000	nan	nan	nan
5.000000000000000	nan	nan	nan
5.000000000000000	nan	nan	nan
5.000000000000000	nan	nan	nan
5.000000000000000	nan	nan	nan
5.000000000000000	nan	nan	nan
5.000000000000000	nan	nan	nan
5.000000000000000	nan	nan	nan
5.000000000000000	nan	nan	nan
5.000000000000000	nan	nan	nan
5.000000000000000	nan	nan	nan
5.000000000000000	nan	nan	nan
5.000000000000000	nan	nan	nan
5.000000000000000	nan	nan	nan
5.000000000000000	nan	nan	nan
5.000000000000000	nan	nan	nan
5.000000000000000	nan	nan	nan
5.000000000000000	nan	nan	nan
5.000000000000000	nan	nan	nan
5.000000000000000	nan	nan	nan
5.000000000000000	nan	nan	nan
5.000000000000000	nan	nan	nan
5.000000000000000	nan	nan	nan
5.000000000000000	nan	nan	nan
5.000000000000000	nan	nan	nan
5.000000000000000	nan	nan	nan
5.000000000000000	nan	nan	nan
5.000000000000000	nan	nan	nan
5.000000000000000	nan	nan	nan
5.000000000000000	nan	nan	nan
5.000000000000000	nan	nan	nan
5.000000000000000	nan	nan	nan
5.000000000000000	nan	nan	nan
5.000000000000000	nan	nan	nan
5.000000000000000	nan	nan	nan
5.000000000000000	nan	nan	nan
5.000000000000000	nan	nan	nan
5.000000000000000	nan	nan	nan
5.000000000000000	nan	nan	nan
5.000000000000000	nan	nan	nan
5.000000000000000	nan	nan	nan
5.000000000000000	nan	nan	nan
5.000000000000000	nan	nan	nan
5.000000000000000	nan	nan	nan
5.000000000000000	nan	nan	nan
5.000000000000000	nan	nan	nan
5.000000000000000	nan	nan	nan
5.000000000000000	nan	nan	nan
5.000000000000000	nan	nan	nan
5.000000000000000	nan	nan	nan
5.000000000000000	nan	nan	nan
5.000000000000000	nan	nan	nan
5.000000000000000	nan	nan	nan
5.000000000000000	nan	nan	nan
5.000000000000000	nan	nan	nan
5.000000000000000	nan	nan	nan
5.000000000000000	nan	nan	nan
5.000000000000000	nan	nan	nan
5.000000000000000	nan	nan	nan
5.000000000000000	nan	nan	nan
5.000000000000000	nan	nan	nan
5.000000000000000	nan	nan	nan
5.000000000000000	nan	nan	nan
5.000000000000000	nan	nan	nan
5.000000000000000	nan	nan	nan
5.000000000000000	nan	nan	nan
5.000000000000000	nan	nan	nan
5.000000000000000	nan	nan	nan
5.000000000000000	nan	nan	nan
5.000000000000000	nan	nan	nan
5.000000000000000	nan	nan	nan
5.000000000000000	nan	nan	nan
5.000000000000000	nan	nan	nan
5.000000000000000	nan	nan	nan
5.000000000000000	nan	nan	nan
5.000000000000000	nan	nan	nan
5.000000000000000	nan	nan	nan
5.000000000000000	nan	nan	nan
5.000000000000000	nan	nan	nan
5.000000000000000	nan	nan	nan
5.000000000000000	nan	nan	nan
5.000000000000000	nan	nan	nan
5.000000000000000	nan	nan	nan
5.000000000000000	nan	nan	nan
5.000000000000000	nan	nan	nan
5.000000000000000	nan	nan	nan
5.000000000000000	nan	nan	nan
5.000000000000000	nan	nan	nan
5.000000000000000	nan	nan	nan
5.000000000000000	nan	nan	nan
5.000000000000000	nan	nan	nan
5.000000000000000	nan	nan	nan
5.000000000000000	nan	nan	nan
5.000000000000000	nan	nan	nan


6.000000000000000	nan	nan	nan
6.000000000000000	nan	nan	nan
6.000000000000000	nan	nan	nan
6.000000000000000	nan	nan	nan
6.000000000000000	nan	nan	nan
6.000000000000000	nan	nan	nan
6.000000000000000	nan	nan	nan
6.000000000000000	nan	nan	nan
6.000000000000000	nan	nan	nan
6.000000000000000	nan	nan	nan
6.000000000000000	nan	nan	nan
6.000000000000000	nan	nan	nan
6.000000000000000	nan	nan	nan
6.000000000000000	nan	nan	nan
6.000000000000000	nan	nan	nan
6.000000000000000	nan	nan	nan
6.000000000000000	nan	nan	nan
6.000000000000000	nan	nan	nan
6.000000000000000	nan	nan	nan
6.000000000000000	nan	nan	nan
6.000000000000000	nan	nan	nan
6.000000000000000	nan	nan	nan
6.000000000000000	nan	nan	nan
6.000000000000000	nan	nan	nan
6.000000000000000	nan	nan	nan
6.000000000000000	nan	nan	nan
6.000000000000000	nan	nan	nan
6.000000000000000	nan	nan	nan
6.000000000000000	nan	nan	nan
6.000000000000000	nan	nan	nan
6.000000000000000	nan	nan	nan
6.000000000000000	nan	nan	nan
6.000000000000000	nan	nan	nan
6.000000000000000	nan	nan	nan
6.000000000000000	nan	nan	nan
6.000000000000000	nan	nan	nan
6.000000000000000	nan	nan	nan
6.000000000000000	nan	nan	nan
6.000000000000000	nan	nan	nan
6.000000000000000	nan	nan	nan
6.000000000000000	nan	nan	nan
6.000000000000000	nan	nan	nan
6.000000000000000	nan	nan	nan
6.000000000000000	nan	nan	nan
6.000000000000000	nan	nan	nan
6.000000000000000	nan	nan	nan
6.000000000000000	nan	nan	nan
6.000000000000000	nan	nan	nan
6.000000000000000	nan	nan	nan
6.000000000000000	nan	nan	nan
6.000000000000000	nan	nan	nan
6.000000000000000	nan	nan	nan
6.000000000000000	nan	nan	nan
6.000000000000000	nan	nan	nan
6.000000000000000	nan	nan	nan
6.000000000000000	nan	nan	nan
6.000000000000000	nan	nan	nan
6.000000000000000	nan	nan	nan
6.000000000000000	nan	nan	nan
6.000000000000000	nan	nan	nan
6.000000000000000	nan	nan	nan
6.000000000000000	nan	nan	nan
6.000000000000000	nan	nan	nan
6.000000000000000	nan	nan	nan
6.000000000000000	nan	nan	nan
6.000000000000000	nan	nan	nan
6.000000000000000	nan	nan	nan
6.000000000000000	nan	nan	nan
6.000000000000000	nan	nan	nan
6.000000000000000	nan	nan	nan
6.000000000000000	nan	nan	nan
6.000000000000000	nan	nan	nan
6.000000000000000	nan	nan	nan
6.000000000000000	nan	nan	nan
6.000000000000000	nan	nan	nan
6.000000000000000	nan	nan	nan
6.000000000000000	nan	nan	nan
6.000000000000000	nan	nan	nan
6.000000000000000	nan	nan	nan
6.000000000000000	nan	nan	nan
6.000000000000000	nan	nan	nan
6.000000000000000	nan	nan	nan
6.000000000000000	nan	nan	nan
6.000000000000000	nan	nan	nan
6.000000000000000	nan	nan	nan
6.000000000000000	nan	nan	nan
6.000000000000000	nan	nan	nan
6.000000000000000	nan	nan	nan
6.000000000000000	nan	nan	nan
6.000000000000000	nan	nan	nan
6.000000000000000	nan	nan	nan
6.000000000000000	nan	nan	nan
6.000000000000000	nan	nan	nan
6.000000000000000	nan	nan	nan
6.000000000000000	nan	nan	nan
6.000000000000000	nan	nan	nan
6.000000000000000	nan	nan	nan
6.000000000000000	nan	nan	nan
6.000000000000000	nan	nan	nan
6.000000000000000	nan	nan	nan


7.000000000000000	nan	nan	nan
7.000000000000000	nan	nan	nan
7.000000000000000	nan	nan	nan
7.000000000000000	nan	nan	nan
7.000000000000000	nan	nan	nan
7.000000000000000	nan	nan	nan
7.000000000000000	nan	nan	nan
7.000000000000000	nan	nan	nan
7.000000000000000	nan	nan	nan
7.000000000000000	nan	nan	nan
7.000000000000000	nan	nan	nan
7.000000000000000	nan	nan	nan
7.000000000000000	nan	nan	nan
7.000000000000000	nan	nan	nan
7.000000000000000	nan	nan	nan
7.000000000000000	nan	nan	nan
7.000000000000000	nan	nan	nan
7.000000000000000	nan	nan	nan
7.000000000000000	nan	nan	nan
7.000000000000000	nan	nan	nan
7.000000000000000	nan	nan	nan
7.000000000000000	nan	nan	nan
7.000000000000000	nan	nan	nan
7.000000000000000	nan	nan	nan
7.000000000000000	nan	nan	nan
7.000000000000000	nan	nan	nan
7.000000000000000	nan	nan	nan
7.000000000000000	nan	nan	nan
7.000000000000000	nan	nan	nan
7.000000000000000	nan	nan	nan
7.000000000000000	nan	nan	nan
7.000000000000000	nan	nan	nan
7.000000000000000	nan	nan	nan
7.000000000000000	nan	nan	nan
7.000000000000000	nan	nan	nan
7.000000000000000	nan	nan	nan
7.000000000000000	nan	nan	nan
7.000000000000000	nan	nan	nan
7.000000000000000	nan	nan	nan
7.000000000000000	nan	nan	nan
7.000000000000000	nan	nan	nan
7.000000000000000	nan	nan	nan
7.000000000000000	nan	nan	nan
7.000000000000000	nan	nan	nan
7.000000000000000	nan	nan	nan
7.000000000000000	nan	nan	nan
7.000000000000000	nan	nan	nan
7.000000000000000	nan	nan	nan
7.000000000000000	nan	nan	nan
7.000000000000000	nan	nan	nan
7.000000000000000	nan	nan	nan
7.000000000000000	nan	nan	nan
7.000000000000000	nan	nan	nan
7.000000000000000	nan	nan	nan
7.000000000000000	nan	nan	nan
7.000000000000000	nan	nan	nan
7.000000000000000	nan	nan	nan
7.000000000000000	nan	nan	nan
7.000000000000000	nan	nan	nan
7.000000000000000	nan	nan	nan
7.000000000000000	nan	nan	nan
7.000000000000000	nan	nan	nan
7.000000000000000	nan	nan	nan
7.000000000000000	nan	nan	nan
7.000000000000000	nan	nan	nan
7.000000000000000	nan	nan	nan
7.000000000000000	nan	nan	nan
7.000000000000000	nan	nan	nan
7.000000000000000	nan	nan	nan
7.000000000000000	nan	nan	nan
7.000000000000000	nan	nan	nan
7.000000000000000	nan	nan	nan
7.000000000000000	nan	nan	nan
7.000000000000000	nan	nan	nan
7.000000000000000	nan	nan	nan
7.000000000000000	nan	nan	nan
7.000000000000000	nan	nan	nan
7.000000000000000	nan	nan	nan
7.000000000000000	nan	nan	nan
7.000000000000000	nan	nan	nan
7.000000000000000	nan	nan	nan
7.000000000000000	nan	nan	nan
7.000000000000000	nan	nan	nan
7.000000000000000	nan	nan	nan
7.000000000000000	nan	nan	nan
7.000000000000000	nan	nan	nan
7.000000000000000	nan	nan	nan
7.000000000000000	nan	nan	nan
7.000000000000000	nan	nan	nan
7.000000000000000	nan	nan	nan
7.000000000000000	nan	nan	nan
7.000000000000000	nan	nan	nan
7.000000000000000	nan	nan	nan
7.000000000000000	nan	nan	nan
7.000000000000000	nan	nan	nan
7.000000000000000	nan	nan	nan
7.000000000000000	nan	nan	nan
7.000000000000000	nan	nan	nan
7.000000000000000	nan	nan	nan
7.000000000000000	nan	nan	nan


8.000000000000000	nan	nan	nan
8.000000000000000	nan	nan	nan
8.000000000000000	nan	nan	nan
8.000000000000000	nan	nan	nan
8.000000000000000	nan	nan	nan
8.000000000000000	nan	nan	nan
8.000000000000000	nan	nan	nan
8.000000000000000	nan	nan	nan
8.000000000000000	nan	nan	nan
8.000000000000000	nan	nan	nan
8.000000000000000	nan	nan	nan
8.000000000000000	nan	nan	nan
8.000000000000000	nan	nan	nan
8.000000000000000	nan	nan	nan
8.000000000000000	nan	nan	nan
8.000000000000000	nan	nan	nan
8.000000000000000	nan	nan	nan
8.000000000000000	nan	nan	nan
8.000000000000000	nan	nan	nan
8.000000000000000	nan	nan	nan
8.000000000000000	nan	nan	nan
8.000000000000000	nan	nan	nan
8.000000000000000	nan	nan	nan
8.000000000000000	nan	nan	nan
8.000000000000000	nan	nan	nan
8.000000000000000	nan	nan	nan
8.000000000000000	nan	nan	nan
8.000000000000000	nan	nan	nan
8.000000000000000	nan	nan	nan
8.000000000000000	nan	nan	nan
8.000000000000000	nan	nan	nan
8.000000000000000	nan	nan	nan
8.000000000000000	nan	nan	nan
8.000000000000000	nan	nan	nan
8.000000000000000	nan	nan	nan
8.000000000000000	nan	nan	nan
8.000000000000000	nan	nan	nan
8.000000000000000	nan	nan	nan
8.000000000000000	nan	nan	nan
8.000000000000000	nan	nan	nan
8.000000000000000	nan	nan	nan
8.000000000000000	nan	nan	nan
8.000000000000000	nan	nan	nan
8.000000000000000	nan	nan	nan
8.000000000000000	nan	nan	nan
8.000000000000000	nan	nan	nan
8.000000000000000	nan	nan	nan
8.000000000000000	nan	nan	nan
8.000000000000000	nan	nan	nan
8.000000000000000	nan	nan	nan
8.000000000000000	nan	nan	nan
8.000000000000000	nan	nan	nan
8.000000000000000	nan	nan	nan
8.000000000000000	nan	nan	nan
8.000000000000000	nan	nan	nan
8.000000000000000	nan	nan	nan
8.000000000000000	nan	nan	nan
8.000000000000000	nan	nan	nan
8.000000000000000	nan	nan	nan
8.000000000000000	nan	nan	nan
8.000000000000000	nan	nan	nan
8.000000000000000	nan	nan	nan
8.000000000000000	nan	nan	nan
8.000000000000000	nan	nan	nan
8.000000000000000	nan	nan	nan
8.000000000000000	nan	nan	nan
8.000000000000000	nan	nan	nan
8.000000000000000	nan	nan	nan
8.000000000000000	nan	nan	nan
8.000000000000000	nan	nan	nan
8.000000000000000	nan	nan	nan
8.000000000000000	nan	nan	nan
8.000000000000000	nan	nan	nan
8.000000000000000	nan	nan	nan
8.000000000000000	nan	nan	nan
8.000000000000000	nan	nan	nan
8.000000000000000	nan	nan	nan
8.000000000000000	nan	nan	nan
8.000000000000000	nan	nan	nan
8.000000000000000	nan	nan	nan
8.000000000000000	nan	nan	nan
8.000000000000000	nan	nan	nan
8.000000000000000	nan	nan	nan
8.000000000000000	nan	nan	nan
8.000000000000000	nan	nan	nan
8.000000000000000	nan	nan	nan
8.000000000000000	nan	nan	nan
8.000000000000000	nan	nan	nan
8.000000000000000	nan	nan	nan
8.000000000000000	nan	nan	nan
8.000000000000000	nan	nan	nan
8.000000000000000	nan	nan	nan
8.000000000000000	nan	nan	nan
8.000000000000000	nan	nan	nan
8.000000000000000	nan	nan	nan
8.000000000000000	nan	nan	nan
8.000000000000000	nan	nan	nan
8.000000000000000	nan	nan	nan
8.000000000000000	nan	nan	nan
8.000000000000000	nan	nan	nan


9.000000000000000	nan	nan	nan
9.000000000000000	nan	nan	nan
9.000000000000000	nan	nan	nan
9.000000000000000	nan	nan	nan
9.000000000000000	nan	nan	nan
9.000000000000000	nan	nan	nan
9.000000000000000	nan	nan	nan
9.000000000000000	nan	nan	nan
9.000000000000000	nan	nan	nan
9.000000000000000	nan	nan	nan
9.000000000000000	nan	nan	nan
9.000000000000000	nan	nan	nan
9.000000000000000	nan	nan	nan
9.000000000000000	nan	nan	nan
9.000000000000000	nan	nan	nan
9.000000000000000	nan	nan	nan
9.000000000000000	nan	nan	nan
9.000000000000000	nan	nan	nan
9.000000000000000	nan	nan	nan
9.000000000000000	nan	nan	nan
9.000000000000000	nan	nan	nan
9.000000000000000	nan	nan	nan
9.000000000000000	nan	nan	nan
9.000000000000000	nan	nan	nan
9.000000000000000	nan	nan	nan
9.000000000000000	nan	nan	nan
9.000000000000000	nan	nan	nan
9.000000000000000	nan	nan	nan
9.000000000000000	nan	nan	nan
9.000000000000000	nan	nan	nan
9.000000000000000	nan	nan	nan
9.000000000000000	nan	nan	nan
9.000000000000000	nan	nan	nan
9.000000000000000	nan	nan	nan
9.000000000000000	nan	nan	nan
9.000000000000000	nan	nan	nan
9.000000000000000	nan	nan	nan
9.000000000000000	nan	nan	nan
9.000000000000000	nan	nan	nan
9.000000000000000	nan	nan	nan
9.000000000000000	nan	nan	nan
9.000000000000000	nan	nan	nan
9.000000000000000	nan	nan	nan
9.000000000000000	nan	nan	nan
9.000000000000000	nan	nan	nan
9.000000000000000	nan	nan	nan
9.000000000000000	nan	nan	nan
9.000000000000000	nan	nan	nan
9.000000000000000	nan	nan	nan
9.000000000000000	nan	nan	nan
9.000000000000000	nan	nan	nan
9.000000000000000	nan	nan	nan
9.000000000000000	nan	nan	nan
9.000000000000000	nan	nan	nan
9.000000000000000	nan	nan	nan
9.000000000000000	nan	nan	nan
9.000000000000000	nan	nan	nan
9.000000000000000	nan	nan	nan
9.000000000000000	nan	nan	nan
9.000000000000000	nan	nan	nan
9.000000000000000	nan	nan	nan
9.000000000000000	nan	nan	nan
9.000000000000000	nan	nan	nan
9.000000000000000	nan	nan	nan
9.000000000000000	nan	nan	nan
9.000000000000000	nan	nan	nan
9.000000000000000	nan	nan	nan
9.000000000000000	nan	nan	nan
9.000000000000000	nan	nan	nan
9.000000000000000	nan	nan	nan
9.000000000000000	nan	nan	nan
9.000000000000000	nan	nan	nan
9.000000000000000	nan	nan	nan
9.000000000000000	nan	nan	nan
9.000000000000000	nan	nan	nan
9.000000000000000	nan	nan	nan
9.000000000000000	nan	nan	nan
9.000000000000000	nan	nan	nan
9.000000000000000	nan	nan	nan
9.000000000000000	nan	nan	nan
9.000000000000000	nan	nan	nan
9.000000000000000	nan	nan	nan
9.000000000000000	nan	nan	nan
9.000000000000000	nan	nan	nan
9.000000000000000	nan	nan	nan
9.000000000000000	nan	nan	nan
9.000000000000000	nan	nan	nan
9.000000000000000	nan	nan	nan
9.000000000000000	nan	nan	nan
9.000000000000000	nan	nan	nan
9.000000000000000	nan	nan	nan
9.000000000000000	nan	nan	nan
9.000000000000000	nan	nan	nan
9.000000000000000	nan	nan	nan
9.000000000000000	nan	nan	nan
9.000000000000000	nan	nan	nan
9.000000000000000	nan	nan	nan
9.000000000000000	nan	nan	nan
9.000000000000000	nan	nan	nan
9.000000000000000	nan	nan	nan


10.000000000000000	1.373518930349685	-0.547950901016258	0.107458665731981
10.000000000000000	1.411908592343282	-0.440999044238124	0.111464230055476
10.000000000000000	1.443339648826449	-0.331763451219168	0.114921345580350
10.000000000000000	1.467685538028125	-0.220683975138455	0.117816091722552
10.000000000000000	1.484848227645224	-0.108207893841354	0.120136812361050
10.000000000000000	1.494758609584121	0.005211891190483	0.121874162772916
10.000000000000000	1.497376778234559	0.119118678513542	0.123021147261230
10.000000000000000	1.492692191155446	0.233053805697961	0.123573147324278
10.000000000000000	1.480723711525555	0.346558496199262	0.123527940252631
10.000000000000000	1.461519532188155	0.459175706689571	0.122885708079210
10.000000000000000	1.435156981595443	0.570451967409785	0.121649036846306
10.000000000000000	1.401742212434157	0.679939208132247	0.119822906192500
10.000000000000000	1.361409774186174	0.787196562381406	0.117414669301411
10.000000000000000	1.314322071345238	0.891792142647517	0.114434023293029
10.000000000000000	1.260668709471377	0.993304779445206	0.110892970176829
10.000000000000000	1.200665731716238	1.091325717214341	0.106805768523917
10.000000000000000	1.134554748893563	1.185460260234406	0.102188876052797
10.000000000000000	1.062601966597720	1.275329361924858	0.097060883359947
10.000000000000000	0.985097113287727	1.360571151131930	0.091442439062047
10.000000000000000	0.902352273653010	1.440842389256043	0.085356166651292
10.000000000000000	0.814700631958502	1.515819852352505	0.078826573398565
10.000000000000000	0.722495130429206	1.585201632640254	0.071879951671318
10.000000000000000	0.626107048076422	1.648708354177940	0.064544273063479
10.000000000000000	0.525924505688214	1.706084297812230	0.056849075763720
10.000000000000000	0.422350903003972	1.757098430868593	0.048825345615595
10.000000000000000	0.315803294366051	1.801545337438330	0.040505391348484
10.000000000000000	0.206710709389120	1.839246045515944	0.031922714481746
10.000000000000000	0.095512425409333	1.870048747656235	0.023111874425921
10.000000000000000	-0.017343801330465	1.893829412249307	0.014108349324181
10.000000000000000	-0.131403538637094	1.910492282952081	0.004948393194375
10.000000000000000	-0.246207508205095	1.919970264265294	-0.004331110053114
10.000000000000000	-0.361293434968362	1.922225191703391	-0.013692795133849
10.000000000000000	-0.476197908518682	1.917247985469442	-0.023098965846160
10.000000000000000	-0.590458249095884	1.905058687016277	-0.032511746860437
10.000000000000000	-0.703614370635939	1.885706378346629	-0.041893236229718
10.000000000000000	-0.815210633375155	1.859268984377236	-0.051205658007451
10.000000000000000	-0.924797678550683	1.825852959162698	-0.060411514357899
10.000000000000000	-1.031934237809670	1.785592857242575	-0.069473736546688
10.000000000000000	-1.136188910041159	1.738650791837750	-0.078355834203519
10.000000000000000	-1.237141898476111	1.685215782077696	-0.087022042256008
10.000000000000000	-1.334386701060826	1.625502991887165	-0.095437464943012
10.000000000000000	-1.427531747297244	1.559752863596996	-0.103568216327542
10.000000000000000	-1.516201974959133	1.488230149767716	-0.111381556743470
10.000000000000000	-1.600040340335305	1.411222847124418	-0.118846024626611
10.000000000000000	-1.678709255918615	1.329041036895601	-0.125931563199338
10.000000000000000	-1.751891949751717	1.242015636225497	-0.132609641498614
10.000000000000000	-1.819293740955918	1.150497065687532	-0.138853369260114
10.000000000000000	-1.880643226307083	1.054853838264354	-0.144637605195828
10.000000000000000	-1.935693373080619	0.955471075476114	-0.149939058229152
10.000000000000000	-1.984222513765077	0.852748956632034	-0.154736381279837
10.000000000000000	-2.026035238638978	0.747101107449566	-0.159010257221142
10.000000000000000	-2.060963182616795	0.638952934529621	-0.162743476663089
10.000000000000000	-2.088865703195730	0.528739912394320	-0.165921007248603
10.000000000000000	-2.109630446773433	0.416905829984805	-0.168530054183505
10.000000000000000	-2.123173801056302	0.303901003679795	-0.170560111756635
10.000000000000000	-2.129441231736684	0.190180464030473	-0.172003005642643
10.000000000000000	-2.128407502083278	0.076202123513048	-0.172852925817109
10.000000000000000	-2.120076774560552	-0.037575067323158	-0.173106449951466
10.000000000000000	-2.104482594067959	-0.150692967887601	-0.172762557193503
10.000000000000000	-2.081687752866476	-0.262696092318964	-0.171822632277983
10.000000000000000	-2.051784037736323	-0.373133443565968	-0.170290459950800
10.000000000000000	-2.014891860384000	-0.481560329393316	-0.168172209729144
10.000000000000000	-1.971159772586840	-0.587540153000375	-0.165476411059035
10.000000000000000	-1.920763868027435	-0.690646171042397	-0.162213918970252
10.000000000000000	-1.863907073226525	-0.790463211975355	-0.158397870366960
10.000000000000000	-1.800818330429521	-0.886589347805213	-0.154043631130035
10.000000000000000	-1.731751675736889	-0.978637512510107	-0.149168734244082
10.000000000000000	-1.656985216190430	-1.066237060618593	-0.143792809198295
10.000000000000000	-1.576820009934382	-1.149035259668155	-0.137937502945435
10.000000000000000	-1.491578853960529	-1.226698710534329	-0.131626392737189
10.000000000000000	-1.401604984318640	-1.298914689911309	-0.124884891186899
10.000000000000000	-1.307260694026050	-1.365392409538321	-0.117740143941935
10.000000000000000	-1.208925874241536	-1.425864187101325	-0.110220920377760
10.000000000000000	-1.106996484577708	-1.480086524095213	-0.102357497753803
10.000000000000000	-1.001882958711398	-1.527841086306346	-0.094181539297626
10.000000000000000	-0.894008551712109	-1.568935582967374	-0.085725966708277
10.000000000000000	-0.783807635743226	-1.603204541044290	-0.077024827592232
10.000000000000000	-0.671723950998629	-1.630509971537935	-0.068113158365699
10.000000000000000	-0.558208818917544	-1.650741925116991	-0.059026843175335
10.000000000000000	-0.443719324872407	-1.663818934845137	-0.049802469405453
10.000000000000000	-0.328716477647382	-1.669688344219647	-0.040477180353539
10.000000000000000	-0.213663353118705	-1.668326519200543	-0.031088525667302
10.000000000000000	-0.099023229611573	-1.659738943376527	-0.021674310145497
10.000000000000000	0.014742277558171	-1.643960195884512	-0.012272441511342
10.000000000000000	0.127175074845980	-1.621053812171638	-0.002920777771495
10.000000000000000	0.237822435059633	-1.591112028160450	0.006343025224775
10.000000000000000	0.346238820331844	-1.554255408847397	0.015481665412403
10.000000000000000	0.451987676144009	-1.510632362830137	0.024458344712780
10.000000000000000	0.554643189177174	-1.460418544718500	0.033236917206626
10.000000000000000	0.653792001911978	-1.403816147835366	0.041782034680852
10.000000000000000	0.749034877073491	-1.341053090055522	0.050059288963334
10.000000000000000	0.839988305218820	-1.272382096060817	0.058035350472482
10.000000000000000	0.926286048994268	-1.198079679707067	0.065678102423700
10.000000000000000	1.007580617843903	-1.118445030600354	0.072956770152342
10.000000000000000	1.083544667231377	-1.033798809366079	0.079842045032426
10.000000000000000	1.153872316740847	-0.944481856461794	0.086306202492123
10.000000000000000	1.218280381749443	-0.850853819732983	0.092323213650829
10.000000000000000	1.276509513711800	-0.753291706238123	0.097868850128272
10.000000000000000	1.328325244465115	-0.652188364174316	0.102920781603658
10.000000000000000	1.373518930349685	-0.547950901016258	0.107458665731981


11.000000000000000	nan	nan	nan
11.000000000000000	nan	nan	nan
11.000000000000000	nan	nan	nan
11.000000000000000	nan	nan	nan
11.000000000000000	nan	nan	nan
11.000000000000000	nan	nan	nan
11.000000000000000	nan	nan	nan
11.000000000000000	nan	nan	nan
11.000000000000000	nan	nan	nan
11.000000000000000	nan	nan	nan
11.000000000000000	nan	nan	nan
11.000000000000000	nan	nan	nan
11.000000000000000	nan	nan	nan
11.000000000000000	nan	nan	nan
11.000000000000000	nan	nan	nan
11.000000000000000	nan	nan	nan
11.000000000000000	nan	nan	nan
11.000000000000000	nan	nan	nan
11.000000000000000	nan	nan	nan
11.000000000000000	nan	nan	nan
11.000000000000000	nan	nan	nan
11.000000000000000	nan	nan	nan
11.000000000000000	nan	nan	nan
11.000000000000000	nan	nan	nan
11.000000000000000	nan	nan	nan
11.000000000000000	nan	nan	nan
11.000000000000000	nan	nan	nan
11.000000000000000	nan	nan	nan
11.000000000000000	nan	nan	nan
11.000000000000000	nan	nan	nan
11.000000000000000	nan	nan	nan
11.000000000000000	nan	nan	nan
11.000000000000000	nan	nan	nan
11.000000000000000	nan	nan	nan
11.000000000000000	nan	nan	nan
11.000000000000000	nan	nan	nan
11.000000000000000	nan	nan	nan
11.000000000000000	nan	nan	nan
11.000000000000000	nan	nan	nan
11.000000000000000	nan	nan	nan
11.000000000000000	nan	nan	nan
11.000000000000000	nan	nan	nan
11.000000000000000	nan	nan	nan
11.000000000000000	nan	nan	nan
11.000000000000000	nan	nan	nan
11.000000000000000	nan	nan	nan
11.000000000000000	nan	nan	nan
11.000000000000000	nan	nan	nan
11.000000000000000	nan	nan	nan
11.000000000000000	nan	nan	nan
11.000000000000000	nan	nan	nan
11.000000000000000	nan	nan	nan
11.000000000000000	nan	nan	nan
11.000000000000000	nan	nan	nan
11.000000000000000	nan	nan	nan
11.000000000000000	nan	nan	nan
11.000000000000000	nan	nan	nan
11.000000000000000	nan	nan	nan
11.000000000000000	nan	nan	nan
11.000000000000000	nan	nan	nan
11.000000000000000	nan	nan	nan
11.000000000000000	nan	nan	nan
11.000000000000000	nan	nan	nan
11.000000000000000	nan	nan	nan
11.000000000000000	nan	nan	nan
11.000000000000000	nan	nan	nan
11.000000000000000	nan	nan	nan
11.000000000000000	nan	nan	nan
11.000000000000000	nan	nan	nan
11.000000000000000	nan	nan	nan
11.000000000000000	nan	nan	nan
11.000000000000000	nan	nan	nan
11.000000000000000	nan	nan	nan
11.000000000000000	nan	nan	nan
11.000000000000000	nan	nan	nan
11.000000000000000	nan	nan	nan
11.000000000000000	nan	nan	nan
11.000000000000000	nan	nan	nan
11.000000000000000	nan	nan	nan
11.000000000000000	nan	nan	nan
11.000000000000000	nan	nan	nan
11.000000000000000	nan	nan	nan
11.000000000000000	nan	nan	nan
11.000000000000000	nan	nan	nan
11.000000000000000	nan	nan	nan
11.000000000000000	nan	nan	nan
11.000000000000000	nan	nan	nan
11.000000000000000	nan	nan	nan
11.000000000000000	nan	nan	nan
11.000000000000000	nan	nan	nan
11.000000000000000	nan	nan	nan
11.000000000000000	nan	nan	nan
11.000000000000000	nan	nan	nan
11.000000000000000	nan	nan	nan
11.000000000000000	nan	nan	nan
11.000000000000000	nan	nan	nan
11.000000000000000	nan	nan	nan
11.000000000000000	nan	nan	nan
11.000000000000000	nan	nan	nan
11.000000000000000	nan	nan	nan


12.000000000000000	nan	nan	nan
12.000000000000000	nan	nan	nan
12.000000000000000	nan	nan	nan
12.000000000000000	nan	nan	nan
12.000000000000000	nan	nan	nan
12.000000000000000	nan	nan	nan
12.000000000000000	nan	nan	nan
12.000000000000000	nan	nan	nan
12.000000000000000	nan	nan	nan
12.000000000000000	nan	nan	nan
12.000000000000000	nan	nan	nan
12.000000000000000	nan	nan	nan
12.000000000000000	nan	nan	nan
12.000000000000000	nan	nan	nan
12.000000000000000	nan	nan	nan
12.000000000000000	nan	nan	nan
12.000000000000000	nan	nan	nan
12.000000000000000	nan	nan	nan
12.000000000000000	nan	nan	nan
12.000000000000000	nan	nan	nan
12.000000000000000	nan	nan	nan
12.000000000000000	nan	nan	nan
12.000000000000000	nan	nan	nan
12.000000000000000	nan	nan	nan
12.000000000000000	nan	nan	nan
12.000000000000000	nan	nan	nan
12.000000000000000	nan	nan	nan
12.000000000000000	nan	nan	nan
12.000000000000000	nan	nan	nan
12.000000000000000	nan	nan	nan
12.000000000000000	nan	nan	nan
12.000000000000000	nan	nan	nan
12.000000000000000	nan	nan	nan
12.000000000000000	nan	nan	nan
12.000000000000000	nan	nan	nan
12.000000000000000	nan	nan	nan
12.000000000000000	nan	nan	nan
12.000000000000000	nan	nan	nan
12.000000000000000	nan	nan	nan
12.000000000000000	nan	nan	nan
12.000000000000000	nan	nan	nan
12.000000000000000	nan	nan	nan
12.000000000000000	nan	nan	nan
12.000000000000000	nan	nan	nan
12.000000000000000	nan	nan	nan
12.000000000000000	nan	nan	nan
12.000000000000000	nan	nan	nan
12.000000000000000	nan	nan	nan
12.000000000000000	nan	nan	nan
12.000000000000000	nan	nan	nan
12.000000000000000	nan	nan	nan
12.000000000000000	nan	nan	nan
12.000000000000000	nan	nan	nan
12.000000000000000	nan	nan	nan
12.000000000000000	nan	nan	nan
12.000000000000000	nan	nan	nan
12.000000000000000	nan	nan	nan
12.000000000000000	nan	nan	nan
12.000000000000000	nan	nan	nan
12.000000000000000	nan	nan	nan
12.000000000000000	nan	nan	nan
12.000000000000000	nan	nan	nan
12.000000000000000	nan	nan	nan
12.000000000000000	nan	nan	nan
12.000000000000000	nan	nan	nan
12.000000000000000	nan	nan	nan
12.000000000000000	nan	nan	nan
12.000000000000000	nan	nan	nan
12.000000000000000	nan	nan	nan
12.000000000000000	nan	nan	nan
12.000000000000000	nan	nan	nan
12.000000000000000	nan	nan	nan
12.000000000000000	nan	nan	nan
12.000000000000000	nan	nan	nan
12.000000000000000	nan	nan	nan
12.000000000000000	nan	nan	nan
12.000000000000000	nan	nan	nan
12.000000000000000	nan	nan	nan
12.000000000000000	nan	nan	nan
12.000000000000000	nan	nan	nan
12.000000000000000	nan	nan	nan
12.000000000000000	nan	nan	nan
12.000000000000000	nan	nan	nan
12.000000000000000	nan	nan	nan
12.000000000000000	nan	nan	nan
12.000000000000000	nan	nan	nan
12.000000000000000	nan	nan	nan
12.000000000000000	nan	nan	nan
12.000000000000000	nan	nan	nan
12.000000000000000	nan	nan	nan
12.000000000000000	nan	nan	nan
12.000000000000000	nan	nan	nan
12.000000000000000	nan	nan	nan
12.000000000000000	nan	nan	nan
12.000000000000000	nan	nan	nan
12.000000000000000	nan	nan	nan
12.000000000000000	nan	nan	nan
12.000000000000000	nan	nan	nan
12.000000000000000	nan	nan	nan
12.000000000000000	nan	nan	nan


13.000000000000000	nan	nan	nan
13.000000000000000	nan	nan	nan
13.000000000000000	nan	nan	nan
13.000000000000000	nan	nan	nan
13.000000000000000	nan	nan	nan
13.000000000000000	nan	nan	nan
13.000000000000000	nan	nan	nan
13.000000000000000	nan	nan	nan
13.000000000000000	nan	nan	nan
13.000000000000000	nan	nan	nan
13.000000000000000	nan	nan	nan
13.000000000000000	nan	nan	nan
13.000000000000000	nan	nan	nan
13.000000000000000	nan	nan	nan
13.000000000000000	nan	nan	nan
13.000000000000000	nan	nan	nan
13.000000000000000	nan	nan	nan
13.000000000000000	nan	nan	nan
13.000000000000000	nan	nan	nan
13.000000000000000	nan	nan	nan
13.000000000000000	nan	nan	nan
13.000000000000000	nan	nan	nan
13.000000000000000	nan	nan	nan
13.000000000000000	nan	nan	nan
13.000000000000000	nan	nan	nan
13.000000000000000	nan	nan	nan
13.000000000000000	nan	nan	nan
13.000000000000000	nan	nan	nan
13.000000000000000	nan	nan	nan
13.000000000000000	nan	nan	nan
13.000000000000000	nan	nan	nan
13.000000000000000	nan	nan	nan
13.000000000000000	nan	nan	nan
13.000000000000000	nan	nan	nan
13.000000000000000	nan	nan	nan
13.000000000000000	nan	nan	nan
13.000000000000000	nan	nan	nan
13.000000000000000	nan	nan	nan
13.000000000000000	nan	nan	nan
13.000000000000000	nan	nan	nan
13.000000000000000	nan	nan	nan
13.000000000000000	nan	nan	nan
13.000000000000000	nan	nan	nan
13.000000000000000	nan	nan	nan
13.000000000000000	nan	nan	nan
13.000000000000000	nan	nan	nan
13.000000000000000	nan	nan	nan
13.000000000000000	nan	nan	nan
13.000000000000000	nan	nan	nan
13.000000000000000	nan	nan	nan
13.000000000000000	nan	nan	nan
13.000000000000000	nan	nan	nan
13.000000000000000	nan	nan	nan
13.000000000000000	nan	nan	nan
13.000000000000000	nan	nan	nan
13.000000000000000	nan	nan	nan
13.000000000000000	nan	nan	nan
13.000000000000000	nan	nan	nan
13.000000000000000	nan	nan	nan
13.000000000000000	nan	nan	nan
13.000000000000000	nan	nan	nan
13.000000000000000	nan	nan	nan
13.000000000000000	nan	nan	nan
13.000000000000000	nan	nan	nan
13.000000000000000	nan	nan	nan
13.000000000000000	nan	nan	nan
13.000000000000000	nan	nan	nan
13.000000000000000	nan	nan	nan
13.000000000000000	nan	nan	nan
13.000000000000000	nan	nan	nan
13.000000000000000	nan	nan	nan
13.000000000000000	nan	nan	nan
13.000000000000000	nan	nan	nan
13.000000000000000	nan	nan	nan
13.000000000000000	nan	nan	nan
13.000000000000000	nan	nan	nan
13.000000000000000	nan	nan	nan
13.000000000000000	nan	nan	nan
13.000000000000000	nan	nan	nan
13.000000000000000	nan	nan	nan
13.000000000000000	nan	nan	nan
13.000000000000000	nan	nan	nan
13.000000000000000	nan	nan	nan
13.000000000000000	nan	nan	nan
13.000000000000000	nan	nan	nan
13.000000000000000	nan	nan	nan
13.000000000000000	nan	nan	nan
13.000000000000000	nan	nan	nan
13.000000000000000	nan	nan	nan
13.000000000000000	nan	nan	nan
13.000000000000000	nan	nan	nan
13.000000000000000	nan	nan	nan
13.000000000000000	nan	nan	nan
13.000000000000000	nan	nan	nan
13.000000000000000	nan	nan	nan
13.000000000000000	nan	nan	nan
13.000000000000000	nan	nan	nan
13.000000000000000	nan	nan	nan
13.000000000000000	nan	nan	nan
13.000000000000000	nan	nan	nan


14.000000000000000	1.563564625722753	-0.103492068014846	0.222118751516803
14.000000000000000	1.568212103563788	0.043615738294374	0.222216212416315
14.000000000000000	1.562932795230912	0.190787006962057	0.220905747959771
14.000000000000000	1.547747958635484	0.337429131232460	0.218192634925019
14.000000000000000	1.522718737755078	0.482951635027569	0.214087798060671
14.000000000000000	1.487945916428274	0.626768550585863	0.208607766096004
14.000000000000000	1.443569512533703	0.768300777947674	0.201774605185598
14.000000000000000	1.389768214187473	0.906978416786332	0.193615830056715
14.000000000000000	1.326758660229194	1.042243061195642	0.184164293217213
14.000000000000000	1.254794567893823	1.173550048193382	0.173458052670082
14.000000000000000	1.174165711181918	1.300370650886896	0.161540218667305
14.000000000000000	1.085196754042006	1.422194207469677	0.148458780120085
14.000000000000000	0.988245943063449	1.538530177476232	0.134266411364440
14.000000000000000	0.883703664943874	1.648910117015400	0.119020260060242
14.000000000000000	0.771990874539723	1.752889565028569	0.102781717077757
14.000000000000000	0.653557399829620	1.850049832977488	0.085616169298284
14.000000000000000	0.528880130615865	1.939999690755237	0.067592736324257
14.000000000000000	0.398461098257518	2.022376942031789	0.048783992159005
14.000000000000000	0.262825454167299	2.096849882690789	0.029265672976853
14.000000000000000	0.122519355212207	2.163118636484964	0.009116372160276
14.000000000000000	-0.021892235467432	2.220916362531929	-0.011582776167905
14.000000000000000	-0.169827823365121	2.270010329788240	-0.032748423843010
14.000000000000000	-0.320691724081340	2.310202854175165	-0.054295344272134
14.000000000000000	-0.473876461934378	2.341332094582700	-0.076136775611560
14.000000000000000	-0.628765216050502	2.363272704546594	-0.098184770126082
14.000000000000000	-0.784734304083903	2.375936336974325	-0.120350548323491
14.000000000000000	-0.941155693565391	2.379271999887656	-0.142544856438261
14.000000000000000	-1.097399530767478	2.373266261749337	-0.164678325824955
14.000000000000000	-1.252836676903039	2.357943305547163	-0.186661832814224
14.000000000000000	-1.406841241445160	2.333364831417618	-0.208406857582363
14.000000000000000	-1.558793102367380	2.299629808201203	-0.229825840589402
14.000000000000000	-1.708080403156230	2.256874074929843	-0.250832535150469
14.000000000000000	-1.854102016541452	2.205269793851053	-0.271342354720749
14.000000000000000	-1.996269965023365	2.145024757191329	-0.291272713495643
14.000000000000000	-2.134011788450723	2.076381550450187	-0.310543358954663
14.000000000000000	-2.266772849115704	1.999616575593983	-0.329076695009998
14.000000000000000	-2.394018565084196	1.915038938082743	-0.346798094458580
14.000000000000000	-2.515236562768580	1.822989202211575	-0.363636199479486
14.000000000000000	-2.629938740075314	1.723838019778451	-0.379523208966702
14.000000000000000	-2.737663231819806	1.617984637600237	-0.394395151540243
14.000000000000000	-2.837976269494487	1.505855289886675	-0.408192143136325
14.000000000000000	-2.930473927901504	1.387901481945650	-0.420858628139354
14.000000000000000	-3.014783751616922	1.264598172130681	-0.432343603084778
14.000000000000000	-3.090566254737270	1.136441859351256	-0.442600822032044
14.000000000000000	-3.157516287869439	1.003948583846969	-0.451588982780671
14.000000000000000	-3.215364266859608	0.867651849275596	-0.459271893179641
14.000000000000000	-3.263877258313464	0.728100474482177	-0.465618616860411
14.000000000000000	-3.302859917536782	0.585856383599212	-0.470603597806757
14.000000000000000	-3.332155275119556	0.441492343376525	-0.474206763259826
14.000000000000000	-3.351645368996413	0.295589656851703	-0.476413604544052
14.000000000000000	-3.361251719438219	0.148735822647937	-0.477215235488475
14.000000000000000	-3.360935645062248	0.001522169324421	-0.476608428208212
14.000000000000000	-3.350698418588452	-0.145458525695054	-0.474595626102012
14.000000000000000	-3.330581261714677	-0.291614423027564	-0.471184934013551
14.000000000000000	-3.300665179131431	-0.436357004459366	-0.466390085596087
14.000000000000000	-3.261070632344580	-0.579103442701024	-0.460230388011884
14.000000000000000	-3.211957054619385	-0.719278948227206	-0.452730644189088
14.000000000000000	-3.153522208999015	-0.856319083751229	-0.443921052949085
14.000000000000000	-3.086001391982569	-0.989672037014800	-0.433837087406508
14.000000000000000	-3.009666486069120	-1.118800842741220	-0.422519352131525
14.000000000000000	-2.924824864982853	-1.243185544805037	-0.410013419649563
14.000000000000000	-2.831818155987560	-1.362325289911843	-0.396369646936836
14.000000000000000	-2.731020864274227	-1.475740344357727	-0.381642972650575
14.000000000000000	-2.622838864960807	-1.582974025747571	-0.365892695910441
14.000000000000000	-2.507707768776373	-1.683594541893876	-0.349182237521906
14.000000000000000	-2.386091168010458	-1.777196729491507	-0.331578884603048
14.000000000000000	-2.258478769790522	-1.863403685567317	-0.313153519643077
14.000000000000000	-2.125384424204199	-1.941868285135396	-0.293980335083570
14.000000000000000	-1.987344055206344	-2.012274578946874	-0.274136534571691
14.000000000000000	-1.844913502642423	-2.074339065706036	-0.253702022088356
14.000000000000000	-1.698666284077634	-2.127811833629978	-0.232759080203102
14.000000000000000	-1.549191285444095	-2.172477566755149	-0.211392038751220
14.000000000000000	-1.397090389805032	-2.208156411938745	-0.189686935267272
14.000000000000000	-1.242976053784123	-2.234704703063840	-0.167731168542308
14.000000000000000	-1.087468841418824	-2.252015539532126	-0.145613146699777
14.000000000000000	-0.931194925368035	-2.260019216714897	-0.123421931207221
14.000000000000000	-0.774783565535784	-2.258683506628987	-0.101246878257179
14.000000000000000	-0.618864575263702	-2.248013787707480	-0.079177278961332
14.000000000000000	-0.464065785294976	-2.228053023142663	-0.057301999806717
14.000000000000000	-0.311010515721545	-2.198881587888410	-0.035709124821748
14.000000000000000	-0.160315066094077	-2.160616945018615	-0.014485600892917
14.000000000000000	-0.012586233801198	-2.113413172744847	0.006283112339625
14.000000000000000	0.131581129289413	-2.057460343997775	0.026513386597877
14.000000000000000	0.271606512089567	-1.992983761070561	0.046123761707552
14.000000000000000	0.406926081803812	-1.920243048406045	0.065035273609441
14.000000000000000	0.536994954285111	-1.839531107180744	0.083171772319818
14.000000000000000	0.661289388090975	-1.751172935895199	0.100460228559539
14.000000000000000	0.779308893405417	-1.655524321719709	0.116831027817179
14.000000000000000	0.890578247334784	-1.552970407864976	0.132218250662101
14.000000000000000	0.994649407462629	-1.443924142746328	0.146559938178731
14.000000000000000	1.091103315958381	-1.328824617186199	0.159798341453249
14.000000000000000	1.179551586975336	-1.208135296350359	0.171880154108082
14.000000000000000	1.259638070543375	-1.082342153537271	0.182756726947868
14.000000000000000	1.331040286659195	-0.951951713335134	0.192384263852600
14.000000000000000	1.393470723799464	-0.817489012026153	0.200723998129142
14.000000000000000	1.446677996628251	-0.679495483450725	0.207742348611020
14.000000000000000	1.490447858237052	-0.538526778844465	0.213411054877926
14.000000000000000	1.524604062841467	-0.395150529426800	0.217707291050458
14.000000000000000	1.549009075460775	-0.249944060750380	0.220613757701879
14.000000000000000	1.563564625722753	-0.103492068014846	0.222118751516803


15.000000000000000	nan	nan	nan
15.000000000000000	nan	nan	nan
15.000000000000000	nan	nan	nan
15.000000000000000	nan	nan	nan
15.000000000000000	nan	nan	nan
15.000000000000000	nan	nan	nan
15.000000000000000	nan	nan	nan
15.000000000000000	nan	nan	nan
15.000000000000000	nan	nan	nan
15.000000000000000	nan	nan	nan
15.000000000000000	nan	nan	nan
15.000000000000000	nan	nan	nan
15.000000000000000	nan	nan	nan
15.000000000000000	nan	nan	nan
15.000000000000000	nan	nan	nan
15.000000000000000	nan	nan	nan
15.000000000000000	nan	nan	nan
15.000000000000000	nan	nan	nan
15.000000000000000	nan	nan	nan
15.000000000000000	nan	nan	nan
15.000000000000000	nan	nan	nan
15.000000000000000	nan	nan	nan
15.000000000000000	nan	nan	nan
15.000000000000000	nan	nan	nan
15.000000000000000	nan	nan	nan
15.000000000000000	nan	nan	nan
15.000000000000000	nan	nan	nan
15.000000000000000	nan	nan	nan
15.000000000000000	nan	nan	nan
15.000000000000000	nan	nan	nan
15.000000000000000	nan	nan	nan
15.000000000000000	nan	nan	nan
15.000000000000000	nan	nan	nan
15.000000000000000	nan	nan	nan
15.000000000000000	nan	nan	nan
15.000000000000000	nan	nan	nan
15.000000000000000	nan	nan	nan
15.000000000000000	nan	nan	nan
15.000000000000000	nan	nan	nan
15.000000000000000	nan	nan	nan
15.000000000000000	nan	nan	nan
15.000000000000000	nan	nan	nan
15.000000000000000	nan	nan	nan
15.000000000000000	nan	nan	nan
15.000000000000000	nan	nan	nan
15.000000000000000	nan	nan	nan
15.000000000000000	nan	nan	nan
15.000000000000000	nan	nan	nan
15.000000000000000	nan	nan	nan
15.000000000000000	nan	nan	nan
15.000000000000000	nan	nan	nan
15.000000000000000	nan	nan	nan
15.000000000000000	nan	nan	nan
15.000000000000000	nan	nan	nan
15.000000000000000	nan	nan	nan
15.000000000000000	nan	nan	nan
15.000000000000000	nan	nan	nan
15.000000000000000	nan	nan	nan
15.000000000000000	nan	nan	nan
15.000000000000000	nan	nan	nan
15.000000000000000	nan	nan	nan
15.000000000000000	nan	nan	nan
15.000000000000000	nan	nan	nan
15.000000000000000	nan	nan	nan
15.000000000000000	nan	nan	nan
15.000000000000000	nan	nan	nan
15.000000000000000	nan	nan	nan
15.000000000000000	nan	nan	nan
15.000000000000000	nan	nan	nan
15.000000000000000	nan	nan	nan
15.000000000000000	nan	nan	nan
15.000000000000000	nan	nan	nan
15.000000000000000	nan	nan	nan
15.000000000000000	nan	nan	nan
15.000000000000000	nan	nan	nan
15.000000000000000	nan	nan	nan
15.000000000000000	nan	nan	nan
15.000000000000000	nan	nan	nan
15.000000000000000	nan	nan	nan
15.000000000000000	nan	nan	nan
15.000000000000000	nan	nan	nan
15.000000000000000	nan	nan	nan
15.000000000000000	nan	nan	nan
15.000000000000000	nan	nan	nan
15.000000000000000	nan	nan	nan
15.000000000000000	nan	nan	nan
15.000000000000000	nan	nan	nan
15.000000000000000	nan	nan	nan
15.000000000000000	nan	nan	nan
15.000000000000000	nan	nan	nan
15.000000000000000	nan	nan	nan
15.000000000000000	nan	nan	nan
15.000000000000000	nan	nan	nan
15.000000000000000	nan	nan	nan
15.000000000000000	nan	nan	nan
15.000000000000000	nan	nan	nan
15.000000000000000	nan	nan	nan
15.000000000000000	nan	nan	nan
15.000000000000000	nan	nan	nan
15.000000000000000	nan	nan	nan


16.000000000000000	-0.302491964769604	0.740293879649938	-0.018868937739977
16.000000000000000	-0.352108703116775	0.718279780400412	-0.013597251133586
16.000000000000000	-0.400213647704625	0.693143432176983	-0.008264951113958
16.000000000000000	-0.446613096899638	0.664986050182232	-0.002893508971269
16.000000000000000	-0.491120216496303	0.633921014255477	0.002495446392787
16.000000000000000	-0.533555792032514	0.600073412332184	0.007880215556960
16.000000000000000	-0.573748950422959	0.563579536759000	0.013239115956345
16.000000000000000	-0.611537848004725	0.524586335492571	0.018550569190424
16.000000000000000	-0.646770322224606	0.483250820391989	0.023793187911668
16.000000000000000	-0.679304504344000	0.439739434987453	0.028945861944836
16.000000000000000	-0.709009390694250	0.394227384270913	0.033987843290202
16.000000000000000	-0.735765370182177	0.346897929207411	0.038898829668422
16.000000000000000	-0.759464705921740	0.297941648807851	0.043659046270654
16.000000000000000	-0.780011969052449	0.247555672734589	0.048249325384730
16.000000000000000	-0.797324422997705	0.195942887529854	0.052651183576768
16.000000000000000	-0.811332356615793	0.143311119663255	0.056846896117436
16.000000000000000	-0.821979364902045	0.089872298687937	0.060819568353184
16.000000000000000	-0.829222576111889	0.035841603875068	0.064553203735048
16.000000000000000	-0.833032824390229	-0.018563402237137	0.068032768231110
16.000000000000000	-0.833394767212050	-0.073123649890972	0.071244250863234
16.000000000000000	-0.830306947161355	-0.127619444225835	0.074174720124333
16.000000000000000	-0.823781797799662	-0.181831349911891	0.076812376048983
16.000000000000000	-0.813845593600439	-0.235541074738695	0.079146597727722
16.000000000000000	-0.800538344151075	-0.288532348600884	0.081167986073696
16.000000000000000	-0.783913633048391	-0.340591794341553	0.082868401669473
16.000000000000000	-0.764038402136411	-0.391509786946763	0.084240997541601
16.000000000000000	-0.740992681955178	-0.441081297631480	0.085280246730951
16.000000000000000	-0.714869269486017	-0.489106719418132	0.085981964547834
16.000000000000000	-0.685773354490848	-0.535392670883459	0.086343325422269
16.000000000000000	-0.653822095950133	-0.579752774837247	0.086362874281554
16.000000000000000	-0.619144150305019	-0.622008408797498	0.086040532409333
16.000000000000000	-0.581879153403253	-0.661989424240114	0.085377597762556
16.000000000000000	-0.542177158234910	-0.699534831726961	0.084376739745068
16.000000000000000	-0.500198030721962	-0.734493449153505	0.083041988458858
16.000000000000000	-0.456110805994632	-0.766724510505795	0.081378718476264
16.000000000000000	-0.410093007746585	-0.796098232675520	0.079393627198464
16.000000000000000	-0.362329933409671	-0.822496338050773	0.077094707887410
16.000000000000000	-0.313013908026566	-0.845812530778255	0.074491217479777
16.000000000000000	-0.262343509825703	-0.865952924779158	0.071593639312550
16.000000000000000	-0.210522770616836	-0.882836421795265	0.068413640910329
16.000000000000000	-0.157760354226952	-0.896395037943020	0.064964027004316
16.000000000000000	-0.104268716284686	-0.906574177460623	0.061258687972193
16.000000000000000	-0.050263248736494	-0.913332852545901	0.057312543906466
16.000000000000000	0.004038587460704	-0.916643848399718	0.053141484536519
16.000000000000000	0.058418137978034	-0.916493832810366	0.048762305246287
16.000000000000000	0.112656435558488	-0.912883409837676	0.044192639445167
16.000000000000000	0.166535081720778	-0.905827117380683	0.039450887564505
16.000000000000000	0.219837126172941	-0.895353368638637	0.034556142965553
16.000000000000000	0.272347940394592	-0.881504337701078	0.029528115057241
16.000000000000000	0.323856081870226	-0.864335789727662	0.024387049933345
16.000000000000000	0.374154145493597	-0.843916856401545	0.019153648848612
16.000000000000000	0.423039598714883	-0.820329757560498	0.013848984862113
16.000000000000000	0.470315597067778	-0.793669470126633	0.008494417983475
16.000000000000000	0.515791776792683	-0.764043345667864	0.003111509163656
16.000000000000000	0.559285021364380	-0.731570678131031	-0.002278066523389
16.000000000000000	0.600620198837650	-0.696382223487279	-0.007652607158588
16.000000000000000	0.639630867041800	-0.658619673223911	-0.012990471363711
16.000000000000000	0.676159943784544	-0.618435083802783	-0.018270165443572
16.000000000000000	0.710060339366551	-0.575990264382593	-0.023470429933545
16.000000000000000	0.741195548859743	-0.531456125270511	-0.028570325203931
16.000000000000000	0.769440201764471	-0.485011989726694	-0.033549315776451
16.000000000000000	0.794680566832261	-0.436844871892809	-0.038387353013375
16.000000000000000	0.816815010021414	-0.387148723752090	-0.043064955846304
16.000000000000000	0.835754403741423	-0.336123654153153	-0.047563289219560
16.000000000000000	0.851422485738317	-0.283975123042293	-0.051864239932309
16.000000000000000	0.863756166175847	-0.230913114148794	-0.055950489574023
16.000000000000000	0.872705781675986	-0.177151289454564	-0.059805584259612
16.000000000000000	0.878235295295827	-0.122906128852747	-0.063414000883409
16.000000000000000	0.880322441635629	-0.068396058459594	-0.066761209625238
16.000000000000000	0.878958816493729	-0.013840571089589	-0.069833732456872
16.000000000000000	0.874149910707288	0.040540657564648	-0.072619197413296
16.000000000000000	0.865915088042636	0.094528653488843	-0.075106388410242
16.000000000000000	0.854287507224214	0.147906026078134	-0.077285290407405
16.000000000000000	0.839313988416096	0.200457843492318	-0.079147129735472
16.000000000000000	0.821054824693712	0.251972498110503	-0.080684409424593
16.000000000000000	0.799583539264913	0.302242558600317	-0.081890939392034
16.000000000000000	0.774986589417965	0.351065605170674	-0.082761861367453
16.000000000000000	0.747363018388562	0.398245044644824	-0.083293668455441
16.000000000000000	0.716824056547671	0.443590902071694	-0.083484219256553
16.000000000000000	0.683492673516090	0.486920585687964	-0.083332746489967
16.000000000000000	0.647503083009184	0.528059622150653	-0.082839860083052
16.000000000000000	0.609000202405620	0.566842359079693	-0.082007544715408
16.000000000000000	0.568139069216239	0.603112632081594	-0.080839151827260
16.000000000000000	0.525084216802711	0.636724393568347	-0.079339386124392
16.000000000000000	0.480009011859765	0.667542300839504	-0.077514286633955
16.000000000000000	0.433094956328691	0.695442261059475	-0.075371202387440
16.000000000000000	0.384530956553092	0.720311930935569	-0.072918762828721
16.000000000000000	0.334512562619701	0.742051169084792	-0.070166843066326
16.000000000000000	0.283241180947209	0.760572439267843	-0.067126524109866
16.000000000000000	0.230923263293694	0.775801162866665	-0.063810048250717
16.000000000000000	0.177769475448266	0.787676019186206	-0.060230769766633
16.000000000000000	0.123993848954280	0.796149192371225	-0.056403101148788
16.000000000000000	0.069812919279854	0.801186563943860	-0.052342455067752
16.000000000000000	0.015444853905966	0.802767850186695	-0.048065182312115
16.000000000000000	-0.038891426156993	0.800886683818138	-0.043588505949626
16.000000000000000	-0.092977127886862	0.795550639631207	-0.038930451975982
16.000000000000000	-0.146594467251985	0.786781203992520	-0.034109776730505
16.000000000000000	-0.199527546150645	0.774613688324277	-0.029145891370979
16.000000000000000	-0.251563221756517	0.759097086917624	-0.024058783711777
16.000000000000000	-0.302491964769604	0.740293879649938	-0.018868937739977


17.000000000000000	1.237963319761683	0.138982761272585	0.127733899143678
17.000000000000000	1.226145672340975	0.221100702043631	0.127086842743074
17.000000000000000	1.209166221357534	0.302303138966503	0.125904883496442
17.000000000000000	1.187093337067679	0.382263098487605	0.124192780736502
17.000000000000000	1.160015899185959	0.460658610071315	0.121957428496792
17.000000000000000	1.128042938997911	0.537174002661694	0.119207827751829
17.000000000000000	1.091303200329553	0.611501175778412	0.115955050173357
17.000000000000000	1.049944621141442	0.683340840128638	0.112212193548639
17.000000000000000	1.004133737834716	0.752403722739398	0.107994329040282
17.000000000000000	0.954055014667786	0.818411731757731	0.103318440499994
17.000000000000000	0.899910100983870	0.881099076228436	0.098203356080601
17.000000000000000	0.841917019240264	0.940213336340438	0.092669672421723
17.000000000000000	0.780309287108854	0.995516479832275	0.086739671714374
17.000000000000000	0.715334977182866	1.046785820464005	0.080437231978446
17.000000000000000	0.647255718076096	1.093814914696099	0.073787730914349
17.000000000000000	0.576345640936815	1.136414392964709	0.066817943715968
17.000000000000000	0.502890275618394	1.174412722206070	0.059555935256408
17.000000000000000	0.427185400951356	1.207656896559598	0.052030947080655
17.000000000000000	0.349535853746423	1.236013053468496	0.044273279660196
17.000000000000000	0.270254301324264	1.259367012697022	0.036314170383711
17.000000000000000	0.189659982514554	1.277624736093997	0.028185667775140
17.000000000000000	0.108077422193876	1.290712706251249	0.019920502445582
17.000000000000000	0.025835124538586	1.298578222532275	0.011551955298682
17.000000000000000	-0.056735749745565	1.301189613279095	0.003113723520173
17.000000000000000	-0.139302716890711	1.298536363342845	-0.005360215108795
17.000000000000000	-0.221533308861654	1.290629156424572	-0.013835739028185
17.000000000000000	-0.303096412087302	1.277499832055734	-0.022278720294558
17.000000000000000	-0.383663600738155	1.259201257391654	-0.030655162002253
17.000000000000000	-0.462910459181202	1.235807114334134	-0.038931335176924
17.000000000000000	-0.540517888287180	1.207411602840451	-0.047073914590222
17.000000000000000	-0.616173390330135	1.174129061613370	-0.055050112948721
17.000000000000000	-0.689572327305481	1.136093507699548	-0.062827812916781
17.000000000000000	-0.760419147599713	1.093458096850184	-0.070375696441723
17.000000000000000	-0.828428576072452	1.046394506816865	-0.077663370860569
17.000000000000000	-0.893326762758740	0.995092246065855	-0.084661491280574
17.000000000000000	-0.954852385566205	0.939757890694385	-0.091341878740749
17.000000000000000	-1.012757702526883	0.880614252621621	-0.097677633678594
17.000000000000000	-1.066809549366698	0.817899482403702	-0.103643244245139
17.000000000000000	-1.116790278375685	0.751866110285508	-0.109214689032158
17.000000000000000	-1.162498634798513	0.682780029350493	-0.114369533797900
17.000000000000000	-1.203750567216348	0.610919424863080	-0.119087021801863
17.000000000000000	-1.240379968656955	0.536573654114788	-0.123348157384865
17.000000000000000	-1.272239345448851	0.460042081284542	-0.127135782457852
17.000000000000000	-1.299200411126264	0.381632872004789	-0.130434645591476
17.000000000000000	-1.321154602993452	0.301661752487256	-0.133231463428210
17.000000000000000	-1.338013519268360	0.220450738204933	-0.135514974169745
17.000000000000000	-1.349709275045399	0.138326837249412	-0.137275982924276
17.000000000000000	-1.356194775643998	0.055620733584723	-0.138507398731085
17.000000000000000	-1.357443906242265	-0.027334544500281	-0.139204263113339
17.000000000000000	-1.353451637032153	-0.110204965379300	-0.139363770044125
17.000000000000000	-1.344234043472724	-0.192656839116053	-0.138985277245328
17.000000000000000	-1.329828241559950	-0.274358161115876	-0.138070308773864
17.000000000000000	-1.310292238373696	-0.354979948991050	-0.136622548884835
17.000000000000000	-1.285704698503683	-0.434197567256758	-0.134647827196335
17.000000000000000	-1.256164627294947	-0.511692034523609	-0.132154095215638
17.000000000000000	-1.221790972188262	-0.587151307923110	-0.129151394321285
17.000000000000000	-1.182722143760777	-0.660271539594160	-0.125651815329991
17.000000000000000	-1.139115458395467	-0.730758300171150	-0.121669449811200
17.000000000000000	-1.091146504823592	-0.798327764347100	-0.117220333345305
17.000000000000000	-1.039008437090843	-0.862707853737994	-0.112322380954026
17.000000000000000	-0.982911196794173	-0.923639332446407	-0.106995314962942
17.000000000000000	-0.923080667721085	-0.980876850912966	-0.101260585586643
17.000000000000000	-0.859757766295344	-1.034189933852431	-0.095141284556291
17.000000000000000	-0.793197471491569	-1.083363908296326	-0.088662052137367
17.000000000000000	-0.723667798124892	-1.128200768005213	-0.081848977912015
17.000000000000000	-0.651448717649897	-1.168519970769934	-0.074729495725510
17.000000000000000	-0.576831030814380	-1.204159165391367	-0.067332273219840
17.000000000000000	-0.500115196707384	-1.234974845411404	-0.059687096399232
17.000000000000000	-0.421610122916479	-1.260842926962806	-0.051824749692424
17.000000000000000	-0.341631921665946	-1.281659248411143	-0.043776891994639
17.000000000000000	-0.260502636944411	-1.297339989776935	-0.035575929188385
17.000000000000000	-0.178548947747375	-1.307822010249120	-0.027254883656403
17.000000000000000	-0.096100852656189	-1.313063102430822	-0.018847261312189
17.000000000000000	-0.013490341050244	-1.313042162293636	-0.010386916683507
17.000000000000000	0.068949943697089	-1.307759274156102	-0.001907916592149
17.000000000000000	0.150888043655916	-1.297235710344190	0.006555597021126
17.000000000000000	0.231994023017245	-1.281513845535142	0.014969544574143
17.000000000000000	0.311941296628037	-1.260656986129612	0.023300046069756
17.000000000000000	0.390407945034357	-1.234749115339125	0.031513557518640
17.000000000000000	0.467078010737383	-1.203894555015334	0.039577006009099
17.000000000000000	0.541642770442753	-1.168217545582739	0.047457922880005
17.000000000000000	0.613801978180301	-1.127861745766346	0.055124574460640
17.000000000000000	0.683265074288610	-1.082989654128687	0.062546089850985
17.000000000000000	0.749752355396218	-1.033781954745463	0.069692585227941
17.000000000000000	0.812996100688378	-0.980436789654538	0.076535284176937
17.000000000000000	0.872741649924283	-0.923168961007889	0.083046633564392
17.000000000000000	0.928748428863980	-0.862209066139156	0.089200414484463
17.000000000000000	0.980790917975922	-0.797802569029558	0.094971847833325
17.000000000000000	1.028659560524527	-0.730208811911083	0.100337694085872
17.000000000000000	1.072161606381193	-0.659699970986852	0.105276346873087
17.000000000000000	1.111121888161029	-0.586559960473613	0.109767919983263
17.000000000000000	1.145383526560096	-0.511083289379390	0.113794327436759
17.000000000000000	1.174808562052995	-0.433573875619658	0.117339356311853
17.000000000000000	1.199278510407178	-0.354343822247164	0.120388732028463
17.000000000000000	1.218694839777138	-0.273712160723085	0.122930175826836
17.000000000000000	1.232979367457374	-0.192003566289937	0.124953454209782
17.000000000000000	1.242074574696554	-0.109547050618961	0.126450420149356
17.000000000000000	1.245943838305223	-0.026674636996252	0.127415045892065
17.000000000000000	1.244571578124460	0.056279976617833	0.127843447230502
17.000000000000000	1.237963319761683	0.138982761272585	0.127733899143678


18.000000000000000	nan	nan	nan
18.000000000000000	nan	nan	nan
18.000000000000000	nan	nan	nan
18.000000000000000	nan	nan	nan
18.000000000000000	nan	nan	nan
18.000000000000000	nan	nan	nan
18.000000000000000	nan	nan	nan
18.000000000000000	nan	nan	nan
18.000000000000000	nan	nan	nan
18.000000000000000	nan	nan	nan
18.000000000000000	nan	nan	nan
18.000000000000000	nan	nan	nan
18.000000000000000	nan	nan	nan
18.000000000000000	nan	nan	nan
18.000000000000000	nan	nan	nan
18.000000000000000	nan	nan	nan
18.000000000000000	nan	nan	nan
18.000000000000000	nan	nan	nan
18.000000000000000	nan	nan	nan
18.000000000000000	nan	nan	nan
18.000000000000000	nan	nan	nan
18.000000000000000	nan	nan	nan
18.000000000000000	nan	nan	nan
18.000000000000000	nan	nan	nan
18.000000000000000	nan	nan	nan
18.000000000000000	nan	nan	nan
18.000000000000000	nan	nan	nan
18.000000000000000	nan	nan	nan
18.000000000000000	nan	nan	nan
18.000000000000000	nan	nan	nan
18.000000000000000	nan	nan	nan
18.000000000000000	nan	nan	nan
18.000000000000000	nan	nan	nan
18.000000000000000	nan	nan	nan
18.000000000000000	nan	nan	nan
18.000000000000000	nan	nan	nan
18.000000000000000	nan	nan	nan
18.000000000000000	nan	nan	nan
18.000000000000000	nan	nan	nan
18.000000000000000	nan	nan	nan
18.000000000000000	nan	nan	nan
18.000000000000000	nan	nan	nan
18.000000000000000	nan	nan	nan
18.000000000000000	nan	nan	nan
18.000000000000000	nan	nan	nan
18.000000000000000	nan	nan	nan
18.000000000000000	nan	nan	nan
18.000000000000000	nan	nan	nan
18.000000000000000	nan	nan	nan
18.000000000000000	nan	nan	nan
18.000000000000000	nan	nan	nan
18.000000000000000	nan	nan	nan
18.000000000000000	nan	nan	nan
18.000000000000000	nan	nan	nan
18.000000000000000	nan	nan	nan
18.000000000000000	nan	nan	nan
18.000000000000000	nan	nan	nan
18.000000000000000	nan	nan	nan
18.000000000000000	nan	nan	nan
18.000000000000000	nan	nan	nan
18.000000000000000	nan	nan	nan
18.000000000000000	nan	nan	nan
18.000000000000000	nan	nan	nan
18.000000000000000	nan	nan	nan
18.000000000000000	nan	nan	nan
18.000000000000000	nan	nan	nan
18.000000000000000	nan	nan	nan
18.000000000000000	nan	nan	nan
18.000000000000000	nan	nan	nan
18.000000000000000	nan	nan	nan
18.000000000000000	nan	nan	nan
18.000000000000000	nan	nan	nan
18.000000000000000	nan	nan	nan
18.000000000000000	nan	nan	nan
18.000000000000000	nan	nan	nan
18.000000000000000	nan	nan	nan
18.000000000000000	nan	nan	nan
18.000000000000000	nan	nan	nan
18.000000000000000	nan	nan	nan
18.000000000000000	nan	nan	nan
18.000000000000000	nan	nan	nan
18.000000000000000	nan	nan	nan
18.000000000000000	nan	nan	nan
18.000000000000000	nan	nan	nan
18.000000000000000	nan	nan	nan
18.000000000000000	nan	nan	nan
18.000000000000000	nan	nan	nan
18.000000000000000	nan	nan	nan
18.000000000000000	nan	nan	nan
18.000000000000000	nan	nan	nan
18.000000000000000	nan	nan	nan
18.000000000000000	nan	nan	nan
18.000000000000000	nan	nan	nan
18.000000000000000	nan	nan	nan
18.000000000000000	nan	nan	nan
18.000000000000000	nan	nan	nan
18.000000000000000	nan	nan	nan
18.000000000000000	nan	nan	nan
18.000000000000000	nan	nan	nan
18.000000000000000	nan	nan	nan


