# n	x	y	z
1.000000000000000	-0.023006282116606	0.325472758689503	-0.008251083235631
1.000000000000000	-0.047578161426763	0.322970972378741	-0.006887262362350
1.000000000000000	-0.071938708678366	0.318889267662313	-0.005488625107731
1.000000000000000	-0.095989832545534	0.313244080124499	-0.004060803290357
1.000000000000000	-0.119634687641150	0.306058140943082	-0.002609546244747
1.000000000000000	-0.142778064479046	0.297360385358910	-0.001140697670810
1.000000000000000	-0.165326772849009	0.287185836163905	0.000339827896667
1.000000000000000	-0.187190017060857	0.275575462676630	0.001826068903766
1.000000000000000	-0.208279761546646	0.262576015773309	0.003312040782511
1.000000000000000	-0.228511085348826	0.248239839638548	0.004791760048611
1.000000000000000	-0.247802524066964	0.232624660993778	0.006259268394838
1.000000000000000	-0.266076397886136	0.215793356652122	0.007708656683032
1.000000000000000	-0.283259124366121	0.197813700335659	0.009134088738106
1.000000000000000	-0.299281514731922	0.178758089774568	0.010529824848274
1.000000000000000	-0.314079052472538	0.158703255187020	0.011890244876836
1.000000000000000	-0.327592153126186	0.137729950313669	0.013209870892488
1.000000000000000	-0.339766404205899	0.115922627250843	0.014483389227020
1.000000000000000	-0.350552784299404	0.093369096391759	0.015705671871578
1.000000000000000	-0.359907860461052	0.070160172845056	0.016871797125350
1.000000000000000	-0.367793963100954	0.046389310754413	0.017977069413516
1.000000000000000	-0.374179337667130	0.022152226991690	0.019017038194670
1.000000000000000	-0.379038272509882	-0.002453484261126	0.019987515881581
1.000000000000000	-0.382351202413527	-0.027328744489254	0.020884594703128
1.000000000000000	-0.384104787378622	-0.052373389799323	0.021704662439515
1.000000000000000	-0.384291966337429	-0.077486574244022	0.022444416967405
1.000000000000000	-0.382911985586345	-0.102567175893132	0.023100879556406
1.000000000000000	-0.379970401820799	-0.127514204015855	0.023671406863367
1.000000000000000	-0.375479059760400	-0.152227205734839	0.024153701576186
1.000000000000000	-0.369456044454436	-0.176606670514462	0.024545821664278
1.000000000000000	-0.361925608459757	-0.200554430854637	0.024846188198445
1.000000000000000	-0.352918074184293	-0.223974057576685	0.025053591708666
1.000000000000000	-0.342469711789420	-0.246771248109610	0.025167197054207
1.000000000000000	-0.330622593142815	-0.268854206213261	0.025186546786437
1.000000000000000	-0.317424422409904	-0.290134011609397	0.025111562990816
1.000000000000000	-0.302928343966014	-0.310524978032262	0.024942547600621
1.000000000000000	-0.287192728402739	-0.329944998256937	0.024680181181178
1.000000000000000	-0.270280937490165	-0.348315874716151	0.024325520189456
1.000000000000000	-0.252261069041385	-0.365563634374291	0.023879992720093
1.000000000000000	-0.233205682706643	-0.381618826590701	0.023345392754964
1.000000000000000	-0.213191507801229	-0.396416802772906	0.022723872939442
1.000000000000000	-0.192299134343608	-0.409897976693675	0.022017935914465
1.000000000000000	-0.170612688547860	-0.422008064423724	0.021230424239275
1.000000000000000	-0.148219494077111	-0.432698302913944	0.020364508945441
1.000000000000000	-0.125209720421955	-0.441925646346989	0.019423676768232
1.000000000000000	-0.101676019819745	-0.449652939467587	0.018411716106766
1.000000000000000	-0.077713154176733	-0.455849067193642	0.017332701769459
1.000000000000000	-0.053417613495319	-0.460489079905684	0.016190978566218
1.000000000000000	-0.028887227342868	-0.463554293910187	0.014991143813417
1.000000000000000	-0.004220770926569	-0.465032366672203	0.013738028822132
1.000000000000000	0.020482432639461	-0.464917346514394	0.012436679444154
1.000000000000000	0.045122912273305	-0.463209696582342	0.011092335754125
1.000000000000000	0.069601449460180	-0.459916292979618	0.009710410949606
1.000000000000000	0.093819477770383	-0.455050397080144	0.008296469554045
1.000000000000000	0.117679479751509	-0.448631602129320	0.006856205010398
1.000000000000000	0.141085379596821	-0.440685754348938	0.005395416755650
1.000000000000000	0.163942930008607	-0.431244848863574	0.003919986868529
1.000000000000000	0.186160091698789	-0.420346900867507	0.002435856384444
1.000000000000000	0.207647403998650	-0.408035792550956	0.000949001373042
1.000000000000000	0.228318345085372	-0.394361096401981	-0.000534591125324
1.000000000000000	0.248089680374876	-0.379377875595576	-0.002008947207287
1.000000000000000	0.266881797678124	-0.363146462273695	-0.003468130161270
1.000000000000000	0.284619027771294	-0.345732214609007	-0.004906264372527
1.000000000000000	0.301229949089047	-0.327205253630609	-0.006317558982169
1.000000000000000	0.316647675313957	-0.307640180871385	-0.007696331204911
1.000000000000000	0.330810124704108	-0.287115777973966	-0.009037029211641
1.000000000000000	0.343660270074352	-0.265714689464860	-0.010334254484678
1.000000000000000	0.355146368424663	-0.243523089974112	-0.011582783555693
1.000000000000000	0.365222169290931	-0.220630337240485	-0.012777589038780
1.000000000000000	0.373847100979259	-0.197128612299382	-0.013913859873955
1.000000000000000	0.380986433933853	-0.173112548302354	-0.014987020699607
1.000000000000000	0.386611420580689	-0.148678849462797	-0.015992750275855
1.000000000000000	0.390699411083843	-0.123925901662216	-0.016926998884662
1.000000000000000	0.393233944548391	-0.098953376285005	-0.017786004636618
1.000000000000000	0.394204815302618	-0.073861828876961	-0.018566308618739
1.000000000000000	0.393608113992660	-0.048752294243591	-0.019264768822295
1.000000000000000	0.391446243324091	-0.023725879618610	-0.019878572794561
1.000000000000000	0.387727908387072	0.001116642459205	-0.020405248963579
1.000000000000000	0.382468081604034	0.025675239921459	-0.020842676590306
1.000000000000000	0.375687942441008	0.049851023963977	-0.021189094308074
1.000000000000000	0.367414792125395	0.073546647237110	-0.021443107215000
1.000000000000000	0.357681943713560	0.096666695829162	-0.021603692490761
1.000000000000000	0.346528587950909	0.119118073464528	-0.021670203515129
1.000000000000000	0.333999635464591	0.140810376369545	-0.021642372471683
1.000000000000000	0.320145535924253	0.161656257296577	-0.021520311426212
1.000000000000000	0.305022074899025	0.181571777240556	-0.021304511875465
1.000000000000000	0.288690149228724	0.200476743431726	-0.020995842768069
1.000000000000000	0.271215521813775	0.218295032243624	-0.020595547005576
1.000000000000000	0.252668556811215	0.234954895716058	-0.020105236437740
1.000000000000000	0.233123936303074	0.250389250458822	-0.019526885372166
1.000000000000000	0.212660359577986	0.264535947772825	-0.018862822624468
1.000000000000000	0.191360226236932	0.277338023900971	-0.018115722140955
1.000000000000000	0.169309304399127	0.288743929401106	-0.017288592231590
1.000000000000000	0.146596385344076	0.298707736717425	-0.016384763456588
1.000000000000000	0.123312925980430	0.307189325114528	-0.015407875215425
1.000000000000000	0.099552680581295	0.314154542229464	-0.014361861092260
1.000000000000000	0.075411323268864	0.319575341591240	-0.013250933016785
1.000000000000000	0.050986062768490	0.323429895554065	-0.012079564304264
1.000000000000000	0.026375250983466	0.325702683189570	-0.010852471643074
1.000000000000000	0.001677986966617	0.326384552784115	-0.009574596102268
1.000000000000000	-0.023006282116605	0.325472758689503	-0.008251083235631


2.000000000000000	nan	nan	nan
2.000000000000000	nan	nan	nan
2.000000000000000	nan	nan	nan
2.000000000000000	nan	nan	nan
2.000000000000000	nan	nan	nan
2.000000000000000	nan	nan	nan
2.000000000000000	nan	nan	nan
2.000000000000000	nan	nan	nan
2.000000000000000	nan	nan	nan
2.000000000000000	nan	nan	nan
2.000000000000000	nan	nan	nan
2.000000000000000	nan	nan	nan
2.000000000000000	nan	nan	nan
2.000000000000000	nan	nan	nan
2.000000000000000	nan	nan	nan
2.000000000000000	nan	nan	nan
2.000000000000000	nan	nan	nan
2.000000000000000	nan	nan	nan
2.000000000000000	nan	nan	nan
2.000000000000000	nan	nan	nan
2.000000000000000	nan	nan	nan
2.000000000000000	nan	nan	nan
2.000000000000000	nan	nan	nan
2.000000000000000	nan	nan	nan
2.000000000000000	nan	nan	nan
2.000000000000000	nan	nan	nan
2.000000000000000	nan	nan	nan
2.000000000000000	nan	nan	nan
2.000000000000000	nan	nan	nan
2.000000000000000	nan	nan	nan
2.000000000000000	nan	nan	nan
2.000000000000000	nan	nan	nan
2.000000000000000	nan	nan	nan
2.000000000000000	nan	nan	nan
2.000000000000000	nan	nan	nan
2.000000000000000	nan	nan	nan
2.000000000000000	nan	nan	nan
2.000000000000000	nan	nan	nan
2.000000000000000	nan	nan	nan
2.000000000000000	nan	nan	nan
2.000000000000000	nan	nan	nan
2.000000000000000	nan	nan	nan
2.000000000000000	nan	nan	nan
2.000000000000000	nan	nan	nan
2.000000000000000	nan	nan	nan
2.000000000000000	nan	nan	nan
2.000000000000000	nan	nan	nan
2.000000000000000	nan	nan	nan
2.000000000000000	nan	nan	nan
2.000000000000000	nan	nan	nan
2.000000000000000	nan	nan	nan
2.000000000000000	nan	nan	nan
2.000000000000000	nan	nan	nan
2.000000000000000	nan	nan	nan
2.000000000000000	nan	nan	nan
2.000000000000000	nan	nan	nan
2.000000000000000	nan	nan	nan
2.000000000000000	nan	nan	nan
2.000000000000000	nan	nan	nan
2.000000000000000	nan	nan	nan
2.000000000000000	nan	nan	nan
2.000000000000000	nan	nan	nan
2.000000000000000	nan	nan	nan
2.000000000000000	nan	nan	nan
2.000000000000000	nan	nan	nan
2.000000000000000	nan	nan	nan
2.000000000000000	nan	nan	nan
2.000000000000000	nan	nan	nan
2.000000000000000	nan	nan	nan
2.000000000000000	nan	nan	nan
2.000000000000000	nan	nan	nan
2.000000000000000	nan	nan	nan
2.000000000000000	nan	nan	nan
2.000000000000000	nan	nan	nan
2.000000000000000	nan	nan	nan
2.000000000000000	nan	nan	nan
2.000000000000000	nan	nan	nan
2.000000000000000	nan	nan	nan
2.000000000000000	nan	nan	nan
2.000000000000000	nan	nan	nan
2.000000000000000	nan	nan	nan
2.000000000000000	nan	nan	nan
2.000000000000000	nan	nan	nan
2.000000000000000	nan	nan	nan
2.000000000000000	nan	nan	nan
2.000000000000000	nan	nan	nan
2.000000000000000	nan	nan	nan
2.000000000000000	nan	nan	nan
2.000000000000000	nan	nan	nan
2.000000000000000	nan	nan	nan
2.000000000000000	nan	nan	nan
2.000000000000000	nan	nan	nan
2.000000000000000	nan	nan	nan
2.000000000000000	nan	nan	nan
2.000000000000000	nan	nan	nan
2.000000000000000	nan	nan	nan
2.000000000000000	nan	nan	nan
2.000000000000000	nan	nan	nan
2.000000000000000	nan	nan	nan
2.000000000000000	nan	nan	nan


3.000000000000000	nan	nan	nan
3.000000000000000	nan	nan	nan
3.000000000000000	nan	nan	nan
3.000000000000000	nan	nan	nan
3.000000000000000	nan	nan	nan
3.000000000000000	nan	nan	nan
3.000000000000000	nan	nan	nan
3.000000000000000	nan	nan	nan
3.000000000000000	nan	nan	nan
3.000000000000000	nan	nan	nan
3.000000000000000	nan	nan	nan
3.000000000000000	nan	nan	nan
3.000000000000000	nan	nan	nan
3.000000000000000	nan	nan	nan
3.000000000000000	nan	nan	nan
3.000000000000000	nan	nan	nan
3.000000000000000	nan	nan	nan
3.000000000000000	nan	nan	nan
3.000000000000000	nan	nan	nan
3.000000000000000	nan	nan	nan
3.000000000000000	nan	nan	nan
3.000000000000000	nan	nan	nan
3.000000000000000	nan	nan	nan
3.000000000000000	nan	nan	nan
3.000000000000000	nan	nan	nan
3.000000000000000	nan	nan	nan
3.000000000000000	nan	nan	nan
3.000000000000000	nan	nan	nan
3.000000000000000	nan	nan	nan
3.000000000000000	nan	nan	nan
3.000000000000000	nan	nan	nan
3.000000000000000	nan	nan	nan
3.000000000000000	nan	nan	nan
3.000000000000000	nan	nan	nan
3.000000000000000	nan	nan	nan
3.000000000000000	nan	nan	nan
3.000000000000000	nan	nan	nan
3.000000000000000	nan	nan	nan
3.000000000000000	nan	nan	nan
3.000000000000000	nan	nan	nan
3.000000000000000	nan	nan	nan
3.000000000000000	nan	nan	nan
3.000000000000000	nan	nan	nan
3.000000000000000	nan	nan	nan
3.000000000000000	nan	nan	nan
3.000000000000000	nan	nan	nan
3.000000000000000	nan	nan	nan
3.000000000000000	nan	nan	nan
3.000000000000000	nan	nan	nan
3.000000000000000	nan	nan	nan
3.000000000000000	nan	nan	nan
3.000000000000000	nan	nan	nan
3.000000000000000	nan	nan	nan
3.000000000000000	nan	nan	nan
3.000000000000000	nan	nan	nan
3.000000000000000	nan	nan	nan
3.000000000000000	nan	nan	nan
3.000000000000000	nan	nan	nan
3.000000000000000	nan	nan	nan
3.000000000000000	nan	nan	nan
3.000000000000000	nan	nan	nan
3.000000000000000	nan	nan	nan
3.000000000000000	nan	nan	nan
3.000000000000000	nan	nan	nan
3.000000000000000	nan	nan	nan
3.000000000000000	nan	nan	nan
3.000000000000000	nan	nan	nan
3.000000000000000	nan	nan	nan
3.000000000000000	nan	nan	nan
3.000000000000000	nan	nan	nan
3.000000000000000	nan	nan	nan
3.000000000000000	nan	nan	nan
3.000000000000000	nan	nan	nan
3.000000000000000	nan	nan	nan
3.000000000000000	nan	nan	nan
3.000000000000000	nan	nan	nan
3.000000000000000	nan	nan	nan
3.000000000000000	nan	nan	nan
3.000000000000000	nan	nan	nan
3.000000000000000	nan	nan	nan
3.000000000000000	nan	nan	nan
3.000000000000000	nan	nan	nan
3.000000000000000	nan	nan	nan
3.000000000000000	nan	nan	nan
3.000000000000000	nan	nan	nan
3.000000000000000	nan	nan	nan
3.000000000000000	nan	nan	nan
3.000000000000000	nan	nan	nan
3.000000000000000	nan	nan	nan
3.000000000000000	nan	nan	nan
3.000000000000000	nan	nan	nan
3.000000000000000	nan	nan	nan
3.000000000000000	nan	nan	nan
3.000000000000000	nan	nan	nan
3.000000000000000	nan	nan	nan
3.000000000000000	nan	nan	nan
3.000000000000000	nan	nan	nan
3.000000000000000	nan	nan	nan
3.000000000000000	nan	nan	nan
3.000000000000000	nan	nan	nan


4.000000000000000	nan	nan	nan
4.000000000000000	nan	nan	nan
4.000000000000000	nan	nan	nan
4.000000000000000	nan	nan	nan
4.000000000000000	nan	nan	nan
4.000000000000000	nan	nan	nan
4.000000000000000	nan	nan	nan
4.000000000000000	nan	nan	nan
4.000000000000000	nan	nan	nan
4.000000000000000	nan	nan	nan
4.000000000000000	nan	nan	nan
4.000000000000000	nan	nan	nan
4.000000000000000	nan	nan	nan
4.000000000000000	nan	nan	nan
4.000000000000000	nan	nan	nan
4.000000000000000	nan	nan	nan
4.000000000000000	nan	nan	nan
4.000000000000000	nan	nan	nan
4.000000000000000	nan	nan	nan
4.000000000000000	nan	nan	nan
4.000000000000000	nan	nan	nan
4.000000000000000	nan	nan	nan
4.000000000000000	nan	nan	nan
4.000000000000000	nan	nan	nan
4.000000000000000	nan	nan	nan
4.000000000000000	nan	nan	nan
4.000000000000000	nan	nan	nan
4.000000000000000	nan	nan	nan
4.000000000000000	nan	nan	nan
4.000000000000000	nan	nan	nan
4.000000000000000	nan	nan	nan
4.000000000000000	nan	nan	nan
4.000000000000000	nan	nan	nan
4.000000000000000	nan	nan	nan
4.000000000000000	nan	nan	nan
4.000000000000000	nan	nan	nan
4.000000000000000	nan	nan	nan
4.000000000000000	nan	nan	nan
4.000000000000000	nan	nan	nan
4.000000000000000	nan	nan	nan
4.000000000000000	nan	nan	nan
4.000000000000000	nan	nan	nan
4.000000000000000	nan	nan	nan
4.000000000000000	nan	nan	nan
4.000000000000000	nan	nan	nan
4.000000000000000	nan	nan	nan
4.000000000000000	nan	nan	nan
4.000000000000000	nan	nan	nan
4.000000000000000	nan	nan	nan
4.000000000000000	nan	nan	nan
4.000000000000000	nan	nan	nan
4.000000000000000	nan	nan	nan
4.000000000000000	nan	nan	nan
4.000000000000000	nan	nan	nan
4.000000000000000	nan	nan	nan
4.000000000000000	nan	nan	nan
4.000000000000000	nan	nan	nan
4.000000000000000	nan	nan	nan
4.000000000000000	nan	nan	nan
4.000000000000000	nan	nan	nan
4.000000000000000	nan	nan	nan
4.000000000000000	nan	nan	nan
4.000000000000000	nan	nan	nan
4.000000000000000	nan	nan	nan
4.000000000000000	nan	nan	nan
4.000000000000000	nan	nan	nan
4.000000000000000	nan	nan	nan
4.000000000000000	nan	nan	nan
4.000000000000000	nan	nan	nan
4.000000000000000	nan	nan	nan
4.000000000000000	nan	nan	nan
4.000000000000000	nan	nan	nan
4.000000000000000	nan	nan	nan
4.000000000000000	nan	nan	nan
4.000000000000000	nan	nan	nan
4.000000000000000	nan	nan	nan
4.000000000000000	nan	nan	nan
4.000000000000000	nan	nan	nan
4.000000000000000	nan	nan	nan
4.000000000000000	nan	nan	nan
4.000000000000000	nan	nan	nan
4.000000000000000	nan	nan	nan
4.000000000000000	nan	nan	nan
4.000000000000000	nan	nan	nan
4.000000000000000	nan	nan	nan
4.000000000000000	nan	nan	nan
4.000000000000000	nan	nan	nan
4.000000000000000	nan	nan	nan
4.000000000000000	nan	nan	nan
4.000000000000000	nan	nan	nan
4.000000000000000	nan	nan	nan
4.000000000000000	nan	nan	nan
4.000000000000000	nan	nan	nan
4.000000000000000	nan	nan	nan
4.000000000000000	nan	nan	nan
4.000000000000000	nan	nan	nan
4.000000000000000	nan	nan	nan
4.000000000000000	nan	nan	nan
4.000000000000000	nan	nan	nan
4.000000000000000	nan	nan	nan


5.000000000000000	nan	nan	nan
5.000000000000000	nan	nan	nan
5.000000000000000	nan	nan	nan
5.000000000000000	nan	nan	nan
5.000000000000000	nan	nan	nan
5.000000000000000	nan	nan	nan
5.000000000000000	nan	nan	nan
5.000000000000000	nan	nan	nan
5.000000000000000	nan	nan	nan
5.000000000000000	nan	nan	nan
5.000000000000000	nan	nan	nan
5.000000000000000	nan	nan	nan
5.000000000000000	nan	nan	nan
5.000000000000000	nan	nan	nan
5.000000000000000	nan	nan	nan
5.000000000000000	nan	nan	nan
5.000000000000000	nan	nan	nan
5.000000000000000	nan	nan	nan
5.000000000000000	nan	nan	nan
5.000000000000000	nan	nan	nan
5.000000000000000	nan	nan	nan
5.000000000000000	nan	nan	nan
5.000000000000000	nan	nan	nan
5.000000000000000	nan	nan	nan
5.000000000000000	nan	nan	nan
5.000000000000000	nan	nan	nan
5.000000000000000	nan	nan	nan
5.000000000000000	nan	nan	nan
5.000000000000000	nan	nan	nan
5.000000000000000	nan	nan	nan
5.000000000000000	nan	nan	nan
5.000000000000000	nan	nan	nan
5.000000000000000	nan	nan	nan
5.000000000000000	nan	nan	nan
5.000000000000000	nan	nan	nan
5.000000000000000	nan	nan	nan
5.000000000000000	nan	nan	nan
5.000000000000000	nan	nan	nan
5.000000000000000	nan	nan	nan
5.000000000000000	nan	nan	nan
5.000000000000000	nan	nan	nan
5.000000000000000	nan	nan	nan
5.000000000000000	nan	nan	nan
5.000000000000000	nan	nan	nan
5.000000000000000	nan	nan	nan
5.000000000000000	nan	nan	nan
5.000000000000000	nan	nan	nan
5.000000000000000	nan	nan	nan
5.000000000000000	nan	nan	nan
5.000000000000000	nan	nan	nan
5.000000000000000	nan	nan	nan
5.000000000000000	nan	nan	nan
5.000000000000000	nan	nan	nan
5.000000000000000	nan	nan	nan
5.000000000000000	nan	nan	nan
5.000000000000000	nan	nan	nan
5.000000000000000	nan	nan	nan
5.000000000000000	nan	nan	nan
5.000000000000000	nan	nan	nan
5.000000000000000	nan	nan	nan
5.000000000000000	nan	nan	nan
5.000000000000000	nan	nan	nan
5.000000000000000	nan	nan	nan
5.000000000000000	nan	nan	nan
5.000000000000000	nan	nan	nan
5.000000000000000	nan	nan	nan
5.000000000000000	nan	nan	nan
5.000000000000000	nan	nan	nan
5.000000000000000	nan	nan	nan
5.000000000000000	nan	nan	nan
5.000000000000000	nan	nan	nan
5.000000000000000	nan	nan	nan
5.000000000000000	nan	nan	nan
5.000000000000000	nan	nan	nan
5.000000000000000	nan	nan	nan
5.000000000000000	nan	nan	nan
5.000000000000000	nan	nan	nan
5.000000000000000	nan	nan	nan
5.000000000000000	nan	nan	nan
5.000000000000000	nan	nan	nan
5.000000000000000	nan	nan	nan
5.000000000000000	nan	nan	nan
5.000000000000000	nan	nan	nan
5.000000000000000	nan	nan	nan
5.000000000000000	nan	nan	nan
5.000000000000000	nan	nan	nan
5.000000000000000	nan	nan	nan
5.000000000000000	nan	nan	nan
5.000000000000000	nan	nan	nan
5.000000000000000	nan	nan	nan
5.000000000000000	nan	nan	nan
5.000000000000000	nan	nan	nan
5.000000000000000	nan	nan	nan
5.000000000000000	nan	nan	nan
5.000000000000000	nan	nan	nan
5.000000000000000	nan	nan	nan
5.000000000000000	nan	nan	nan
5.000000000000000	nan	nan	nan
5.000000000000000	nan	nan	nan
5.000000000000000	nan	nan	nan


6.000000000000000	nan	nan	nan
6.000000000000000	nan	nan	nan
6.000000000000000	nan	nan	nan
6.000000000000000	nan	nan	nan
6.000000000000000	nan	nan	nan
6.000000000000000	nan	nan	nan
6.000000000000000	nan	nan	nan
6.000000000000000	nan	nan	nan
6.000000000000000	nan	nan	nan
6.000000000000000	nan	nan	nan
6.000000000000000	nan	nan	nan
6.000000000000000	nan	nan	nan
6.000000000000000	nan	nan	nan
6.000000000000000	nan	nan	nan
6.000000000000000	nan	nan	nan
6.000000000000000	nan	nan	nan
6.000000000000000	nan	nan	nan
6.000000000000000	nan	nan	nan
6.000000000000000	nan	nan	nan
6.000000000000000	nan	nan	nan
6.000000000000000	nan	nan	nan
6.000000000000000	nan	nan	nan
6.000000000000000	nan	nan	nan
6.000000000000000	nan	nan	nan
6.000000000000000	nan	nan	nan
6.000000000000000	nan	nan	nan
6.000000000000000	nan	nan	nan
6.000000000000000	nan	nan	nan
6.000000000000000	nan	nan	nan
6.000000000000000	nan	nan	nan
6.000000000000000	nan	nan	nan
6.000000000000000	nan	nan	nan
6.000000000000000	nan	nan	nan
6.000000000000000	nan	nan	nan
6.000000000000000	nan	nan	nan
6.000000000000000	nan	nan	nan
6.000000000000000	nan	nan	nan
6.000000000000000	nan	nan	nan
6.000000000000000	nan	nan	nan
6.000000000000000	nan	nan	nan
6.000000000000000	nan	nan	nan
6.000000000000000	nan	nan	nan
6.000000000000000	nan	nan	nan
6.000000000000000	nan	nan	nan
6.000000000000000	nan	nan	nan
6.000000000000000	nan	nan	nan
6.000000000000000	nan	nan	nan
6.000000000000000	nan	nan	nan
6.000000000000000	nan	nan	nan
6.000000000000000	nan	nan	nan
6.000000000000000	nan	nan	nan
6.000000000000000	nan	nan	nan
6.000000000000000	nan	nan	nan
6.000000000000000	nan	nan	nan
6.000000000000000	nan	nan	nan
6.000000000000000	nan	nan	nan
6.000000000000000	nan	nan	nan
6.000000000000000	nan	nan	nan
6.000000000000000	nan	nan	nan
6.000000000000000	nan	nan	nan
6.000000000000000	nan	nan	nan
6.000000000000000	nan	nan	nan
6.000000000000000	nan	nan	nan
6.000000000000000	nan	nan	nan
6.000000000000000	nan	nan	nan
6.000000000000000	nan	nan	nan
6.000000000000000	nan	nan	nan
6.000000000000000	nan	nan	nan
6.000000000000000	nan	nan	nan
6.000000000000000	nan	nan	nan
6.000000000000000	nan	nan	nan
6.000000000000000	nan	nan	nan
6.000000000000000	nan	nan	nan
6.000000000000000	nan	nan	nan
6.000000000000000	nan	nan	nan
6.000000000000000	nan	nan	nan
6.000000000000000	nan	nan	nan
6.000000000000000	nan	nan	nan
6.000000000000000	nan	nan	nan
6.000000000000000	nan	nan	nan
6.000000000000000	nan	nan	nan
6.000000000000000	nan	nan	nan
6.000000000000000	nan	nan	nan
6.000000000000000	nan	nan	nan
6.000000000000000	nan	nan	nan
6.000000000000000	nan	nan	nan
6.000000000000000	nan	nan	nan
6.000000000000000	nan	nan	nan
6.000000000000000	nan	nan	nan
6.000000000000000	nan	nan	nan
6.000000000000000	nan	nan	nan
6.000000000000000	nan	nan	nan
6.000000000000000	nan	nan	nan
6.000000000000000	nan	nan	nan
6.000000000000000	nan	nan	nan
6.000000000000000	nan	nan	nan
6.000000000000000	nan	nan	nan
6.000000000000000	nan	nan	nan
6.000000000000000	nan	nan	nan
6.000000000000000	nan	nan	nan


7.000000000000000	0.264821275626045	-0.381759030449722	-0.005690557748085
7.000000000000000	0.292415297761188	-0.361218494666844	-0.008905891794032
7.000000000000000	0.318632984657062	-0.338936756642687	-0.012081091320989
7.000000000000000	0.343368766941906	-0.315003537072072	-0.015203370921125
7.000000000000000	0.366523042350800	-0.289515206583130	-0.018260158276481
7.000000000000000	0.388002576788830	-0.262574397686793	-0.021239144783251
7.000000000000000	0.407720879751880	-0.234289591511895	-0.024128335114186
7.000000000000000	0.425598552593373	-0.204774680989957	-0.026916095519546
7.000000000000000	0.441563608234586	-0.174148512248546	-0.029591200672101
7.000000000000000	0.455551761031222	-0.142534406059870	-0.032142878867564
7.000000000000000	0.467506685628998	-0.110059661271547	-0.034560855398439
7.000000000000000	0.477380243765976	-0.076855042219082	-0.036835393926648
7.000000000000000	0.485132678108349	-0.043054252184036	-0.038957335688321
7.000000000000000	0.490732772339194	-0.008793395018101	-0.040918136372910
7.000000000000000	0.494157976855561	0.025789572899071	-0.042709900528110
7.000000000000000	0.495394499567767	0.060555398161521	-0.044325413352061
7.000000000000000	0.494437361435274	0.095364091061298	-0.045758169744806
7.000000000000000	0.491290416515526	0.130075489277607	-0.047002400502034
7.000000000000000	0.485966336445018	0.164549822261001	-0.048053095545628
7.000000000000000	0.478486559415095	0.198648274040059	-0.048906024097484
7.000000000000000	0.468881203847915	0.232233542184300	-0.049557751715360
7.000000000000000	0.457188947120196	0.265170390672621	-0.050005654122163
7.000000000000000	0.443456869823073	0.297326194441013	-0.050247927772983
7.000000000000000	0.427740266185170	0.328571473416893	-0.050283597117339
7.000000000000000	0.410102421422259	0.358780413889650	-0.050112518527369
7.000000000000000	0.390614356910032	0.387831375118058	-0.049735380876175
7.000000000000000	0.369354544206090	0.415607379134607	-0.049153702763969
7.000000000000000	0.346408589072674	0.441996581774488	-0.048369826403210
7.000000000000000	0.321868886772473	0.466892723032577	-0.047386908187338
7.000000000000000	0.295834250025515	0.490195554934963	-0.046208905981094
7.000000000000000	0.268409511125218	0.511811245202167	-0.044840563183593
7.000000000000000	0.239705099815742	0.531652755078605	-0.043287389628333
7.000000000000000	0.209836598630387	0.549640189806942	-0.041555639397039
7.000000000000000	0.178924277481527	0.565701120336080	-0.039652285636680
7.000000000000000	0.147092609376115	0.579770874967383	-0.037584992481074
7.000000000000000	0.114469769206823	0.591792799764783	-0.035362084190120
7.000000000000000	0.081187117636986	0.601718486680185	-0.032992511630943
7.000000000000000	0.047378672157570	0.609507968475590	-0.030485816235913
7.000000000000000	0.013180567446040	0.615129879657056	-0.027852091582665
7.000000000000000	-0.021269492799937	0.618561582772475	-0.025101942750819
7.000000000000000	-0.055832790346686	0.619789259564599	-0.022246443619075
7.000000000000000	-0.090370150993886	0.618807966612287	-0.019297092274603
7.000000000000000	-0.124742504979956	0.615621655235916	-0.016265764714315
7.000000000000000	-0.158811446966905	0.610243155586811	-0.013164667024406
7.000000000000000	-0.192439793349770	0.602694124984750	-0.010006286230761
7.000000000000000	-0.225492134646583	0.593004960711585	-0.006803340018106
7.000000000000000	-0.257835380744561	0.581214677612114	-0.003568725520377
7.000000000000000	-0.289339296807012	0.567370750995070	-0.000315467388522
7.000000000000000	-0.319877027683066	0.551528925466815	0.002943334655180
7.000000000000000	-0.349325608708585	0.533752990467475	0.006194558565074
7.000000000000000	-0.377566460841474	0.514114523413388	0.009425112809973
7.000000000000000	-0.404485868137626	0.492692601480106	0.012621989088137
7.000000000000000	-0.429975435644896	0.469573483186521	0.015772314707112
7.000000000000000	-0.453932525871316	0.444850261062252	0.018863404417517
7.000000000000000	-0.476260672070051	0.418622486796886	0.021882811492070
7.000000000000000	-0.496869966676938	0.390995770380462	0.024818377844162
7.000000000000000	-0.515677423336518	0.362081354849308	0.027658282984183
7.000000000000000	-0.532607311058796	0.331995668349609	0.030391091616462
7.000000000000000	-0.547591459161215	0.300859855322341	0.033005799685164
7.000000000000000	-0.560569531767926	0.268799288697374	0.035491878683741
7.000000000000000	-0.571489270761073	0.235943065060931	0.037839318049512
7.000000000000000	-0.580306706205784	0.202423484829195	0.040038665472665
7.000000000000000	-0.586986333401582	0.168375519521234	0.042081064957373
7.000000000000000	-0.591501255847282	0.133936268276323	0.043958292481763
7.000000000000000	-0.593833293543710	0.099244405804109	0.045662789113151
7.000000000000000	-0.593973056198140	0.064439623990490	0.047187691445193
7.000000000000000	-0.591919981035690	0.029662069407698	0.048526859234402
7.000000000000000	-0.587682335065421	-0.004948221006483	0.049674900124744
7.000000000000000	-0.581277181792003	-0.039251883828040	0.050627191360745
7.000000000000000	-0.572730312507010	-0.073110790314057	0.051379898401705
7.000000000000000	-0.562076142436488	-0.106388602598404	0.051929990362031
7.000000000000000	-0.549357572162988	-0.138951322676208	0.052275252215553
7.000000000000000	-0.534625814880062	-0.170667831966525	0.052414293714642
7.000000000000000	-0.517940190174806	-0.201410419280587	0.052346554988258
7.000000000000000	-0.499367885168819	-0.231055295069685	0.052072308796342
7.000000000000000	-0.478983683979384	-0.259483089881991	0.051592659431516
7.000000000000000	-0.456869666590212	-0.286579335021208	0.050909538272482
7.000000000000000	-0.433114878344325	-0.312234923471613	0.050025696007046
7.000000000000000	-0.407814971389884	-0.336346549233494	0.048944691556063
7.000000000000000	-0.381071819522752	-0.358817123299957	0.047670877742924
7.000000000000000	-0.352993107976667	-0.379556164600086	0.046209383766270
7.000000000000000	-0.323691899812820	-0.398480164334280	0.044566094546518
7.000000000000000	-0.293286180654807	-0.415512922234718	0.042747627029369
7.000000000000000	-0.261898383602170	-0.430585853396939	0.040761303541697
7.000000000000000	-0.229654896235511	-0.443638264447052	0.038615122307127
7.000000000000000	-0.196685551698318	-0.454617597932524	0.036317725240009
7.000000000000000	-0.163123105904717	-0.463479643952497	0.033878363147481
7.000000000000000	-0.129102702978264	-0.470188718175452	0.031306858479730
7.000000000000000	-0.094761331074254	-0.474717805527419	0.028613565778458
7.000000000000000	-0.060237270776770	-0.477048668972146	0.025809329982792
7.000000000000000	-0.025669538291581	-0.477171922945203	0.022905442760544
7.000000000000000	0.008802674323064	-0.475087071146343	0.019913597040648
7.000000000000000	0.043040559633717	-0.470802508537925	0.016845839929866
7.000000000000000	0.076906253760281	-0.464335487541364	0.013714524203336
7.000000000000000	0.110263391505193	-0.455712048567716	0.010532258564311
7.000000000000000	0.142977655447948	-0.444966915162141	0.007311856873358
7.000000000000000	0.174917316793946	-0.432143354184435	0.004066286551467
7.000000000000000	0.205953765799850	-0.417293001588659	0.000808616364820
7.000000000000000	0.235962029639634	-0.400475654503376	-0.002448036198517
7.000000000000000	0.264821275626045	-0.381759030449722	-0.005690557748085


8.000000000000000	nan	nan	nan
8.000000000000000	nan	nan	nan
8.000000000000000	nan	nan	nan
8.000000000000000	nan	nan	nan
8.000000000000000	nan	nan	nan
8.000000000000000	nan	nan	nan
8.000000000000000	nan	nan	nan
8.000000000000000	nan	nan	nan
8.000000000000000	nan	nan	nan
8.000000000000000	nan	nan	nan
8.000000000000000	nan	nan	nan
8.000000000000000	nan	nan	nan
8.000000000000000	nan	nan	nan
8.000000000000000	nan	nan	nan
8.000000000000000	nan	nan	nan
8.000000000000000	nan	nan	nan
8.000000000000000	nan	nan	nan
8.000000000000000	nan	nan	nan
8.000000000000000	nan	nan	nan
8.000000000000000	nan	nan	nan
8.000000000000000	nan	nan	nan
8.000000000000000	nan	nan	nan
8.000000000000000	nan	nan	nan
8.000000000000000	nan	nan	nan
8.000000000000000	nan	nan	nan
8.000000000000000	nan	nan	nan
8.000000000000000	nan	nan	nan
8.000000000000000	nan	nan	nan
8.000000000000000	nan	nan	nan
8.000000000000000	nan	nan	nan
8.000000000000000	nan	nan	nan
8.000000000000000	nan	nan	nan
8.000000000000000	nan	nan	nan
8.000000000000000	nan	nan	nan
8.000000000000000	nan	nan	nan
8.000000000000000	nan	nan	nan
8.000000000000000	nan	nan	nan
8.000000000000000	nan	nan	nan
8.000000000000000	nan	nan	nan
8.000000000000000	nan	nan	nan
8.000000000000000	nan	nan	nan
8.000000000000000	nan	nan	nan
8.000000000000000	nan	nan	nan
8.000000000000000	nan	nan	nan
8.000000000000000	nan	nan	nan
8.000000000000000	nan	nan	nan
8.000000000000000	nan	nan	nan
8.000000000000000	nan	nan	nan
8.000000000000000	nan	nan	nan
8.000000000000000	nan	nan	nan
8.000000000000000	nan	nan	nan
8.000000000000000	nan	nan	nan
8.000000000000000	nan	nan	nan
8.000000000000000	nan	nan	nan
8.000000000000000	nan	nan	nan
8.000000000000000	nan	nan	nan
8.000000000000000	nan	nan	nan
8.000000000000000	nan	nan	nan
8.000000000000000	nan	nan	nan
8.000000000000000	nan	nan	nan
8.000000000000000	nan	nan	nan
8.000000000000000	nan	nan	nan
8.000000000000000	nan	nan	nan
8.000000000000000	nan	nan	nan
8.000000000000000	nan	nan	nan
8.000000000000000	nan	nan	nan
8.000000000000000	nan	nan	nan
8.000000000000000	nan	nan	nan
8.000000000000000	nan	nan	nan
8.000000000000000	nan	nan	nan
8.000000000000000	nan	nan	nan
8.000000000000000	nan	nan	nan
8.000000000000000	nan	nan	nan
8.000000000000000	nan	nan	nan
8.000000000000000	nan	nan	nan
8.000000000000000	nan	nan	nan
8.000000000000000	nan	nan	nan
8.000000000000000	nan	nan	nan
8.000000000000000	nan	nan	nan
8.000000000000000	nan	nan	nan
8.000000000000000	nan	nan	nan
8.000000000000000	nan	nan	nan
8.000000000000000	nan	nan	nan
8.000000000000000	nan	nan	nan
8.000000000000000	nan	nan	nan
8.000000000000000	nan	nan	nan
8.000000000000000	nan	nan	nan
8.000000000000000	nan	nan	nan
8.000000000000000	nan	nan	nan
8.000000000000000	nan	nan	nan
8.000000000000000	nan	nan	nan
8.000000000000000	nan	nan	nan
8.000000000000000	nan	nan	nan
8.000000000000000	nan	nan	nan
8.000000000000000	nan	nan	nan
8.000000000000000	nan	nan	nan
8.000000000000000	nan	nan	nan
8.000000000000000	nan	nan	nan
8.000000000000000	nan	nan	nan
8.000000000000000	nan	nan	nan


9.000000000000000	nan	nan	nan
9.000000000000000	nan	nan	nan
9.000000000000000	nan	nan	nan
9.000000000000000	nan	nan	nan
9.000000000000000	nan	nan	nan
9.000000000000000	nan	nan	nan
9.000000000000000	nan	nan	nan
9.000000000000000	nan	nan	nan
9.000000000000000	nan	nan	nan
9.000000000000000	nan	nan	nan
9.000000000000000	nan	nan	nan
9.000000000000000	nan	nan	nan
9.000000000000000	nan	nan	nan
9.000000000000000	nan	nan	nan
9.000000000000000	nan	nan	nan
9.000000000000000	nan	nan	nan
9.000000000000000	nan	nan	nan
9.000000000000000	nan	nan	nan
9.000000000000000	nan	nan	nan
9.000000000000000	nan	nan	nan
9.000000000000000	nan	nan	nan
9.000000000000000	nan	nan	nan
9.000000000000000	nan	nan	nan
9.000000000000000	nan	nan	nan
9.000000000000000	nan	nan	nan
9.000000000000000	nan	nan	nan
9.000000000000000	nan	nan	nan
9.000000000000000	nan	nan	nan
9.000000000000000	nan	nan	nan
9.000000000000000	nan	nan	nan
9.000000000000000	nan	nan	nan
9.000000000000000	nan	nan	nan
9.000000000000000	nan	nan	nan
9.000000000000000	nan	nan	nan
9.000000000000000	nan	nan	nan
9.000000000000000	nan	nan	nan
9.000000000000000	nan	nan	nan
9.000000000000000	nan	nan	nan
9.000000000000000	nan	nan	nan
9.000000000000000	nan	nan	nan
9.000000000000000	nan	nan	nan
9.000000000000000	nan	nan	nan
9.000000000000000	nan	nan	nan
9.000000000000000	nan	nan	nan
9.000000000000000	nan	nan	nan
9.000000000000000	nan	nan	nan
9.000000000000000	nan	nan	nan
9.000000000000000	nan	nan	nan
9.000000000000000	nan	nan	nan
9.000000000000000	nan	nan	nan
9.000000000000000	nan	nan	nan
9.000000000000000	nan	nan	nan
9.000000000000000	nan	nan	nan
9.000000000000000	nan	nan	nan
9.000000000000000	nan	nan	nan
9.000000000000000	nan	nan	nan
9.000000000000000	nan	nan	nan
9.000000000000000	nan	nan	nan
9.000000000000000	nan	nan	nan
9.000000000000000	nan	nan	nan
9.000000000000000	nan	nan	nan
9.000000000000000	nan	nan	nan
9.000000000000000	nan	nan	nan
9.000000000000000	nan	nan	nan
9.000000000000000	nan	nan	nan
9.000000000000000	nan	nan	nan
9.000000000000000	nan	nan	nan
9.000000000000000	nan	nan	nan
9.000000000000000	nan	nan	nan
9.000000000000000	nan	nan	nan
9.000000000000000	nan	nan	nan
9.000000000000000	nan	nan	nan
9.000000000000000	nan	nan	nan
9.000000000000000	nan	nan	nan
9.000000000000000	nan	nan	nan
9.000000000000000	nan	nan	nan
9.000000000000000	nan	nan	nan
9.000000000000000	nan	nan	nan
9.000000000000000	nan	nan	nan
9.000000000000000	nan	nan	nan
9.000000000000000	nan	nan	nan
9.000000000000000	nan	nan	nan
9.000000000000000	nan	nan	nan
9.000000000000000	nan	nan	nan
9.000000000000000	nan	nan	nan
9.000000000000000	nan	nan	nan
9.000000000000000	nan	nan	nan
9.000000000000000	nan	nan	nan
9.000000000000000	nan	nan	nan
9.000000000000000	nan	nan	nan
9.000000000000000	nan	nan	nan
9.000000000000000	nan	nan	nan
9.000000000000000	nan	nan	nan
9.000000000000000	nan	nan	nan
9.000000000000000	nan	nan	nan
9.000000000000000	nan	nan	nan
9.000000000000000	nan	nan	nan
9.000000000000000	nan	nan	nan
9.000000000000000	nan	nan	nan
9.000000000000000	nan	nan	nan


10.000000000000000	0.230619790267203	0.971710747851377	-0.069620139036268
10.000000000000000	0.160475360078975	0.985802295928203	-0.072395819939735
10.000000000000000	0.089559264440313	0.995395626309555	-0.074842105820139
10.000000000000000	0.018157057438960	1.000452110039894	-0.076949146347640
10.000000000000000	-0.053443749438452	1.000951386443893	-0.078708457213701
10.000000000000000	-0.124954845013689	0.996891445111689	-0.080112954294403
10.000000000000000	-0.196088279344263	0.988288633994096	-0.081156982175709
10.000000000000000	-0.266557623196228	0.975177593575176	-0.081836336925826
10.000000000000000	-0.336079121393608	0.957611117387236	-0.082148283022947
10.000000000000000	-0.404372835400341	0.935659939429906	-0.082091564370241
10.000000000000000	-0.471163770533963	0.909412449349289	-0.081666409353701
10.000000000000000	-0.536182983272136	0.878974336524052	-0.080874529922525
10.000000000000000	-0.599168664193290	0.844468164491599	-0.079719114695693
10.000000000000000	-0.659867192190756	0.806032877427967	-0.078204816122526
10.000000000000000	-0.718034155715459	0.763823240668667	-0.076337731748917
10.000000000000000	-0.773435336934950	0.718009217523298	-0.074125379664662
10.000000000000000	-0.825847654845961	0.668775284893295	-0.071576668230768
10.000000000000000	-0.875060063542865	0.616319690448548	-0.068701860208629
10.000000000000000	-0.920874402025052	0.560853654354011	-0.065512531435503
10.000000000000000	-0.963106192121340	0.502600518760645	-0.062021524212707
10.000000000000000	-1.001585381318459	0.441794848485403	-0.058242895594196
10.000000000000000	-1.036157027502501	0.378681486501501	-0.054191860783776
10.000000000000000	-1.066681922856131	0.313514568042181	-0.049884731868839
10.000000000000000	-1.093037154399332	0.246556497287820	-0.045338852137352
10.000000000000000	-1.115116598916592	0.178076890756912	-0.040572526242553
10.000000000000000	-1.132831350277645	0.108351491655507	-0.035604946496577
10.000000000000000	-1.146110077431070	0.037661059556641	-0.030456115589783
10.000000000000000	-1.154899311629263	-0.033709760119371	-0.025146766046985
10.000000000000000	-1.159163661728215	-0.105473582271581	-0.019698276744891
10.000000000000000	-1.158885956695153	-0.177341439316774	-0.014132586826910
10.000000000000000	-1.154067314750231	-0.249023944759943	-0.008472107361966
10.000000000000000	-1.144727138863851	-0.320232458451561	-0.002739631103032
10.000000000000000	-1.130903038627751	-0.390680248839593	0.003041759291237
10.000000000000000	-1.112650678814451	-0.460083647536256	0.008848784202230
10.000000000000000	-1.090043555234863	-0.528163191550494	0.014658060790183
10.000000000000000	-1.063172698796599	-0.594644748586815	0.020446197148625
10.000000000000000	-1.032146308954634	-0.659260620879282	0.026189886495328
10.000000000000000	-0.997089318030291	-0.721750623115946	0.031866001020490
10.000000000000000	-0.958142888152876	-0.781863130113254	0.037451685014269
10.000000000000000	-0.915463842849604	-0.839356090021864	0.042924446898654
10.000000000000000	-0.869224035572611	-0.893997998984006	0.048262249793114
10.000000000000000	-0.819609657705747	-0.945568833317811	0.053443600249337
10.000000000000000	-0.766820488837597	-0.993860935475020	0.058447634797762
10.000000000000000	-0.711069092319586	-1.038679850204643	0.063254203957404
10.000000000000000	-0.652579959348383	-1.079845107555622	0.067843953370706
10.000000000000000	-0.591588605019088	-1.117190949565624	0.072198401736705
10.000000000000000	-0.528340619989067	-1.150566997709857	0.076300015228705
10.000000000000000	-0.463090681571054	-1.179838858422313	0.080132278096815
10.000000000000000	-0.396101528237498	-1.204888664251224	0.083679759171036
10.000000000000000	-0.327642901665470	-1.225615548469689	0.086928173997145
10.000000000000000	-0.257990460582130	-1.241936051230386	0.089864442355144
10.000000000000000	-0.187424670784325	-1.253784455628916	0.092476740928694
10.000000000000000	-0.116229675801814	-1.261113052322588	0.094754550913433
10.000000000000000	-0.044692152751564	-1.263892331639098	0.096688700372491
10.000000000000000	0.026899842009826	-1.262111102401569	0.098271401168644
10.000000000000000	0.098258032787400	-1.255776536991465	0.099496280324388
10.000000000000000	0.169095085332326	-1.244914142467949	0.100358405683679
10.000000000000000	0.239125763835502	-1.229567657859951	0.100854305771974
10.000000000000000	0.308068079471486	-1.209798878044543	0.100981983774645
10.000000000000000	0.375644425867974	-1.185687404920773	0.100740925577436
10.000000000000000	0.441582696928677	-1.157330326880916	0.100132101836629
10.000000000000000	0.505617382508535	-1.124841827869785	0.099157964070546
10.000000000000000	0.567490637529363	-1.088352727606285	0.097822434788157
10.000000000000000	0.626953320230970	-1.048009954818575	0.096130891694514
10.000000000000000	0.683765995377100	-1.003975955613942	0.094090146036637
10.000000000000000	0.737699898376621	-0.956428039365658	0.091708415177020
10.000000000000000	0.788537856437788	-0.905557664750712	0.088995289505219
10.000000000000000	0.836075163046428	-0.851569668813299	0.085961693820732
10.000000000000000	0.880120402246826	-0.794681442158331	0.082619843342694
10.000000000000000	0.920496219406213	-0.735122053596203	0.078983194523493
10.000000000000000	0.957040035359283	-0.673131327763538	0.075066390864392
10.000000000000000	0.989604701057104	-0.608958879434026	0.070885203951314
10.000000000000000	1.018059090084406	-0.542863108407823	0.066456469948236
10.000000000000000	1.042288626659377	-0.475110159026761	0.061798021803892
10.000000000000000	1.062195746989894	-0.405972848505016	0.056928617444791
10.000000000000000	1.077700292128478	-0.335729568390477	0.051867864243659
10.000000000000000	1.088739830744089	-0.264663163580237	0.046636140067478
10.000000000000000	1.095269910511059	-0.193059793404021	0.041254511223000
10.000000000000000	1.097264237102917	-0.121207779361566	0.035744647630169
10.000000000000000	1.094714780070363	-0.049396444153701	0.030128735565001
10.000000000000000	1.087631805177052	0.022085053318055	0.024429388323283
10.000000000000000	1.076043833062988	0.092948882292335	0.018669555164806
10.000000000000000	1.059997524401970	0.162909699140803	0.012872428904804
10.000000000000000	1.039557492015534	0.231685796346246	0.007061352524665
10.000000000000000	1.014806040699916	0.299000236839314	0.001259725177990
10.000000000000000	0.985842835813694	0.364581969126352	-0.004509092029546
10.000000000000000	0.952784501960562	0.428166918718104	-0.010221870107114
10.000000000000000	0.915764153383214	0.489499051464476	-0.015855605713687
10.000000000000000	0.874930857959271	0.548331404513693	-0.021387613784369
10.000000000000000	0.830449036957544	0.604427080744539	-0.026795618875146
10.000000000000000	0.782497802971630	0.657560202667449	-0.032057844858240
10.000000000000000	0.731270238696698	0.707516821953445	-0.037153102606887
10.000000000000000	0.676972619453635	0.754095780928541	-0.042060875316473
10.000000000000000	0.619823582591126	0.797109522564697	-0.046761401118463
10.000000000000000	0.560053247110220	0.836384845705775	-0.051235752654474
10.000000000000000	0.497902287056330	0.871763602487468	-0.055465913290066
10.000000000000000	0.433620962409800	0.903103335142927	-0.059434849661368
10.000000000000000	0.367468111377290	0.930277849629912	-0.063126580262424
10.000000000000000	0.299710108141669	0.953177723769660	-0.066526239797076
10.000000000000000	0.230619790267203	0.971710747851377	-0.069620139036268


11.000000000000000	nan	nan	nan
11.000000000000000	nan	nan	nan
11.000000000000000	nan	nan	nan
11.000000000000000	nan	nan	nan
11.000000000000000	nan	nan	nan
11.000000000000000	nan	nan	nan
11.000000000000000	nan	nan	nan
11.000000000000000	nan	nan	nan
11.000000000000000	nan	nan	nan
11.000000000000000	nan	nan	nan
11.000000000000000	nan	nan	nan
11.000000000000000	nan	nan	nan
11.000000000000000	nan	nan	nan
11.000000000000000	nan	nan	nan
11.000000000000000	nan	nan	nan
11.000000000000000	nan	nan	nan
11.000000000000000	nan	nan	nan
11.000000000000000	nan	nan	nan
11.000000000000000	nan	nan	nan
11.000000000000000	nan	nan	nan
11.000000000000000	nan	nan	nan
11.000000000000000	nan	nan	nan
11.000000000000000	nan	nan	nan
11.000000000000000	nan	nan	nan
11.000000000000000	nan	nan	nan
11.000000000000000	nan	nan	nan
11.000000000000000	nan	nan	nan
11.000000000000000	nan	nan	nan
11.000000000000000	nan	nan	nan
11.000000000000000	nan	nan	nan
11.000000000000000	nan	nan	nan
11.000000000000000	nan	nan	nan
11.000000000000000	nan	nan	nan
11.000000000000000	nan	nan	nan
11.000000000000000	nan	nan	nan
11.000000000000000	nan	nan	nan
11.000000000000000	nan	nan	nan
11.000000000000000	nan	nan	nan
11.000000000000000	nan	nan	nan
11.000000000000000	nan	nan	nan
11.000000000000000	nan	nan	nan
11.000000000000000	nan	nan	nan
11.000000000000000	nan	nan	nan
11.000000000000000	nan	nan	nan
11.000000000000000	nan	nan	nan
11.000000000000000	nan	nan	nan
11.000000000000000	nan	nan	nan
11.000000000000000	nan	nan	nan
11.000000000000000	nan	nan	nan
11.000000000000000	nan	nan	nan
11.000000000000000	nan	nan	nan
11.000000000000000	nan	nan	nan
11.000000000000000	nan	nan	nan
11.000000000000000	nan	nan	nan
11.000000000000000	nan	nan	nan
11.000000000000000	nan	nan	nan
11.000000000000000	nan	nan	nan
11.000000000000000	nan	nan	nan
11.000000000000000	nan	nan	nan
11.000000000000000	nan	nan	nan
11.000000000000000	nan	nan	nan
11.000000000000000	nan	nan	nan
11.000000000000000	nan	nan	nan
11.000000000000000	nan	nan	nan
11.000000000000000	nan	nan	nan
11.000000000000000	nan	nan	nan
11.000000000000000	nan	nan	nan
11.000000000000000	nan	nan	nan
11.000000000000000	nan	nan	nan
11.000000000000000	nan	nan	nan
11.000000000000000	nan	nan	nan
11.000000000000000	nan	nan	nan
11.000000000000000	nan	nan	nan
11.000000000000000	nan	nan	nan
11.000000000000000	nan	nan	nan
11.000000000000000	nan	nan	nan
11.000000000000000	nan	nan	nan
11.000000000000000	nan	nan	nan
11.000000000000000	nan	nan	nan
11.000000000000000	nan	nan	nan
11.000000000000000	nan	nan	nan
11.000000000000000	nan	nan	nan
11.000000000000000	nan	nan	nan
11.000000000000000	nan	nan	nan
11.000000000000000	nan	nan	nan
11.000000000000000	nan	nan	nan
11.000000000000000	nan	nan	nan
11.000000000000000	nan	nan	nan
11.000000000000000	nan	nan	nan
11.000000000000000	nan	nan	nan
11.000000000000000	nan	nan	nan
11.000000000000000	nan	nan	nan
11.000000000000000	nan	nan	nan
11.000000000000000	nan	nan	nan
11.000000000000000	nan	nan	nan
11.000000000000000	nan	nan	nan
11.000000000000000	nan	nan	nan
11.000000000000000	nan	nan	nan
11.000000000000000	nan	nan	nan
11.000000000000000	nan	nan	nan


12.000000000000000	nan	nan	nan
12.000000000000000	nan	nan	nan
12.000000000000000	nan	nan	nan
12.000000000000000	nan	nan	nan
12.000000000000000	nan	nan	nan
12.000000000000000	nan	nan	nan
12.000000000000000	nan	nan	nan
12.000000000000000	nan	nan	nan
12.000000000000000	nan	nan	nan
12.000000000000000	nan	nan	nan
12.000000000000000	nan	nan	nan
12.000000000000000	nan	nan	nan
12.000000000000000	nan	nan	nan
12.000000000000000	nan	nan	nan
12.000000000000000	nan	nan	nan
12.000000000000000	nan	nan	nan
12.000000000000000	nan	nan	nan
12.000000000000000	nan	nan	nan
12.000000000000000	nan	nan	nan
12.000000000000000	nan	nan	nan
12.000000000000000	nan	nan	nan
12.000000000000000	nan	nan	nan
12.000000000000000	nan	nan	nan
12.000000000000000	nan	nan	nan
12.000000000000000	nan	nan	nan
12.000000000000000	nan	nan	nan
12.000000000000000	nan	nan	nan
12.000000000000000	nan	nan	nan
12.000000000000000	nan	nan	nan
12.000000000000000	nan	nan	nan
12.000000000000000	nan	nan	nan
12.000000000000000	nan	nan	nan
12.000000000000000	nan	nan	nan
12.000000000000000	nan	nan	nan
12.000000000000000	nan	nan	nan
12.000000000000000	nan	nan	nan
12.000000000000000	nan	nan	nan
12.000000000000000	nan	nan	nan
12.000000000000000	nan	nan	nan
12.000000000000000	nan	nan	nan
12.000000000000000	nan	nan	nan
12.000000000000000	nan	nan	nan
12.000000000000000	nan	nan	nan
12.000000000000000	nan	nan	nan
12.000000000000000	nan	nan	nan
12.000000000000000	nan	nan	nan
12.000000000000000	nan	nan	nan
12.000000000000000	nan	nan	nan
12.000000000000000	nan	nan	nan
12.000000000000000	nan	nan	nan
12.000000000000000	nan	nan	nan
12.000000000000000	nan	nan	nan
12.000000000000000	nan	nan	nan
12.000000000000000	nan	nan	nan
12.000000000000000	nan	nan	nan
12.000000000000000	nan	nan	nan
12.000000000000000	nan	nan	nan
12.000000000000000	nan	nan	nan
12.000000000000000	nan	nan	nan
12.000000000000000	nan	nan	nan
12.000000000000000	nan	nan	nan
12.000000000000000	nan	nan	nan
12.000000000000000	nan	nan	nan
12.000000000000000	nan	nan	nan
12.000000000000000	nan	nan	nan
12.000000000000000	nan	nan	nan
12.000000000000000	nan	nan	nan
12.000000000000000	nan	nan	nan
12.000000000000000	nan	nan	nan
12.000000000000000	nan	nan	nan
12.000000000000000	nan	nan	nan
12.000000000000000	nan	nan	nan
12.000000000000000	nan	nan	nan
12.000000000000000	nan	nan	nan
12.000000000000000	nan	nan	nan
12.000000000000000	nan	nan	nan
12.000000000000000	nan	nan	nan
12.000000000000000	nan	nan	nan
12.000000000000000	nan	nan	nan
12.000000000000000	nan	nan	nan
12.000000000000000	nan	nan	nan
12.000000000000000	nan	nan	nan
12.000000000000000	nan	nan	nan
12.000000000000000	nan	nan	nan
12.000000000000000	nan	nan	nan
12.000000000000000	nan	nan	nan
12.000000000000000	nan	nan	nan
12.000000000000000	nan	nan	nan
12.000000000000000	nan	nan	nan
12.000000000000000	nan	nan	nan
12.000000000000000	nan	nan	nan
12.000000000000000	nan	nan	nan
12.000000000000000	nan	nan	nan
12.000000000000000	nan	nan	nan
12.000000000000000	nan	nan	nan
12.000000000000000	nan	nan	nan
12.000000000000000	nan	nan	nan
12.000000000000000	nan	nan	nan
12.000000000000000	nan	nan	nan
12.000000000000000	nan	nan	nan


13.000000000000000	0.055103686780753	-0.601892241656657	-0.002820841745857
13.000000000000000	0.094603401556382	-0.597015779661088	-0.000482690579187
13.000000000000000	0.133713247528561	-0.589637757392867	0.001857861572270
13.000000000000000	0.172275743151135	-0.579787883543640	0.004191390131083
13.000000000000000	0.210135610864626	-0.567505820078946	0.006508498801349
13.000000000000000	0.247140402344154	-0.552841022533481	0.008799857404264
13.000000000000000	0.283141112355044	-0.535852540871111	0.011056239447454
13.000000000000000	0.317992778744306	-0.516608781711510	0.013268559276806
13.000000000000000	0.351555066152071	-0.495187232880852	0.015427908661193
13.000000000000000	0.383692831092546	-0.471674151395673	0.017525592662773
13.000000000000000	0.414276666129142	-0.446164216136320	0.019553164648435
13.000000000000000	0.443183420952539	-0.418760146608509	0.021502460301413
13.000000000000000	0.470296698263523	-0.389572289328132	0.023365630496103
13.000000000000000	0.495507322463824	-0.358718173494787	0.025135172903726
13.000000000000000	0.518713779267721	-0.326322037743165	0.026803962201555
13.000000000000000	0.539822624464239	-0.292514329877925	0.028365278764077
13.000000000000000	0.558748860184006	-0.257431181606419	0.029812835720552
13.000000000000000	0.575416277155677	-0.221213860384359	0.031140804270021
13.000000000000000	0.589757761573766	-0.184008200581627	0.032343837151835
13.000000000000000	0.601715565342261	-0.145964016258745	0.033417090177181
13.000000000000000	0.611241538605818	-0.107234497918521	0.034356241734924
13.000000000000000	0.618297323632237	-0.067975595661971	0.035157510193209
13.000000000000000	0.622854509265512	-0.028345391232296	0.035817669126757
13.000000000000000	0.624894745327528	0.011496538524500	0.036334060308541
13.000000000000000	0.624409816507753	0.051389764219245	0.036704604413531
13.000000000000000	0.621401675443390	0.091173649912134	0.036927809391395
13.000000000000000	0.615882434856802	0.130687999936955	0.037002776474467
13.000000000000000	0.607874318781849	0.169773703952502	0.036929203796763
13.000000000000000	0.597409573075550	0.208273377623760	0.036707387609489
13.000000000000000	0.584530335575398	0.246031996353075	0.036338221088142
13.000000000000000	0.569288466425158	0.282897519509493	0.035823190736009
13.000000000000000	0.551745339252377	0.318721502642720	0.035164370398541
13.000000000000000	0.531971594038442	0.353359695216530	0.034364412912710
13.000000000000000	0.510046852676309	0.386672621454762	0.033426539424972
13.000000000000000	0.486059398361243	0.418526141961046	0.032354526420845
13.000000000000000	0.460105820105547	0.448791993850803	0.031152690518337
13.000000000000000	0.432290623808705	0.477348307220617	0.029825871086447
13.000000000000000	0.402725811449002	0.504080095875321	0.028379410758734
13.000000000000000	0.371530430091095	0.528879720336821	0.026819133920418
13.000000000000000	0.338830092525497	0.551647321270283	0.025151323255638
13.000000000000000	0.304756471470205	0.572291221582432	0.023382694449298
13.000000000000000	0.269446769371135	0.590728295572845	0.021520369145373
13.000000000000000	0.233043165936302	0.606884303651815	0.019571846270567
13.000000000000000	0.195692245628312	0.620694191276969	0.017544971838778
13.000000000000000	0.157544407420472	0.632102350904954	0.015447907357969
13.000000000000000	0.118753259193201	0.641062845903388	0.013289096966660
13.000000000000000	0.079474999209318	0.647539595521463	0.011077233432356
13.000000000000000	0.039867787158761	0.651506520174395	0.008821223148848
13.000000000000000	0.000091107305337	0.652947646456708	0.006530150273302
13.000000000000000	-0.039694873700113	0.651857171461500	0.004213240147569
13.000000000000000	-0.079329951754296	0.648239486146701	0.001879822150985
13.000000000000000	-0.118654530386840	0.642109157654233	-0.000460707865743
13.000000000000000	-0.157510263398959	0.633490870653274	-0.002798925414312
13.000000000000000	-0.195740692467699	0.622419327943807	-0.005125415317914
13.000000000000000	-0.233191877148395	0.608939110720690	-0.007430809622828
13.000000000000000	-0.269713014738499	0.593104499060923	-0.009705825319861
13.000000000000000	-0.305157047506843	0.574979253356931	-0.011941301723755
13.000000000000000	-0.339381254843219	0.554636357575973	-0.014128237360028
13.000000000000000	-0.372247827943905	0.532157725379459	-0.016257826210739
13.000000000000000	-0.403624424719077	0.507633870285553	-0.018321493173211
13.000000000000000	-0.433384702687695	0.481163541203174	-0.020310928588944
13.000000000000000	-0.461408827714085	0.452853324805001	-0.022218121703678
13.000000000000000	-0.487583956537705	0.422817216340554	-0.024035392923873
13.000000000000000	-0.511804691153131	0.391176160617563	-0.025755424739718
13.000000000000000	-0.533973503210624	0.358057564999910	-0.027371291190165
13.000000000000000	-0.554001126728373	0.323594786383146	-0.028876485751330
13.000000000000000	-0.571806917535098	0.287926594213337	-0.030264947535963
13.000000000000000	-0.587319177995661	0.251196611711485	-0.031531085698506
13.000000000000000	-0.600475445712144	0.213552737553507	-0.032669801947455
13.000000000000000	-0.611222745037875	0.175146550334466	-0.033676511074378
13.000000000000000	-0.619517800391662	0.136132698215067	-0.034547159416931
13.000000000000000	-0.625327210513284	0.096668276208102	-0.035278241181531
13.000000000000000	-0.628627582958576	0.056912193612269	-0.035866812559941
13.000000000000000	-0.629405628292546	0.017024534140521	-0.036310503582952
13.000000000000000	-0.627658213601241	-0.022834088680552	-0.036607527663415
13.000000000000000	-0.623392375106884	-0.062503178244699	-0.036756688790189
13.000000000000000	-0.616625289835489	-0.101823001129206	-0.036757386344062
13.000000000000000	-0.607384206451046	-0.140635230285003	-0.036609617516231
13.000000000000000	-0.595706335534759	-0.178783582563813	-0.036313977319611
13.000000000000000	-0.581638699751178	-0.216114448015234	-0.035871656192931
13.000000000000000	-0.565237944504517	-0.252477508419787	-0.035284435207252
13.000000000000000	-0.546570109847611	-0.287726342567341	-0.034554678894228
13.000000000000000	-0.525710364561929	-0.321719015843639	-0.033685325724969
13.000000000000000	-0.502742703479416	-0.354318651750900	-0.032679876277854
13.000000000000000	-0.477759609264962	-0.385393983061163	-0.031542379142940
13.000000000000000	-0.450861680021338	-0.414819880383087	-0.030277414619717
13.000000000000000	-0.422157224216154	-0.442477856013843	-0.028890076273858
13.000000000000000	-0.391761824561877	-0.468256541047277	-0.027385950427229
13.000000000000000	-0.359797872605049	-0.492052133817185	-0.025771093663744
13.000000000000000	-0.326394075898721	-0.513768817869989	-0.024052008441635
13.000000000000000	-0.291684939742569	-0.533319147783776	-0.022235616910351
13.000000000000000	-0.255810225577520	-0.550624401280151	-0.020329233037504
13.000000000000000	-0.218914388215760	-0.565614896211065	-0.018340533158105
13.000000000000000	-0.181145994172189	-0.578230271144234	-0.016277525064668
13.000000000000000	-0.142657123439500	-0.588419728417319	-0.014148515762659
13.000000000000000	-0.103602757115728	-0.596142238682187	-0.011962078021118
13.000000000000000	-0.064140153350062	-0.601366706115614	-0.009727015853140
13.000000000000000	-0.024428214119788	-0.604072093631188	-0.007452329065223
13.000000000000000	0.015373154611896	-0.604247507588234	-0.005147177018228
13.000000000000000	0.055103686780753	-0.601892241656657	-0.002820841745857


14.000000000000000	0.923268088636817	-0.552836458844112	0.042251959426316
14.000000000000000	0.961279531450430	-0.484402523177360	0.043157571683836
14.000000000000000	0.994839725008528	-0.413670466977031	0.043862837207239
14.000000000000000	1.023813534256514	-0.340925103269004	0.044364916141182
14.000000000000000	1.048084291890671	-0.266459351957909	0.044661786791004
14.000000000000000	1.067554268136220	-0.190573060342053	0.044752253763376
14.000000000000000	1.082145064270626	-0.113571795734179	0.044635952779730
14.000000000000000	1.091797928307587	-0.035765615049747	0.044313352143080
14.000000000000000	1.096473991570544	0.042532183682834	0.043785750852330
14.000000000000000	1.096154425203125	0.121006322862789	0.043055273371664
14.000000000000000	1.090840515986303	0.199340814828597	0.042124861076079
14.000000000000000	1.080553661156981	0.277220234228783	0.040998260407506
14.000000000000000	1.065335282248877	0.354330988128479	0.039680007789211
14.000000000000000	1.045246658302622	0.430362578737491	0.038175411359219
14.000000000000000	1.020368679116692	0.505008853675311	0.036490529596315
14.000000000000000	0.990801519532742	0.577969238738704	0.034632146924691
14.000000000000000	0.956664236066871	0.648949948207932	0.032607746395459
14.000000000000000	0.918094287511055	0.717665167818162	0.030425479555052
14.000000000000000	0.875246981435106	0.783838205632632	0.028094133621819
14.000000000000000	0.828294848817900	0.847202606183424	0.025623096102999
14.000000000000000	0.777426949326026	0.907503223393591	0.023022316994542
14.000000000000000	0.722848110037229	0.964497247960354	0.020302268715990
14.000000000000000	0.664778100674063	1.017955185062469	0.017473903941736
14.000000000000000	0.603450748668786	1.067661778454872	0.014548611498473
14.000000000000000	0.539112997622817	1.113416877229603	0.011538170506406
14.000000000000000	0.472023912952009	1.155036241752875	0.008454702948893
14.000000000000000	0.402453638721658	1.192352285533046	0.005310624861498
14.000000000000000	0.330682309871694	1.225214750032279	0.002118596336996
14.000000000000000	0.256998924212152	1.253491309704639	-0.001108529452351
14.000000000000000	0.181700178730992	1.277068104824360	-0.004357758009984
14.000000000000000	0.105089274900044	1.295850199958777	-0.007616005839295
14.000000000000000	0.027474697789693	1.309761966239808	-0.010870153126256
14.000000000000000	-0.050831026091618	1.318747385894711	-0.014107096568271
14.000000000000000	-0.129512587231337	1.322770277809883	-0.017313802136559
14.000000000000000	-0.208253162752920	1.321814443219436	-0.020477357559584
14.000000000000000	-0.286735692149739	1.315883730931911	-0.023585024316213
14.000000000000000	-0.364644153975831	1.305002021832480	-0.026624288929250
14.000000000000000	-0.441664838352729	1.289213132723056	-0.029582913352788
14.000000000000000	-0.517487610168418	1.268580639887494	-0.032448984250500
14.000000000000000	-0.591807157881971	1.243187623092330	-0.035210960966444
14.000000000000000	-0.664324222905366	1.213136331053894	-0.037857721995207
14.000000000000000	-0.734746804612202	1.178547769718807	-0.040378609764284
14.000000000000000	-0.802791336121155	1.139561215015748	-0.042763473548360
14.000000000000000	-0.868183826119733	1.096333652040446	-0.045002710342700
14.000000000000000	-0.930660962130582	1.049039142932102	-0.047087303531059
14.000000000000000	-0.989971170777905	0.997868125986594	-0.049008859192409
14.000000000000000	-1.045875630784645	0.943026648828670	-0.050759639900305
14.000000000000000	-1.098149234621487	0.884735538730887	-0.052332595878762
14.000000000000000	-1.146581494935422	0.823229513420124	-0.053721393389221
14.000000000000000	-1.190977392108032	0.758756235952140	-0.054920440234274
14.000000000000000	-1.231158159530656	0.691575317459857	-0.055924908275473
14.000000000000000	-1.266962003434436	0.621957271790957	-0.056730752874535
14.000000000000000	-1.298244754376714	0.550182426244093	-0.057334729179680
14.000000000000000	-1.324880447760499	0.476539792789797	-0.057734405191494
14.000000000000000	-1.346761831049435	0.401325904321282	-0.057928171555743
14.000000000000000	-1.363800795635916	0.324843620621137	-0.057915248043666
14.000000000000000	-1.375928731623349	0.247400908851876	-0.057695686693684
14.000000000000000	-1.383096804093992	0.169309603480874	-0.057270371601861
14.000000000000000	-1.385276149749931	0.090884150633017	-0.056641015361961
14.000000000000000	-1.382457993135397	0.012440341927151	-0.055810152169432
14.000000000000000	-1.374653681972426	-0.065705957105320	-0.054781127617105
14.000000000000000	-1.361894641467588	-0.143240078899441	-0.053558085223662
14.000000000000000	-1.344232247773772	-0.219849820911933	-0.052145949749158
14.000000000000000	-1.321737621116552	-0.295226702750643	-0.050550407364744
14.000000000000000	-1.294501339418137	-0.369067208316206	-0.048777882756465
14.000000000000000	-1.262633073572052	-0.441074007954257	-0.046835513255316
14.000000000000000	-1.226261145837152	-0.510957155697004	-0.044731120097733
14.000000000000000	-1.185532013129181	-0.578435256773309	-0.042473176932228
14.000000000000000	-1.140609677290460	-0.643236600686112	-0.040070775699002
14.000000000000000	-1.091675024712354	-0.705100255294708	-0.037533590019908
14.000000000000000	-1.038925097969613	-0.763777117496380	-0.034871836246192
14.000000000000000	-0.982572302399473	-0.819030916276673	-0.032096232320852
14.000000000000000	-0.922843550820326	-0.870639164089383	-0.029217954621262
14.000000000000000	-0.859979349833892	-0.918394052735379	-0.026248592955849
14.000000000000000	-0.794232831390013	-0.962103290132874	-0.023200103896022
14.000000000000000	-0.725868733513641	-1.001590874609769	-0.020084762631280
14.000000000000000	-0.655162334298241	-1.036697803600275	-0.016915113541354
14.000000000000000	-0.582398343458070	-1.067282713892118	-0.013703919684424
14.000000000000000	-0.507869755902644	-1.093222450846306	-0.010464111404778
14.000000000000000	-0.431876671949648	-1.114412564297393	-0.007208734266890
14.000000000000000	-0.354725088926877	-1.130767729137430	-0.003950896525529
14.000000000000000	-0.276725669028991	-1.142222088890061	-0.000703716343446
14.000000000000000	-0.198192488390511	-1.148729520891305	0.002519731030839
14.000000000000000	-0.119441772412071	-1.150263822009252	0.005706465912444
14.000000000000000	-0.040790622432341	-1.146818814154821	0.008843656444740
14.000000000000000	0.037444261127143	-1.138408369158749	0.011918670268705
14.000000000000000	0.114947854002802	-1.125066352914620	0.014919125388976
14.000000000000000	0.191408076580535	-1.106846489012868	0.017832940031777
14.000000000000000	0.266517050530182	-1.083822142414839	0.020648381293953
14.000000000000000	0.339972338522892	-1.056086024037981	0.023354112387235
14.000000000000000	0.411478162039504	-1.023749817441709	0.025939238287480
14.000000000000000	0.480746592366250	-0.986943729117124	0.028393349605092
14.000000000000000	0.547498709982068	-0.945815964191430	0.030706564499958
14.000000000000000	0.611465727669061	-0.900532129658192	0.032869568472132
14.000000000000000	0.672390072823765	-0.851274567536430	0.034873651868037
14.000000000000000	0.730026424611108	-0.798241620643659	0.036710744951166
14.000000000000000	0.784142701784837	-0.741646833939366	0.038373450396063
14.000000000000000	0.834520997196773	-0.681718094654835	0.039855073074744
14.000000000000000	0.880958455231998	-0.618696714671687	0.041149647015611
14.000000000000000	0.923268088636817	-0.552836458844112	0.042251959426316


15.000000000000000	nan	nan	nan
15.000000000000000	nan	nan	nan
15.000000000000000	nan	nan	nan
15.000000000000000	nan	nan	nan
15.000000000000000	nan	nan	nan
15.000000000000000	nan	nan	nan
15.000000000000000	nan	nan	nan
15.000000000000000	nan	nan	nan
15.000000000000000	nan	nan	nan
15.000000000000000	nan	nan	nan
15.000000000000000	nan	nan	nan
15.000000000000000	nan	nan	nan
15.000000000000000	nan	nan	nan
15.000000000000000	nan	nan	nan
15.000000000000000	nan	nan	nan
15.000000000000000	nan	nan	nan
15.000000000000000	nan	nan	nan
15.000000000000000	nan	nan	nan
15.000000000000000	nan	nan	nan
15.000000000000000	nan	nan	nan
15.000000000000000	nan	nan	nan
15.000000000000000	nan	nan	nan
15.000000000000000	nan	nan	nan
15.000000000000000	nan	nan	nan
15.000000000000000	nan	nan	nan
15.000000000000000	nan	nan	nan
15.000000000000000	nan	nan	nan
15.000000000000000	nan	nan	nan
15.000000000000000	nan	nan	nan
15.000000000000000	nan	nan	nan
15.000000000000000	nan	nan	nan
15.000000000000000	nan	nan	nan
15.000000000000000	nan	nan	nan
15.000000000000000	nan	nan	nan
15.000000000000000	nan	nan	nan
15.000000000000000	nan	nan	nan
15.000000000000000	nan	nan	nan
15.000000000000000	nan	nan	nan
15.000000000000000	nan	nan	nan
15.000000000000000	nan	nan	nan
15.000000000000000	nan	nan	nan
15.000000000000000	nan	nan	nan
15.000000000000000	nan	nan	nan
15.000000000000000	nan	nan	nan
15.000000000000000	nan	nan	nan
15.000000000000000	nan	nan	nan
15.000000000000000	nan	nan	nan
15.000000000000000	nan	nan	nan
15.000000000000000	nan	nan	nan
15.000000000000000	nan	nan	nan
15.000000000000000	nan	nan	nan
15.000000000000000	nan	nan	nan
15.000000000000000	nan	nan	nan
15.000000000000000	nan	nan	nan
15.000000000000000	nan	nan	nan
15.000000000000000	nan	nan	nan
15.000000000000000	nan	nan	nan
15.000000000000000	nan	nan	nan
15.000000000000000	nan	nan	nan
15.000000000000000	nan	nan	nan
15.000000000000000	nan	nan	nan
15.000000000000000	nan	nan	nan
15.000000000000000	nan	nan	nan
15.000000000000000	nan	nan	nan
15.000000000000000	nan	nan	nan
15.000000000000000	nan	nan	nan
15.000000000000000	nan	nan	nan
15.000000000000000	nan	nan	nan
15.000000000000000	nan	nan	nan
15.000000000000000	nan	nan	nan
15.000000000000000	nan	nan	nan
15.000000000000000	nan	nan	nan
15.000000000000000	nan	nan	nan
15.000000000000000	nan	nan	nan
15.000000000000000	nan	nan	nan
15.000000000000000	nan	nan	nan
15.000000000000000	nan	nan	nan
15.000000000000000	nan	nan	nan
15.000000000000000	nan	nan	nan
15.000000000000000	nan	nan	nan
15.000000000000000	nan	nan	nan
15.000000000000000	nan	nan	nan
15.000000000000000	nan	nan	nan
15.000000000000000	nan	nan	nan
15.000000000000000	nan	nan	nan
15.000000000000000	nan	nan	nan
15.000000000000000	nan	nan	nan
15.000000000000000	nan	nan	nan
15.000000000000000	nan	nan	nan
15.000000000000000	nan	nan	nan
15.000000000000000	nan	nan	nan
15.000000000000000	nan	nan	nan
15.000000000000000	nan	nan	nan
15.000000000000000	nan	nan	nan
15.000000000000000	nan	nan	nan
15.000000000000000	nan	nan	nan
15.000000000000000	nan	nan	nan
15.000000000000000	nan	nan	nan
15.000000000000000	nan	nan	nan
15.000000000000000	nan	nan	nan


16.000000000000000	-0.894815095655263	-0.098513589316769	0.012488621300229
16.000000000000000	-0.886643357323061	-0.156034218965143	0.011326695535526
16.000000000000000	-0.874839084088479	-0.212919691184217	0.010118291177269
16.000000000000000	-0.859449807593589	-0.268940948254736	0.008868274043313
16.000000000000000	-0.840537495023286	-0.323872412346831	0.007581677511469
16.000000000000000	-0.818178299585307	-0.377492893842323	0.006263682251874
16.000000000000000	-0.792462253868144	-0.429586481987242	0.004919595366262
16.000000000000000	-0.763492907311580	-0.479943414288237	0.003554829018133
16.000000000000000	-0.731386909249648	-0.528360921152097	0.002174878639885
16.000000000000000	-0.696273539204933	-0.574644042367339	0.000785300804646
16.000000000000000	-0.658294186325559	-0.618606412140168	-0.000608309148082
16.000000000000000	-0.617601780060995	-0.660071009523754	-0.002000339642888
16.000000000000000	-0.574360174369138	-0.698870871219104	-0.003385185464277
16.000000000000000	-0.528743487934253	-0.734849763877340	-0.004757270326898
16.000000000000000	-0.480935403052488	-0.767862813196254	-0.006111069329280
16.000000000000000	-0.431128426008097	-0.797777087277988	-0.007441131200653
16.000000000000000	-0.379523111918575	-0.824472131898872	-0.008742100251300
16.000000000000000	-0.326327257169986	-0.847840455536067	-0.010008737938022
16.000000000000000	-0.271755062694258	-0.867787962197990	-0.011235943957906
16.000000000000000	-0.216026271457629	-0.884234330315663	-0.012418776785446
16.000000000000000	-0.159365283633279	-0.897113336169318	-0.013552473570318
16.000000000000000	-0.102000253021033	-0.906373120547947	-0.014632469315701
16.000000000000000	-0.044162168352537	-0.911976397568041	-0.015654415259906
16.000000000000000	0.013916076818839	-0.913900604810682	-0.016614196387305
16.000000000000000	0.072000621898147	-0.912137994172441	-0.017507947998047
16.000000000000000	0.129857580922930	-0.906695663064255	-0.018332071269839
16.000000000000000	0.187253984339447	-0.897595525832660	-0.019083247749135
16.000000000000000	0.243958717088844	-0.884874225518451	-0.019758452713376
16.000000000000000	0.299743449225922	-0.868582986308090	-0.020354967350480
16.000000000000000	0.354383555323237	-0.848787407271986	-0.020870389706540
16.000000000000000	0.407659018958420	-0.825567198220190	-0.021302644357644
16.000000000000000	0.459355318642657	-0.799015858739126	-0.021649990766872
16.000000000000000	0.509264291623004	-0.769240301701755	-0.021911030292828
16.000000000000000	0.557184972080332	-0.736360422767168	-0.022084711821474
16.000000000000000	0.602924400347745	-0.700508617603087	-0.022170335998595
16.000000000000000	0.646298399891054	-0.661829248775237	-0.022167558045848
16.000000000000000	0.687132318922683	-0.620478064450244	-0.022076389149069
16.000000000000000	0.725261733662769	-0.576621571252743	-0.021897196413228
16.000000000000000	0.760533110415692	-0.530436363801965	-0.021630701384228
16.000000000000000	0.792804423796081	-0.482108413627532	-0.021277977143491
16.000000000000000	0.821945728614912	-0.431832320327748	-0.020840443987045
16.000000000000000	0.847839683122922	-0.379810527985696	-0.020319863706486
16.000000000000000	0.870382021504417	-0.326252509998373	-0.019718332494867
16.000000000000000	0.889481973718912	-0.271373925601242	-0.019038272506071
16.000000000000000	0.905062631000049	-0.215395751484618	-0.018282422101650
16.000000000000000	0.917061255540053	-0.158543391998520	-0.017453824824410
16.000000000000000	0.925429533112740	-0.101045771528913	-0.016555817143138
16.000000000000000	0.930133767617857	-0.043134412700001	-0.015592015017820
16.000000000000000	0.931155016763383	0.014957495885666	-0.014566299339448
16.000000000000000	0.928489168339451	0.072996038615389	-0.013482800303038
16.000000000000000	0.922146956776770	0.130747514761939	-0.012345880776795
16.000000000000000	0.912153919922859	0.187979379513896	-0.011160118734383
16.000000000000000	0.898550296210148	0.244461180351536	-0.009930288821040
16.000000000000000	0.881390862630015	0.299965484997783	-0.008661343127765
16.000000000000000	0.860744714165172	0.354268797207727	-0.007358391250999
16.000000000000000	0.836694985568557	0.407152456709113	-0.006026679718081
16.000000000000000	0.809338516609026	0.458403519670088	-0.004671570861334
16.000000000000000	0.778785462131785	0.507815616148851	-0.003298521225848
16.000000000000000	0.745158848503703	0.555189781072573	-0.001913059597896
16.000000000000000	0.708594078229557	0.600335255399523	-0.000520764742463
16.000000000000000	0.669238384733932	0.643070254238401	0.000872757060471
16.000000000000000	0.627250239504190	0.683222698831933	0.002261894590438
16.000000000000000	0.582798713981715	0.720630909457296	0.003641054280894
16.000000000000000	0.536062798770899	0.755144256453298	0.005004682742531
16.000000000000000	0.487230682907144	0.786623766752856	0.006347289124818
16.000000000000000	0.436498996086043	0.814942683478490	0.007663467225718
16.000000000000000	0.384072016904992	0.839986976347533	0.008947917260556
16.000000000000000	0.330160850305378	0.861655800831826	0.010195467202380
16.000000000000000	0.274982577527487	0.879861904223049	0.011401093607889
16.000000000000000	0.218759382000968	0.894531976968575	0.012559941845067
16.000000000000000	0.161717654690579	0.905606947863170	0.013667345641070
16.000000000000000	0.104087082499677	0.913042221907883	0.014718845871664
16.000000000000000	0.046099723402125	0.916807859878369	0.015710208516540
16.000000000000000	-0.012010927973270	0.916888698879580	0.016637441708224
16.000000000000000	-0.070010880543212	0.913284413401389	0.017496811805912
16.000000000000000	-0.127666588969422	0.906009516629307	0.018284858429531
16.000000000000000	-0.184745894063291	0.895093302005006	0.018998408393464
16.000000000000000	-0.241018957608992	0.880579725271968	0.019634588483849
16.000000000000000	-0.296259187840853	0.862527227481220	0.020190837027997
16.000000000000000	-0.350244151848426	0.841008499669849	0.020664914209347
16.000000000000000	-0.402756471235307	0.816110190159850	0.021054911086411
16.000000000000000	-0.453584697425225	0.787932555655917	0.021359257279412
16.000000000000000	-0.502524163090814	0.756589057547078	0.021576727293649
16.000000000000000	-0.549377806276722	0.722205905037723	0.021706445454128
16.000000000000000	-0.593956963898538	0.684921546947690	0.021747889431601
16.000000000000000	-0.636082131422458	0.644886114227722	0.021700892345797
16.000000000000000	-0.675583685666675	0.602260815435130	0.021565643437394
16.000000000000000	-0.712302567814077	0.557217287603815	0.021342687306011
16.000000000000000	-0.746090923885957	0.509936905122524	0.021032921717298
16.000000000000000	-0.776812700097804	0.460610049404189	0.020637593987950
16.000000000000000	-0.804344190699870	0.409435342287185	0.020158295963206
16.000000000000000	-0.828574536096570	0.356618846255278	0.019596957607045
16.000000000000000	-0.849406169238942	0.302373234696733	0.018955839230908
16.000000000000000	-0.866755208492715	0.246916935543646	0.018237522392216
16.000000000000000	-0.880551795400049	0.190473251739753	0.017444899499353
16.000000000000000	-0.890740375974890	0.133269462078285	0.016581162164957
16.000000000000000	-0.897279924399257	0.075535906030487	0.015649788354423
16.000000000000000	-0.900144108219738	0.017505056249865	0.014654528381364
16.000000000000000	-0.899321394378986	-0.040589417513140	0.013599389806421
16.000000000000000	-0.894815095655263	-0.098513589316769	0.012488621300229


17.000000000000000	0.661532692050883	1.321997687030718	0.024336498867737
17.000000000000000	0.575859876345692	1.361520170262112	0.024369975393463
17.000000000000000	0.487853139995882	1.395530044399857	0.024304765799352
17.000000000000000	0.397866855067305	1.423890363684373	0.024141132661426
17.000000000000000	0.306263364569271	1.446486931119499	0.023879734872577
17.000000000000000	0.213411523427133	1.463228758303492	0.023521624989442
17.000000000000000	0.119685213233692	1.474048431807205	0.023068244994128
17.000000000000000	0.025461836759980	1.478902384624176	0.022521420487859
17.000000000000000	-0.068879201712497	1.477771071599582	0.021883353339922
17.000000000000000	-0.162958024118892	1.470659048131683	0.021156612821521
17.000000000000000	-0.256395808245909	1.457594951828841	0.020344125260225
17.000000000000000	-0.348816313115152	1.438631387195976	0.019449162256681
17.000000000000000	-0.439847393972754	1.413844713814793	0.018475327511032
17.000000000000000	-0.529122500784953	1.383334738870695	0.017426542312091
17.000000000000000	-0.616282154205710	1.347224315264476	0.016307029747690
17.000000000000000	-0.700975393073156	1.305658846927051	0.015121297699803
17.000000000000000	-0.782861187606323	1.258805703329141	0.013874120692889
17.000000000000000	-0.861609812611706	1.206853545543489	0.012570520668571
17.000000000000000	-0.936904175170246	1.150011566573308	0.011215746764050
17.000000000000000	-1.008441091458595	1.088508649005889	0.009815254175682
17.000000000000000	-1.075932507563369	1.022592443383203	0.008374682192822
17.000000000000000	-1.139106659372588	0.952528371000581	0.006899831490407
17.000000000000000	-1.197709166873841	0.878598555148828	0.005396640771675
17.000000000000000	-1.251504058452809	0.801100685103312	0.003871162855108
17.000000000000000	-1.300274721067677	0.720346817434315	0.002329540301869
17.000000000000000	-1.343824772473394	0.636662119465368	0.000777980681874
17.000000000000000	-1.381978851983670	0.550383559939196	-0.000777268421902
17.000000000000000	-1.414583326586562	0.461858552163534	-0.002329944570231
17.000000000000000	-1.441506909570389	0.371443555100343	-0.003873795684274
17.000000000000000	-1.462641189168987	0.279502638031387	-0.005402605220486
17.000000000000000	-1.477901065097624	0.186406014579729	-0.006910217202448
17.000000000000000	-1.487225091221815	0.092528551990136	-0.008390561008811
17.000000000000000	-1.490575722979213	-0.001751738329010	-0.009837675817546
17.000000000000000	-1.487939468558316	-0.096055222924235	-0.011245734608068
17.000000000000000	-1.479326943225228	-0.190002174946900	-0.012609067624592
17.000000000000000	-1.464772826579728	-0.283214303179202	-0.013922185206242
17.000000000000000	-1.444335722912762	-0.375316275279388	-0.015179799891972
17.000000000000000	-1.418097925227649	-0.465937229112629	-0.016376847711310
17.000000000000000	-1.386165083875200	-0.554712266081940	-0.017508508575179
17.000000000000000	-1.348665781137044	-0.641283920446041	-0.018570225684692
17.000000000000000	-1.305751013470162	-0.725303598707733	-0.019557723879776
17.000000000000000	-1.257593583497448	-0.806432983276879	-0.020467026853730
17.000000000000000	-1.204387404192539	-0.884345394755929	-0.021294473164412
17.000000000000000	-1.146346718060704	-0.958727107362558	-0.022036730977569
17.000000000000000	-1.083705234459900	-1.029278612192660	-0.022690811482965
17.000000000000000	-1.016715188535664	-1.095715823237000	-0.023254080929256
17.000000000000000	-0.945646325559216	-1.157771221295300	-0.023724271229186
17.000000000000000	-0.870784814758447	-1.215194931181647	-0.024099489092368
17.000000000000000	-0.792432097015450	-1.267755727883668	-0.024378223648896
17.000000000000000	-0.710903671070471	-1.315241967624050	-0.024559352533090
17.000000000000000	-0.626527823119842	-1.357462440075331	-0.024642146402861
17.000000000000000	-0.539644304923330	-1.394247138296402	-0.024626271876518
17.000000000000000	-0.450602965743715	-1.425447943290458	-0.024511792875174
17.000000000000000	-0.359762343627289	-1.450939220427916	-0.024299170365364
17.000000000000000	-0.267488221697683	-1.470618325332732	-0.023989260502892
17.000000000000000	-0.174152155276330	-1.484406017195071	-0.023583311185391
17.000000000000000	-0.080129975760326	-1.492246777846084	-0.023082957027488
17.000000000000000	0.014199722717959	-1.494109035309977	-0.022490212778778
17.000000000000000	0.108457107755834	-1.489985290933214	-0.021807465211146
17.000000000000000	0.202262638131306	-1.479892149578952	-0.021037463508075
17.000000000000000	0.295238592081633	-1.463870252765112	-0.020183308194656
17.000000000000000	0.387010588255539	-1.441984115015335	-0.019248438652868
17.000000000000000	0.477209093214786	-1.414321864081763	-0.018236619272399
17.000000000000000	0.565470909414904	-1.380994886085687	-0.017151924292779
17.000000000000000	0.651440637673513	-1.342137377004948	-0.015998721397854
17.000000000000000	0.734772108237395	-1.297905802314099	-0.014781654128666
17.000000000000000	0.815129774685914	-1.248478266953159	-0.013505623185553
17.000000000000000	0.892190065058017	-1.194053798161889	-0.012175766694754
17.000000000000000	0.965642684762326	-1.134851544067333	-0.010797439518994
17.000000000000000	1.035191866023937	-1.071109891251662	-0.009376191695338
17.000000000000000	1.100557558836859	-1.003085504853546	-0.007917746087150
17.000000000000000	1.161476558626548	-0.931052295068229	-0.006427975340147
17.000000000000000	1.217703566081833	-0.855300314207842	-0.004912878235320
17.000000000000000	1.269012174888662	-0.776134588763120	-0.003378555533966
17.000000000000000	1.315195783388426	-0.693873891169379	-0.001831185412075
17.000000000000000	1.356068426489912	-0.608849456222430	-0.000276998582993
17.000000000000000	1.391465524485094	-0.521403647312960	0.001277746791461
17.000000000000000	1.421244545753533	-0.431888577849993	0.002826790300401
17.000000000000000	1.445285580686899	-0.340664693424469	0.004363894492341
17.000000000000000	1.463491824522649	-0.248099320422071	0.005882869991212
17.000000000000000	1.475789967142638	-0.154565186929506	0.007377600418794
17.000000000000000	1.482130488267086	-0.060438921890059	0.008842067023210
17.000000000000000	1.482487856855275	0.033900461448233	0.010270372914318
17.000000000000000	1.476860633910029	0.128073091685165	0.011656766808407
17.000000000000000	1.465271478272057	0.221699768876417	0.012995666186584
17.000000000000000	1.447767055380791	0.314403491437893	0.014281679773609
17.000000000000000	1.424417849369139	0.405810974198036	0.015509629246659
17.000000000000000	1.395317879248752	0.495554151485474	0.016674570086602
17.000000000000000	1.360584320328652	0.583271659199567	0.017771811487833
17.000000000000000	1.320357032391617	0.668610289896096	0.018796935246496
17.000000000000000	1.274797996528198	0.751226415028985	0.019745813551025
17.000000000000000	1.224090662896042	0.830787368621170	0.020614625603389
17.000000000000000	1.168439212030845	0.906972786793078	0.021399873004093
17.000000000000000	1.108067732683409	0.979475897754901	0.022098393839005
17.000000000000000	1.043219319493331	1.048004757068315	0.022707375411259
17.000000000000000	0.974155094132681	1.112283423203699	0.023224365567002
17.000000000000000	0.901153153861200	1.172053068659282	0.023647282569343
17.000000000000000	0.824507451726782	1.227073022168136	0.023974423480782
17.000000000000000	0.744526612920298	1.277121737796433	0.024204471020329
17.000000000000000	0.661532692050883	1.321997687030718	0.024336498867737


18.000000000000000	nan	nan	nan
18.000000000000000	nan	nan	nan
18.000000000000000	nan	nan	nan
18.000000000000000	nan	nan	nan
18.000000000000000	nan	nan	nan
18.000000000000000	nan	nan	nan
18.000000000000000	nan	nan	nan
18.000000000000000	nan	nan	nan
18.000000000000000	nan	nan	nan
18.000000000000000	nan	nan	nan
18.000000000000000	nan	nan	nan
18.000000000000000	nan	nan	nan
18.000000000000000	nan	nan	nan
18.000000000000000	nan	nan	nan
18.000000000000000	nan	nan	nan
18.000000000000000	nan	nan	nan
18.000000000000000	nan	nan	nan
18.000000000000000	nan	nan	nan
18.000000000000000	nan	nan	nan
18.000000000000000	nan	nan	nan
18.000000000000000	nan	nan	nan
18.000000000000000	nan	nan	nan
18.000000000000000	nan	nan	nan
18.000000000000000	nan	nan	nan
18.000000000000000	nan	nan	nan
18.000000000000000	nan	nan	nan
18.000000000000000	nan	nan	nan
18.000000000000000	nan	nan	nan
18.000000000000000	nan	nan	nan
18.000000000000000	nan	nan	nan
18.000000000000000	nan	nan	nan
18.000000000000000	nan	nan	nan
18.000000000000000	nan	nan	nan
18.000000000000000	nan	nan	nan
18.000000000000000	nan	nan	nan
18.000000000000000	nan	nan	nan
18.000000000000000	nan	nan	nan
18.000000000000000	nan	nan	nan
18.000000000000000	nan	nan	nan
18.000000000000000	nan	nan	nan
18.000000000000000	nan	nan	nan
18.000000000000000	nan	nan	nan
18.000000000000000	nan	nan	nan
18.000000000000000	nan	nan	nan
18.000000000000000	nan	nan	nan
18.000000000000000	nan	nan	nan
18.000000000000000	nan	nan	nan
18.000000000000000	nan	nan	nan
18.000000000000000	nan	nan	nan
18.000000000000000	nan	nan	nan
18.000000000000000	nan	nan	nan
18.000000000000000	nan	nan	nan
18.000000000000000	nan	nan	nan
18.000000000000000	nan	nan	nan
18.000000000000000	nan	nan	nan
18.000000000000000	nan	nan	nan
18.000000000000000	nan	nan	nan
18.000000000000000	nan	nan	nan
18.000000000000000	nan	nan	nan
18.000000000000000	nan	nan	nan
18.000000000000000	nan	nan	nan
18.000000000000000	nan	nan	nan
18.000000000000000	nan	nan	nan
18.000000000000000	nan	nan	nan
18.000000000000000	nan	nan	nan
18.000000000000000	nan	nan	nan
18.000000000000000	nan	nan	nan
18.000000000000000	nan	nan	nan
18.000000000000000	nan	nan	nan
18.000000000000000	nan	nan	nan
18.000000000000000	nan	nan	nan
18.000000000000000	nan	nan	nan
18.000000000000000	nan	nan	nan
18.000000000000000	nan	nan	nan
18.000000000000000	nan	nan	nan
18.000000000000000	nan	nan	nan
18.000000000000000	nan	nan	nan
18.000000000000000	nan	nan	nan
18.000000000000000	nan	nan	nan
18.000000000000000	nan	nan	nan
18.000000000000000	nan	nan	nan
18.000000000000000	nan	nan	nan
18.000000000000000	nan	nan	nan
18.000000000000000	nan	nan	nan
18.000000000000000	nan	nan	nan
18.000000000000000	nan	nan	nan
18.000000000000000	nan	nan	nan
18.000000000000000	nan	nan	nan
18.000000000000000	nan	nan	nan
18.000000000000000	nan	nan	nan
18.000000000000000	nan	nan	nan
18.000000000000000	nan	nan	nan
18.000000000000000	nan	nan	nan
18.000000000000000	nan	nan	nan
18.000000000000000	nan	nan	nan
18.000000000000000	nan	nan	nan
18.000000000000000	nan	nan	nan
18.000000000000000	nan	nan	nan
18.000000000000000	nan	nan	nan
18.000000000000000	nan	nan	nan


