# n	x	y	z
1.000000000000000	-0.161913522405813	0.313845374610509	-0.006027337106684
1.000000000000000	-0.183775918267500	0.301660187994389	-0.006395960454835
1.000000000000000	-0.204817687025635	0.288104040049235	-0.006735828159121
1.000000000000000	-0.224954100903990	0.273231516598263	-0.007045571692250
1.000000000000000	-0.244104077670899	0.257102504044246	-0.007323943826336
1.000000000000000	-0.262190507128786	0.239781948228104	-0.007569823655046
1.000000000000000	-0.279140561609718	0.221339592914927	-0.007782221107091
1.000000000000000	-0.294885989226715	0.201849698960447	-0.007960280932895
1.000000000000000	-0.309363388700014	0.181390745288782	-0.008103286148386
1.000000000000000	-0.322514464651644	0.160045112885507	-0.008210660922033
1.000000000000000	-0.334286262340339	0.137898753078502	-0.008281972893520
1.000000000000000	-0.344631380891589	0.115040841442291	-0.008316934914708
1.000000000000000	-0.353508164164232	0.091563418719474	-0.008315406205875
1.000000000000000	-0.360880868485036	0.067561020205148	-0.008277392922595
1.000000000000000	-0.366719806575850	0.043130295086631	-0.008203048130940
1.000000000000000	-0.371001467093800	0.018369617271304	-0.008092671191149
1.000000000000000	-0.373708609303166	-0.006621310730397	-0.007946706552201
1.000000000000000	-0.374830332497738	-0.031741859271803	-0.007765741962179
1.000000000000000	-0.374362119894118	-0.056890876770077	-0.007550506101617
1.000000000000000	-0.372305856819208	-0.081967097007944	-0.007301865649359
1.000000000000000	-0.368669823118665	-0.106869546897001	-0.007020821792752
1.000000000000000	-0.363468659816886	-0.131497953060709	-0.006708506196211
1.000000000000000	-0.356723310162768	-0.155753145599891	-0.006366176444416
1.000000000000000	-0.348460935298641	-0.179537457414908	-0.005995210978453
1.000000000000000	-0.338714804891928	-0.202755117476608	-0.005597103545323
1.000000000000000	-0.327524163169941	-0.225312636462450	-0.005173457183151
1.000000000000000	-0.314934070897227	-0.247119183205014	-0.004725977766314
1.000000000000000	-0.300995223931774	-0.268086950437052	-0.004256467136487
1.000000000000000	-0.285763749090682	-0.288131508360363	-0.003766815847267
1.000000000000000	-0.269300978147283	-0.307172144614793	-0.003258995551576
1.000000000000000	-0.251673200869732	-0.325132189278419	-0.002735051062513
1.000000000000000	-0.232951398095513	-0.341939323590266	-0.002197092119611
1.000000000000000	-0.213210955916654	-0.357525871152433	-0.001647284893666
1.000000000000000	-0.192531362126542	-0.371829070439063	-0.001087843264324
1.000000000000000	-0.170995886150638	-0.384791327514854	-0.000521019905576
1.000000000000000	-0.148691243749883	-0.396360447945508	0.000050902784970
1.000000000000000	-0.125707247846942	-0.406489846966301	0.000625621876495
1.000000000000000	-0.102136446881256	-0.415138737062485	0.001200823178060
1.000000000000000	-0.078073752149148	-0.422272292206213	0.001774190557040
1.000000000000000	-0.053616055629526	-0.427861788088667	0.002343415265364
1.000000000000000	-0.028861839834083	-0.431884717782704	0.002906205236036
1.000000000000000	-0.003910781252980	-0.434324882370315	0.003460294312479
1.000000000000000	0.021136651007197	-0.435172456169948	0.004003451373542
1.000000000000000	0.046179599777072	-0.434424026301055	0.004533489317447
1.000000000000000	0.071117225940699	-0.432082606426566	0.005048273868465
1.000000000000000	0.095849114479100	-0.428157624617926	0.005545732170899
1.000000000000000	0.120275678806095	-0.422664885391581	0.006023861135742
1.000000000000000	0.144298561768344	-0.415626506069766	0.006480735506404
1.000000000000000	0.167821031694883	-0.407070827721859	0.006914515611045
1.000000000000000	0.190748371901429	-0.397032301044893	0.007323454770284
1.000000000000000	0.212988262081031	-0.385551347642761	0.007705906330459
1.000000000000000	0.234451150045367	-0.372674197262682	0.008060330294122
1.000000000000000	0.255050612319796	-0.358452701644327	0.008385299521061
1.000000000000000	0.274703702140192	-0.342944125731163	0.008679505474897
1.000000000000000	0.293331283450284	-0.326210917084737	0.008941763492092
1.000000000000000	0.310858349554624	-0.308320454430386	0.009171017552172
1.000000000000000	0.327214325144079	-0.289344776346892	0.009366344529951
1.000000000000000	0.342333350477690	-0.269360291192550	0.009526957912629
1.000000000000000	0.356154546576604	-0.248447469435677	0.009652210966803
1.000000000000000	0.368622260362236	-0.226690519628439	0.009741599342628
1.000000000000000	0.379686288751574	-0.204177049328727	0.009794763104667
1.000000000000000	0.389302080807273	-0.180997712335451	0.009811488181212
1.000000000000000	0.397430917128558	-0.157245843657681	0.009791707226283
1.000000000000000	0.404040065760587	-0.133017083687506	0.009735499890804
1.000000000000000	0.409102913994475	-0.108408993089938	0.009643092501877
1.000000000000000	0.412599075527286	-0.083520659960540	0.009514857151444
1.000000000000000	0.414514472550475	-0.058452300832642	0.009351310197999
1.000000000000000	0.414841392436258	-0.033304857140732	0.009153110187402
1.000000000000000	0.413578518793638	-0.008179588764923	0.008921055201142
1.000000000000000	0.410730936769052	0.016822333706842	0.008656079642746
1.000000000000000	0.406310112570275	0.041600236357043	0.008359250475267
1.000000000000000	0.400333847296055	0.066054347316913	0.008031762924997
1.000000000000000	0.392826205257364	0.090086198512543	0.007674935668718
1.000000000000000	0.383817417078917	0.113599022161060	0.007290205523850
1.000000000000000	0.373343757971113	0.136498140420337	0.006879121662898
1.000000000000000	0.361447401662567	0.158691346623244	0.006443339375482
1.000000000000000	0.348176250581388	0.180089276561356	0.005984613403065
1.000000000000000	0.333583742969009	0.200605768323079	0.005504790873234
1.000000000000000	0.317728637703252	0.220158209237256	0.005005803861967
1.000000000000000	0.300674777697061	0.238667868525237	0.004489661613844
1.000000000000000	0.282490832825627	0.256060214321938	0.003958442451528
1.000000000000000	0.263250023417037	0.272265213789358	0.003414285407095
1.000000000000000	0.243029825419857	0.287217615114093	0.002859381608908
1.000000000000000	0.221911658434827	0.300857210253367	0.002295965458711
1.000000000000000	0.199980557866871	0.313129077371562	0.001726305634486
1.000000000000000	0.177324832517532	0.323983801991074	0.001152695955289
1.000000000000000	0.154035708996592	0.333377675966967	0.000577446144845
1.000000000000000	0.130206964384722	0.341272873484249	0.000002872531110
1.000000000000000	0.105934548626265	0.347637603369080	-0.000568711280765
1.000000000000000	0.081316198172683	0.352446237100604	-0.001135003724507
1.000000000000000	0.056451042432359	0.355679412007962	-0.001693724540315
1.000000000000000	0.031439204611457	0.357324109236931	-0.002242623956660
1.000000000000000	0.006381398553111	0.357373706172255	-0.002779491749324
1.000000000000000	-0.018621476801680	0.355828003104582	-0.003302166141188
1.000000000000000	-0.043468743698470	0.352693224034618	-0.003808542506953
1.000000000000000	-0.068060350963155	0.347981991611277	-0.004296581847715
1.000000000000000	-0.092297276872735	0.341713276304728	-0.004764319001300
1.000000000000000	-0.116081927880842	0.333912320019007	-0.005209870555275
1.000000000000000	-0.139318531592512	0.324610534451776	-0.005631442430787
1.000000000000000	-0.161913522405812	0.313845374610509	-0.006027337106684


2.000000000000000	nan	nan	nan
2.000000000000000	nan	nan	nan
2.000000000000000	nan	nan	nan
2.000000000000000	nan	nan	nan
2.000000000000000	nan	nan	nan
2.000000000000000	nan	nan	nan
2.000000000000000	nan	nan	nan
2.000000000000000	nan	nan	nan
2.000000000000000	nan	nan	nan
2.000000000000000	nan	nan	nan
2.000000000000000	nan	nan	nan
2.000000000000000	nan	nan	nan
2.000000000000000	nan	nan	nan
2.000000000000000	nan	nan	nan
2.000000000000000	nan	nan	nan
2.000000000000000	nan	nan	nan
2.000000000000000	nan	nan	nan
2.000000000000000	nan	nan	nan
2.000000000000000	nan	nan	nan
2.000000000000000	nan	nan	nan
2.000000000000000	nan	nan	nan
2.000000000000000	nan	nan	nan
2.000000000000000	nan	nan	nan
2.000000000000000	nan	nan	nan
2.000000000000000	nan	nan	nan
2.000000000000000	nan	nan	nan
2.000000000000000	nan	nan	nan
2.000000000000000	nan	nan	nan
2.000000000000000	nan	nan	nan
2.000000000000000	nan	nan	nan
2.000000000000000	nan	nan	nan
2.000000000000000	nan	nan	nan
2.000000000000000	nan	nan	nan
2.000000000000000	nan	nan	nan
2.000000000000000	nan	nan	nan
2.000000000000000	nan	nan	nan
2.000000000000000	nan	nan	nan
2.000000000000000	nan	nan	nan
2.000000000000000	nan	nan	nan
2.000000000000000	nan	nan	nan
2.000000000000000	nan	nan	nan
2.000000000000000	nan	nan	nan
2.000000000000000	nan	nan	nan
2.000000000000000	nan	nan	nan
2.000000000000000	nan	nan	nan
2.000000000000000	nan	nan	nan
2.000000000000000	nan	nan	nan
2.000000000000000	nan	nan	nan
2.000000000000000	nan	nan	nan
2.000000000000000	nan	nan	nan
2.000000000000000	nan	nan	nan
2.000000000000000	nan	nan	nan
2.000000000000000	nan	nan	nan
2.000000000000000	nan	nan	nan
2.000000000000000	nan	nan	nan
2.000000000000000	nan	nan	nan
2.000000000000000	nan	nan	nan
2.000000000000000	nan	nan	nan
2.000000000000000	nan	nan	nan
2.000000000000000	nan	nan	nan
2.000000000000000	nan	nan	nan
2.000000000000000	nan	nan	nan
2.000000000000000	nan	nan	nan
2.000000000000000	nan	nan	nan
2.000000000000000	nan	nan	nan
2.000000000000000	nan	nan	nan
2.000000000000000	nan	nan	nan
2.000000000000000	nan	nan	nan
2.000000000000000	nan	nan	nan
2.000000000000000	nan	nan	nan
2.000000000000000	nan	nan	nan
2.000000000000000	nan	nan	nan
2.000000000000000	nan	nan	nan
2.000000000000000	nan	nan	nan
2.000000000000000	nan	nan	nan
2.000000000000000	nan	nan	nan
2.000000000000000	nan	nan	nan
2.000000000000000	nan	nan	nan
2.000000000000000	nan	nan	nan
2.000000000000000	nan	nan	nan
2.000000000000000	nan	nan	nan
2.000000000000000	nan	nan	nan
2.000000000000000	nan	nan	nan
2.000000000000000	nan	nan	nan
2.000000000000000	nan	nan	nan
2.000000000000000	nan	nan	nan
2.000000000000000	nan	nan	nan
2.000000000000000	nan	nan	nan
2.000000000000000	nan	nan	nan
2.000000000000000	nan	nan	nan
2.000000000000000	nan	nan	nan
2.000000000000000	nan	nan	nan
2.000000000000000	nan	nan	nan
2.000000000000000	nan	nan	nan
2.000000000000000	nan	nan	nan
2.000000000000000	nan	nan	nan
2.000000000000000	nan	nan	nan
2.000000000000000	nan	nan	nan
2.000000000000000	nan	nan	nan
2.000000000000000	nan	nan	nan


3.000000000000000	nan	nan	nan
3.000000000000000	nan	nan	nan
3.000000000000000	nan	nan	nan
3.000000000000000	nan	nan	nan
3.000000000000000	nan	nan	nan
3.000000000000000	nan	nan	nan
3.000000000000000	nan	nan	nan
3.000000000000000	nan	nan	nan
3.000000000000000	nan	nan	nan
3.000000000000000	nan	nan	nan
3.000000000000000	nan	nan	nan
3.000000000000000	nan	nan	nan
3.000000000000000	nan	nan	nan
3.000000000000000	nan	nan	nan
3.000000000000000	nan	nan	nan
3.000000000000000	nan	nan	nan
3.000000000000000	nan	nan	nan
3.000000000000000	nan	nan	nan
3.000000000000000	nan	nan	nan
3.000000000000000	nan	nan	nan
3.000000000000000	nan	nan	nan
3.000000000000000	nan	nan	nan
3.000000000000000	nan	nan	nan
3.000000000000000	nan	nan	nan
3.000000000000000	nan	nan	nan
3.000000000000000	nan	nan	nan
3.000000000000000	nan	nan	nan
3.000000000000000	nan	nan	nan
3.000000000000000	nan	nan	nan
3.000000000000000	nan	nan	nan
3.000000000000000	nan	nan	nan
3.000000000000000	nan	nan	nan
3.000000000000000	nan	nan	nan
3.000000000000000	nan	nan	nan
3.000000000000000	nan	nan	nan
3.000000000000000	nan	nan	nan
3.000000000000000	nan	nan	nan
3.000000000000000	nan	nan	nan
3.000000000000000	nan	nan	nan
3.000000000000000	nan	nan	nan
3.000000000000000	nan	nan	nan
3.000000000000000	nan	nan	nan
3.000000000000000	nan	nan	nan
3.000000000000000	nan	nan	nan
3.000000000000000	nan	nan	nan
3.000000000000000	nan	nan	nan
3.000000000000000	nan	nan	nan
3.000000000000000	nan	nan	nan
3.000000000000000	nan	nan	nan
3.000000000000000	nan	nan	nan
3.000000000000000	nan	nan	nan
3.000000000000000	nan	nan	nan
3.000000000000000	nan	nan	nan
3.000000000000000	nan	nan	nan
3.000000000000000	nan	nan	nan
3.000000000000000	nan	nan	nan
3.000000000000000	nan	nan	nan
3.000000000000000	nan	nan	nan
3.000000000000000	nan	nan	nan
3.000000000000000	nan	nan	nan
3.000000000000000	nan	nan	nan
3.000000000000000	nan	nan	nan
3.000000000000000	nan	nan	nan
3.000000000000000	nan	nan	nan
3.000000000000000	nan	nan	nan
3.000000000000000	nan	nan	nan
3.000000000000000	nan	nan	nan
3.000000000000000	nan	nan	nan
3.000000000000000	nan	nan	nan
3.000000000000000	nan	nan	nan
3.000000000000000	nan	nan	nan
3.000000000000000	nan	nan	nan
3.000000000000000	nan	nan	nan
3.000000000000000	nan	nan	nan
3.000000000000000	nan	nan	nan
3.000000000000000	nan	nan	nan
3.000000000000000	nan	nan	nan
3.000000000000000	nan	nan	nan
3.000000000000000	nan	nan	nan
3.000000000000000	nan	nan	nan
3.000000000000000	nan	nan	nan
3.000000000000000	nan	nan	nan
3.000000000000000	nan	nan	nan
3.000000000000000	nan	nan	nan
3.000000000000000	nan	nan	nan
3.000000000000000	nan	nan	nan
3.000000000000000	nan	nan	nan
3.000000000000000	nan	nan	nan
3.000000000000000	nan	nan	nan
3.000000000000000	nan	nan	nan
3.000000000000000	nan	nan	nan
3.000000000000000	nan	nan	nan
3.000000000000000	nan	nan	nan
3.000000000000000	nan	nan	nan
3.000000000000000	nan	nan	nan
3.000000000000000	nan	nan	nan
3.000000000000000	nan	nan	nan
3.000000000000000	nan	nan	nan
3.000000000000000	nan	nan	nan
3.000000000000000	nan	nan	nan


4.000000000000000	nan	nan	nan
4.000000000000000	nan	nan	nan
4.000000000000000	nan	nan	nan
4.000000000000000	nan	nan	nan
4.000000000000000	nan	nan	nan
4.000000000000000	nan	nan	nan
4.000000000000000	nan	nan	nan
4.000000000000000	nan	nan	nan
4.000000000000000	nan	nan	nan
4.000000000000000	nan	nan	nan
4.000000000000000	nan	nan	nan
4.000000000000000	nan	nan	nan
4.000000000000000	nan	nan	nan
4.000000000000000	nan	nan	nan
4.000000000000000	nan	nan	nan
4.000000000000000	nan	nan	nan
4.000000000000000	nan	nan	nan
4.000000000000000	nan	nan	nan
4.000000000000000	nan	nan	nan
4.000000000000000	nan	nan	nan
4.000000000000000	nan	nan	nan
4.000000000000000	nan	nan	nan
4.000000000000000	nan	nan	nan
4.000000000000000	nan	nan	nan
4.000000000000000	nan	nan	nan
4.000000000000000	nan	nan	nan
4.000000000000000	nan	nan	nan
4.000000000000000	nan	nan	nan
4.000000000000000	nan	nan	nan
4.000000000000000	nan	nan	nan
4.000000000000000	nan	nan	nan
4.000000000000000	nan	nan	nan
4.000000000000000	nan	nan	nan
4.000000000000000	nan	nan	nan
4.000000000000000	nan	nan	nan
4.000000000000000	nan	nan	nan
4.000000000000000	nan	nan	nan
4.000000000000000	nan	nan	nan
4.000000000000000	nan	nan	nan
4.000000000000000	nan	nan	nan
4.000000000000000	nan	nan	nan
4.000000000000000	nan	nan	nan
4.000000000000000	nan	nan	nan
4.000000000000000	nan	nan	nan
4.000000000000000	nan	nan	nan
4.000000000000000	nan	nan	nan
4.000000000000000	nan	nan	nan
4.000000000000000	nan	nan	nan
4.000000000000000	nan	nan	nan
4.000000000000000	nan	nan	nan
4.000000000000000	nan	nan	nan
4.000000000000000	nan	nan	nan
4.000000000000000	nan	nan	nan
4.000000000000000	nan	nan	nan
4.000000000000000	nan	nan	nan
4.000000000000000	nan	nan	nan
4.000000000000000	nan	nan	nan
4.000000000000000	nan	nan	nan
4.000000000000000	nan	nan	nan
4.000000000000000	nan	nan	nan
4.000000000000000	nan	nan	nan
4.000000000000000	nan	nan	nan
4.000000000000000	nan	nan	nan
4.000000000000000	nan	nan	nan
4.000000000000000	nan	nan	nan
4.000000000000000	nan	nan	nan
4.000000000000000	nan	nan	nan
4.000000000000000	nan	nan	nan
4.000000000000000	nan	nan	nan
4.000000000000000	nan	nan	nan
4.000000000000000	nan	nan	nan
4.000000000000000	nan	nan	nan
4.000000000000000	nan	nan	nan
4.000000000000000	nan	nan	nan
4.000000000000000	nan	nan	nan
4.000000000000000	nan	nan	nan
4.000000000000000	nan	nan	nan
4.000000000000000	nan	nan	nan
4.000000000000000	nan	nan	nan
4.000000000000000	nan	nan	nan
4.000000000000000	nan	nan	nan
4.000000000000000	nan	nan	nan
4.000000000000000	nan	nan	nan
4.000000000000000	nan	nan	nan
4.000000000000000	nan	nan	nan
4.000000000000000	nan	nan	nan
4.000000000000000	nan	nan	nan
4.000000000000000	nan	nan	nan
4.000000000000000	nan	nan	nan
4.000000000000000	nan	nan	nan
4.000000000000000	nan	nan	nan
4.000000000000000	nan	nan	nan
4.000000000000000	nan	nan	nan
4.000000000000000	nan	nan	nan
4.000000000000000	nan	nan	nan
4.000000000000000	nan	nan	nan
4.000000000000000	nan	nan	nan
4.000000000000000	nan	nan	nan
4.000000000000000	nan	nan	nan
4.000000000000000	nan	nan	nan


5.000000000000000	nan	nan	nan
5.000000000000000	nan	nan	nan
5.000000000000000	nan	nan	nan
5.000000000000000	nan	nan	nan
5.000000000000000	nan	nan	nan
5.000000000000000	nan	nan	nan
5.000000000000000	nan	nan	nan
5.000000000000000	nan	nan	nan
5.000000000000000	nan	nan	nan
5.000000000000000	nan	nan	nan
5.000000000000000	nan	nan	nan
5.000000000000000	nan	nan	nan
5.000000000000000	nan	nan	nan
5.000000000000000	nan	nan	nan
5.000000000000000	nan	nan	nan
5.000000000000000	nan	nan	nan
5.000000000000000	nan	nan	nan
5.000000000000000	nan	nan	nan
5.000000000000000	nan	nan	nan
5.000000000000000	nan	nan	nan
5.000000000000000	nan	nan	nan
5.000000000000000	nan	nan	nan
5.000000000000000	nan	nan	nan
5.000000000000000	nan	nan	nan
5.000000000000000	nan	nan	nan
5.000000000000000	nan	nan	nan
5.000000000000000	nan	nan	nan
5.000000000000000	nan	nan	nan
5.000000000000000	nan	nan	nan
5.000000000000000	nan	nan	nan
5.000000000000000	nan	nan	nan
5.000000000000000	nan	nan	nan
5.000000000000000	nan	nan	nan
5.000000000000000	nan	nan	nan
5.000000000000000	nan	nan	nan
5.000000000000000	nan	nan	nan
5.000000000000000	nan	nan	nan
5.000000000000000	nan	nan	nan
5.000000000000000	nan	nan	nan
5.000000000000000	nan	nan	nan
5.000000000000000	nan	nan	nan
5.000000000000000	nan	nan	nan
5.000000000000000	nan	nan	nan
5.000000000000000	nan	nan	nan
5.000000000000000	nan	nan	nan
5.000000000000000	nan	nan	nan
5.000000000000000	nan	nan	nan
5.000000000000000	nan	nan	nan
5.000000000000000	nan	nan	nan
5.000000000000000	nan	nan	nan
5.000000000000000	nan	nan	nan
5.000000000000000	nan	nan	nan
5.000000000000000	nan	nan	nan
5.000000000000000	nan	nan	nan
5.000000000000000	nan	nan	nan
5.000000000000000	nan	nan	nan
5.000000000000000	nan	nan	nan
5.000000000000000	nan	nan	nan
5.000000000000000	nan	nan	nan
5.000000000000000	nan	nan	nan
5.000000000000000	nan	nan	nan
5.000000000000000	nan	nan	nan
5.000000000000000	nan	nan	nan
5.000000000000000	nan	nan	nan
5.000000000000000	nan	nan	nan
5.000000000000000	nan	nan	nan
5.000000000000000	nan	nan	nan
5.000000000000000	nan	nan	nan
5.000000000000000	nan	nan	nan
5.000000000000000	nan	nan	nan
5.000000000000000	nan	nan	nan
5.000000000000000	nan	nan	nan
5.000000000000000	nan	nan	nan
5.000000000000000	nan	nan	nan
5.000000000000000	nan	nan	nan
5.000000000000000	nan	nan	nan
5.000000000000000	nan	nan	nan
5.000000000000000	nan	nan	nan
5.000000000000000	nan	nan	nan
5.000000000000000	nan	nan	nan
5.000000000000000	nan	nan	nan
5.000000000000000	nan	nan	nan
5.000000000000000	nan	nan	nan
5.000000000000000	nan	nan	nan
5.000000000000000	nan	nan	nan
5.000000000000000	nan	nan	nan
5.000000000000000	nan	nan	nan
5.000000000000000	nan	nan	nan
5.000000000000000	nan	nan	nan
5.000000000000000	nan	nan	nan
5.000000000000000	nan	nan	nan
5.000000000000000	nan	nan	nan
5.000000000000000	nan	nan	nan
5.000000000000000	nan	nan	nan
5.000000000000000	nan	nan	nan
5.000000000000000	nan	nan	nan
5.000000000000000	nan	nan	nan
5.000000000000000	nan	nan	nan
5.000000000000000	nan	nan	nan
5.000000000000000	nan	nan	nan


6.000000000000000	nan	nan	nan
6.000000000000000	nan	nan	nan
6.000000000000000	nan	nan	nan
6.000000000000000	nan	nan	nan
6.000000000000000	nan	nan	nan
6.000000000000000	nan	nan	nan
6.000000000000000	nan	nan	nan
6.000000000000000	nan	nan	nan
6.000000000000000	nan	nan	nan
6.000000000000000	nan	nan	nan
6.000000000000000	nan	nan	nan
6.000000000000000	nan	nan	nan
6.000000000000000	nan	nan	nan
6.000000000000000	nan	nan	nan
6.000000000000000	nan	nan	nan
6.000000000000000	nan	nan	nan
6.000000000000000	nan	nan	nan
6.000000000000000	nan	nan	nan
6.000000000000000	nan	nan	nan
6.000000000000000	nan	nan	nan
6.000000000000000	nan	nan	nan
6.000000000000000	nan	nan	nan
6.000000000000000	nan	nan	nan
6.000000000000000	nan	nan	nan
6.000000000000000	nan	nan	nan
6.000000000000000	nan	nan	nan
6.000000000000000	nan	nan	nan
6.000000000000000	nan	nan	nan
6.000000000000000	nan	nan	nan
6.000000000000000	nan	nan	nan
6.000000000000000	nan	nan	nan
6.000000000000000	nan	nan	nan
6.000000000000000	nan	nan	nan
6.000000000000000	nan	nan	nan
6.000000000000000	nan	nan	nan
6.000000000000000	nan	nan	nan
6.000000000000000	nan	nan	nan
6.000000000000000	nan	nan	nan
6.000000000000000	nan	nan	nan
6.000000000000000	nan	nan	nan
6.000000000000000	nan	nan	nan
6.000000000000000	nan	nan	nan
6.000000000000000	nan	nan	nan
6.000000000000000	nan	nan	nan
6.000000000000000	nan	nan	nan
6.000000000000000	nan	nan	nan
6.000000000000000	nan	nan	nan
6.000000000000000	nan	nan	nan
6.000000000000000	nan	nan	nan
6.000000000000000	nan	nan	nan
6.000000000000000	nan	nan	nan
6.000000000000000	nan	nan	nan
6.000000000000000	nan	nan	nan
6.000000000000000	nan	nan	nan
6.000000000000000	nan	nan	nan
6.000000000000000	nan	nan	nan
6.000000000000000	nan	nan	nan
6.000000000000000	nan	nan	nan
6.000000000000000	nan	nan	nan
6.000000000000000	nan	nan	nan
6.000000000000000	nan	nan	nan
6.000000000000000	nan	nan	nan
6.000000000000000	nan	nan	nan
6.000000000000000	nan	nan	nan
6.000000000000000	nan	nan	nan
6.000000000000000	nan	nan	nan
6.000000000000000	nan	nan	nan
6.000000000000000	nan	nan	nan
6.000000000000000	nan	nan	nan
6.000000000000000	nan	nan	nan
6.000000000000000	nan	nan	nan
6.000000000000000	nan	nan	nan
6.000000000000000	nan	nan	nan
6.000000000000000	nan	nan	nan
6.000000000000000	nan	nan	nan
6.000000000000000	nan	nan	nan
6.000000000000000	nan	nan	nan
6.000000000000000	nan	nan	nan
6.000000000000000	nan	nan	nan
6.000000000000000	nan	nan	nan
6.000000000000000	nan	nan	nan
6.000000000000000	nan	nan	nan
6.000000000000000	nan	nan	nan
6.000000000000000	nan	nan	nan
6.000000000000000	nan	nan	nan
6.000000000000000	nan	nan	nan
6.000000000000000	nan	nan	nan
6.000000000000000	nan	nan	nan
6.000000000000000	nan	nan	nan
6.000000000000000	nan	nan	nan
6.000000000000000	nan	nan	nan
6.000000000000000	nan	nan	nan
6.000000000000000	nan	nan	nan
6.000000000000000	nan	nan	nan
6.000000000000000	nan	nan	nan
6.000000000000000	nan	nan	nan
6.000000000000000	nan	nan	nan
6.000000000000000	nan	nan	nan
6.000000000000000	nan	nan	nan
6.000000000000000	nan	nan	nan


7.000000000000000	nan	nan	nan
7.000000000000000	nan	nan	nan
7.000000000000000	nan	nan	nan
7.000000000000000	nan	nan	nan
7.000000000000000	nan	nan	nan
7.000000000000000	nan	nan	nan
7.000000000000000	nan	nan	nan
7.000000000000000	nan	nan	nan
7.000000000000000	nan	nan	nan
7.000000000000000	nan	nan	nan
7.000000000000000	nan	nan	nan
7.000000000000000	nan	nan	nan
7.000000000000000	nan	nan	nan
7.000000000000000	nan	nan	nan
7.000000000000000	nan	nan	nan
7.000000000000000	nan	nan	nan
7.000000000000000	nan	nan	nan
7.000000000000000	nan	nan	nan
7.000000000000000	nan	nan	nan
7.000000000000000	nan	nan	nan
7.000000000000000	nan	nan	nan
7.000000000000000	nan	nan	nan
7.000000000000000	nan	nan	nan
7.000000000000000	nan	nan	nan
7.000000000000000	nan	nan	nan
7.000000000000000	nan	nan	nan
7.000000000000000	nan	nan	nan
7.000000000000000	nan	nan	nan
7.000000000000000	nan	nan	nan
7.000000000000000	nan	nan	nan
7.000000000000000	nan	nan	nan
7.000000000000000	nan	nan	nan
7.000000000000000	nan	nan	nan
7.000000000000000	nan	nan	nan
7.000000000000000	nan	nan	nan
7.000000000000000	nan	nan	nan
7.000000000000000	nan	nan	nan
7.000000000000000	nan	nan	nan
7.000000000000000	nan	nan	nan
7.000000000000000	nan	nan	nan
7.000000000000000	nan	nan	nan
7.000000000000000	nan	nan	nan
7.000000000000000	nan	nan	nan
7.000000000000000	nan	nan	nan
7.000000000000000	nan	nan	nan
7.000000000000000	nan	nan	nan
7.000000000000000	nan	nan	nan
7.000000000000000	nan	nan	nan
7.000000000000000	nan	nan	nan
7.000000000000000	nan	nan	nan
7.000000000000000	nan	nan	nan
7.000000000000000	nan	nan	nan
7.000000000000000	nan	nan	nan
7.000000000000000	nan	nan	nan
7.000000000000000	nan	nan	nan
7.000000000000000	nan	nan	nan
7.000000000000000	nan	nan	nan
7.000000000000000	nan	nan	nan
7.000000000000000	nan	nan	nan
7.000000000000000	nan	nan	nan
7.000000000000000	nan	nan	nan
7.000000000000000	nan	nan	nan
7.000000000000000	nan	nan	nan
7.000000000000000	nan	nan	nan
7.000000000000000	nan	nan	nan
7.000000000000000	nan	nan	nan
7.000000000000000	nan	nan	nan
7.000000000000000	nan	nan	nan
7.000000000000000	nan	nan	nan
7.000000000000000	nan	nan	nan
7.000000000000000	nan	nan	nan
7.000000000000000	nan	nan	nan
7.000000000000000	nan	nan	nan
7.000000000000000	nan	nan	nan
7.000000000000000	nan	nan	nan
7.000000000000000	nan	nan	nan
7.000000000000000	nan	nan	nan
7.000000000000000	nan	nan	nan
7.000000000000000	nan	nan	nan
7.000000000000000	nan	nan	nan
7.000000000000000	nan	nan	nan
7.000000000000000	nan	nan	nan
7.000000000000000	nan	nan	nan
7.000000000000000	nan	nan	nan
7.000000000000000	nan	nan	nan
7.000000000000000	nan	nan	nan
7.000000000000000	nan	nan	nan
7.000000000000000	nan	nan	nan
7.000000000000000	nan	nan	nan
7.000000000000000	nan	nan	nan
7.000000000000000	nan	nan	nan
7.000000000000000	nan	nan	nan
7.000000000000000	nan	nan	nan
7.000000000000000	nan	nan	nan
7.000000000000000	nan	nan	nan
7.000000000000000	nan	nan	nan
7.000000000000000	nan	nan	nan
7.000000000000000	nan	nan	nan
7.000000000000000	nan	nan	nan
7.000000000000000	nan	nan	nan


8.000000000000000	nan	nan	nan
8.000000000000000	nan	nan	nan
8.000000000000000	nan	nan	nan
8.000000000000000	nan	nan	nan
8.000000000000000	nan	nan	nan
8.000000000000000	nan	nan	nan
8.000000000000000	nan	nan	nan
8.000000000000000	nan	nan	nan
8.000000000000000	nan	nan	nan
8.000000000000000	nan	nan	nan
8.000000000000000	nan	nan	nan
8.000000000000000	nan	nan	nan
8.000000000000000	nan	nan	nan
8.000000000000000	nan	nan	nan
8.000000000000000	nan	nan	nan
8.000000000000000	nan	nan	nan
8.000000000000000	nan	nan	nan
8.000000000000000	nan	nan	nan
8.000000000000000	nan	nan	nan
8.000000000000000	nan	nan	nan
8.000000000000000	nan	nan	nan
8.000000000000000	nan	nan	nan
8.000000000000000	nan	nan	nan
8.000000000000000	nan	nan	nan
8.000000000000000	nan	nan	nan
8.000000000000000	nan	nan	nan
8.000000000000000	nan	nan	nan
8.000000000000000	nan	nan	nan
8.000000000000000	nan	nan	nan
8.000000000000000	nan	nan	nan
8.000000000000000	nan	nan	nan
8.000000000000000	nan	nan	nan
8.000000000000000	nan	nan	nan
8.000000000000000	nan	nan	nan
8.000000000000000	nan	nan	nan
8.000000000000000	nan	nan	nan
8.000000000000000	nan	nan	nan
8.000000000000000	nan	nan	nan
8.000000000000000	nan	nan	nan
8.000000000000000	nan	nan	nan
8.000000000000000	nan	nan	nan
8.000000000000000	nan	nan	nan
8.000000000000000	nan	nan	nan
8.000000000000000	nan	nan	nan
8.000000000000000	nan	nan	nan
8.000000000000000	nan	nan	nan
8.000000000000000	nan	nan	nan
8.000000000000000	nan	nan	nan
8.000000000000000	nan	nan	nan
8.000000000000000	nan	nan	nan
8.000000000000000	nan	nan	nan
8.000000000000000	nan	nan	nan
8.000000000000000	nan	nan	nan
8.000000000000000	nan	nan	nan
8.000000000000000	nan	nan	nan
8.000000000000000	nan	nan	nan
8.000000000000000	nan	nan	nan
8.000000000000000	nan	nan	nan
8.000000000000000	nan	nan	nan
8.000000000000000	nan	nan	nan
8.000000000000000	nan	nan	nan
8.000000000000000	nan	nan	nan
8.000000000000000	nan	nan	nan
8.000000000000000	nan	nan	nan
8.000000000000000	nan	nan	nan
8.000000000000000	nan	nan	nan
8.000000000000000	nan	nan	nan
8.000000000000000	nan	nan	nan
8.000000000000000	nan	nan	nan
8.000000000000000	nan	nan	nan
8.000000000000000	nan	nan	nan
8.000000000000000	nan	nan	nan
8.000000000000000	nan	nan	nan
8.000000000000000	nan	nan	nan
8.000000000000000	nan	nan	nan
8.000000000000000	nan	nan	nan
8.000000000000000	nan	nan	nan
8.000000000000000	nan	nan	nan
8.000000000000000	nan	nan	nan
8.000000000000000	nan	nan	nan
8.000000000000000	nan	nan	nan
8.000000000000000	nan	nan	nan
8.000000000000000	nan	nan	nan
8.000000000000000	nan	nan	nan
8.000000000000000	nan	nan	nan
8.000000000000000	nan	nan	nan
8.000000000000000	nan	nan	nan
8.000000000000000	nan	nan	nan
8.000000000000000	nan	nan	nan
8.000000000000000	nan	nan	nan
8.000000000000000	nan	nan	nan
8.000000000000000	nan	nan	nan
8.000000000000000	nan	nan	nan
8.000000000000000	nan	nan	nan
8.000000000000000	nan	nan	nan
8.000000000000000	nan	nan	nan
8.000000000000000	nan	nan	nan
8.000000000000000	nan	nan	nan
8.000000000000000	nan	nan	nan
8.000000000000000	nan	nan	nan


9.000000000000000	nan	nan	nan
9.000000000000000	nan	nan	nan
9.000000000000000	nan	nan	nan
9.000000000000000	nan	nan	nan
9.000000000000000	nan	nan	nan
9.000000000000000	nan	nan	nan
9.000000000000000	nan	nan	nan
9.000000000000000	nan	nan	nan
9.000000000000000	nan	nan	nan
9.000000000000000	nan	nan	nan
9.000000000000000	nan	nan	nan
9.000000000000000	nan	nan	nan
9.000000000000000	nan	nan	nan
9.000000000000000	nan	nan	nan
9.000000000000000	nan	nan	nan
9.000000000000000	nan	nan	nan
9.000000000000000	nan	nan	nan
9.000000000000000	nan	nan	nan
9.000000000000000	nan	nan	nan
9.000000000000000	nan	nan	nan
9.000000000000000	nan	nan	nan
9.000000000000000	nan	nan	nan
9.000000000000000	nan	nan	nan
9.000000000000000	nan	nan	nan
9.000000000000000	nan	nan	nan
9.000000000000000	nan	nan	nan
9.000000000000000	nan	nan	nan
9.000000000000000	nan	nan	nan
9.000000000000000	nan	nan	nan
9.000000000000000	nan	nan	nan
9.000000000000000	nan	nan	nan
9.000000000000000	nan	nan	nan
9.000000000000000	nan	nan	nan
9.000000000000000	nan	nan	nan
9.000000000000000	nan	nan	nan
9.000000000000000	nan	nan	nan
9.000000000000000	nan	nan	nan
9.000000000000000	nan	nan	nan
9.000000000000000	nan	nan	nan
9.000000000000000	nan	nan	nan
9.000000000000000	nan	nan	nan
9.000000000000000	nan	nan	nan
9.000000000000000	nan	nan	nan
9.000000000000000	nan	nan	nan
9.000000000000000	nan	nan	nan
9.000000000000000	nan	nan	nan
9.000000000000000	nan	nan	nan
9.000000000000000	nan	nan	nan
9.000000000000000	nan	nan	nan
9.000000000000000	nan	nan	nan
9.000000000000000	nan	nan	nan
9.000000000000000	nan	nan	nan
9.000000000000000	nan	nan	nan
9.000000000000000	nan	nan	nan
9.000000000000000	nan	nan	nan
9.000000000000000	nan	nan	nan
9.000000000000000	nan	nan	nan
9.000000000000000	nan	nan	nan
9.000000000000000	nan	nan	nan
9.000000000000000	nan	nan	nan
9.000000000000000	nan	nan	nan
9.000000000000000	nan	nan	nan
9.000000000000000	nan	nan	nan
9.000000000000000	nan	nan	nan
9.000000000000000	nan	nan	nan
9.000000000000000	nan	nan	nan
9.000000000000000	nan	nan	nan
9.000000000000000	nan	nan	nan
9.000000000000000	nan	nan	nan
9.000000000000000	nan	nan	nan
9.000000000000000	nan	nan	nan
9.000000000000000	nan	nan	nan
9.000000000000000	nan	nan	nan
9.000000000000000	nan	nan	nan
9.000000000000000	nan	nan	nan
9.000000000000000	nan	nan	nan
9.000000000000000	nan	nan	nan
9.000000000000000	nan	nan	nan
9.000000000000000	nan	nan	nan
9.000000000000000	nan	nan	nan
9.000000000000000	nan	nan	nan
9.000000000000000	nan	nan	nan
9.000000000000000	nan	nan	nan
9.000000000000000	nan	nan	nan
9.000000000000000	nan	nan	nan
9.000000000000000	nan	nan	nan
9.000000000000000	nan	nan	nan
9.000000000000000	nan	nan	nan
9.000000000000000	nan	nan	nan
9.000000000000000	nan	nan	nan
9.000000000000000	nan	nan	nan
9.000000000000000	nan	nan	nan
9.000000000000000	nan	nan	nan
9.000000000000000	nan	nan	nan
9.000000000000000	nan	nan	nan
9.000000000000000	nan	nan	nan
9.000000000000000	nan	nan	nan
9.000000000000000	nan	nan	nan
9.000000000000000	nan	nan	nan
9.000000000000000	nan	nan	nan


10.000000000000000	-0.719709395534328	-0.799570008517775	-0.189873374142892
10.000000000000000	-0.656771675343412	-0.854280460100022	-0.182492580603740
10.000000000000000	-0.590524920712411	-0.904812850537749	-0.174201659852941
10.000000000000000	-0.521235883940845	-0.950963703729757	-0.165033996502131
10.000000000000000	-0.449183567524658	-0.992547186478898	-0.155026505495953
10.000000000000000	-0.374658100711644	-1.029395856776770	-0.144219483468609
10.000000000000000	-0.297959571253357	-1.061361338033595	-0.132656446483531
10.000000000000000	-0.219396817057660	-1.088314916538368	-0.120383954809555
10.000000000000000	-0.139286182607464	-1.110148059743547	-0.107451425439154
10.000000000000000	-0.057950245153150	-1.126772853287318	-0.093910933103647
10.000000000000000	0.024283484192165	-1.138122354993697	-0.079817000586637
10.000000000000000	0.107083879224291	-1.144150864425048	-0.065226379180002
10.000000000000000	0.190117531976316	-1.144834106901615	-0.050197820166481
10.000000000000000	0.273050095234818	-1.140169331247094	-0.034791838248982
10.000000000000000	0.355547628838087	-1.130175320866639	-0.019070467879244
10.000000000000000	0.437277944335292	-1.114892318112730	-0.003097013466984
10.000000000000000	0.517911942592133	-1.094381862243416	0.013064205524609
10.000000000000000	0.597124938956896	-1.068726541625445	0.029348113570658
10.000000000000000	0.674597970650953	-1.038029661180061	0.045689141120766
10.000000000000000	0.750019081119296	-1.002414826410543	0.062021488624453
10.000000000000000	0.823084576169481	-0.962025445686476	0.078279391482721
10.000000000000000	0.893500246840952	-0.917024152788855	0.094397384858885
10.000000000000000	0.960982554080686	-0.867592152041251	0.110310567282365
10.000000000000000	1.025259770454889	-0.813928488663960	0.125954861984000
10.000000000000000	1.086073074299466	-0.756249247289146	0.141267274910584
10.000000000000000	1.143177591903510	-0.694786681864296	0.156186148379681
10.000000000000000	1.196343383529314	-0.629788280447548	0.170651409353355
10.000000000000000	1.245356369298535	-0.561515768660625	0.184604811331088
10.000000000000000	1.290019191216310	-0.490244055812136	0.197990168887883
10.000000000000000	1.330152007862239	-0.416260127934815	0.210753583913136
10.000000000000000	1.365593218548317	-0.339861892194057	0.222843662639310
10.000000000000000	1.396200114027866	-0.261356977320909	0.234211722586491
10.000000000000000	1.421849451135302	-0.181061494899745	0.244811988589558
10.000000000000000	1.442437949042869	-0.099298766498485	0.254601777118615
10.000000000000000	1.457882705136073	-0.016398021766754	0.263541668150501
10.000000000000000	1.468121528833258	0.067306927255713	0.271595663899307
10.000000000000000	1.473113192005125	0.151479030282343	0.278731333766762
10.000000000000000	1.472837594985856	0.235779355962268	0.284919944928800
10.000000000000000	1.467295847507379	0.319868456637248	0.290136578032503
10.000000000000000	1.456510264230864	0.403407735177590	0.294360227537540
10.000000000000000	1.440524274893460	0.486060808393280	0.297573886298065
10.000000000000000	1.419402249432074	0.567494861530366	0.299764614044491
10.000000000000000	1.393229238788353	0.647381988398505	0.300923589489387
10.000000000000000	1.362110632438557	0.725400511733464	0.301046145847688
10.000000000000000	1.326171734027338	0.801236278477924	0.300131789628196
10.000000000000000	1.285557256814189	0.874583924764967	0.298184202620690
10.000000000000000	1.240430740964221	0.945148105510589	0.295211227070661
10.000000000000000	1.190973895029637	1.012644683664116	0.291224834101355
10.000000000000000	1.137385864273531	1.076801874327821	0.286241075510288
10.000000000000000	1.079882428782198	1.137361339138780	0.280280019134318
10.000000000000000	1.018695134594880	1.194079226506286	0.273365668043555
10.000000000000000	0.954070361349596	1.246727153516136	0.265525863889464
10.000000000000000	0.886268330199294	1.295093125548018	0.256792174796363
10.000000000000000	0.815562055993112	1.338982389903027	0.247199768247728
10.000000000000000	0.742236247941939	1.378218220004050	0.236787269479152
10.000000000000000	0.666586163194910	1.412642627011311	0.225596605948149
10.000000000000000	0.588916417943075	1.442116995987672	0.213672838507083
10.000000000000000	0.509539760837512	1.466522644052059	0.201063979959019
10.000000000000000	0.428775813660886	1.485761298273540	0.187820801727114
10.000000000000000	0.346949784323348	1.499755491381726	0.173996629416009
10.000000000000000	0.264391157365051	1.508448873700135	0.159647128088445
10.000000000000000	0.181432367238205	1.511806440046445	0.144830078121703
10.000000000000000	0.098407459710862	1.509814670686012	0.129605142546412
10.000000000000000	0.015650746782510	1.502481585771069	0.114033626804588
10.000000000000000	-0.066504539472354	1.489836713046401	0.098178231894254
10.000000000000000	-0.147727588712178	1.471930968951540	0.082102801894651
10.000000000000000	-0.227691344384842	1.448836453598236	0.065872066888664
10.000000000000000	-0.306073820668962	1.420646160448752	0.049551382317626
10.000000000000000	-0.382559398997148	1.387473601864012	0.033206465818021
10.000000000000000	-0.456840098940581	1.349452352029390	0.016903132599756
10.000000000000000	-0.528616818337500	1.306735509098606	0.000707030431540
10.000000000000000	-0.597600537672037	1.259495078721498	-0.015316624699507
10.000000000000000	-0.663513483853807	1.207921281437981	-0.031103311189622
10.000000000000000	-0.726090248712101	1.152221786727063	-0.046589461624123
10.000000000000000	-0.785078857700912	1.092620876795157	-0.061712718740950
10.000000000000000	-0.840241784511505	1.029358543470789	-0.076412186521352
10.000000000000000	-0.891356907507024	0.962689521842209	-0.090628675396664
10.000000000000000	-0.938218404127931	0.892882264529100	-0.104304940583806
10.000000000000000	-0.980637579666807	0.820217860718624	-0.117385912589823
10.000000000000000	-1.018443627075340	0.744988904318480	-0.129818918957292
10.000000000000000	-1.051484314744025	0.667498315784498	-0.141553896357724
10.000000000000000	-1.079626599485125	0.588058122366884	-0.152543592178916
10.000000000000000	-1.102757162250632	0.506988201686612	-0.162743754794540
10.000000000000000	-1.120782864428077	0.424614993701135	-0.172113311749827
10.000000000000000	-1.133631122876851	0.341270186245901	-0.180614535145843
10.000000000000000	-1.141250202194892	0.257289379444501	-0.188213193556429
10.000000000000000	-1.143609423038895	0.173010734365424	-0.194878689866062
10.000000000000000	-1.140699285659192	0.088773611366780	-0.200584184473650
10.000000000000000	-1.132531508151898	0.004917203611916	-0.205306703366127
10.000000000000000	-1.119138979274266	-0.078220828741737	-0.209027230626696
10.000000000000000	-1.100575626013279	-0.160305718180938	-0.211730785005216
10.000000000000000	-1.076916196440698	-0.241006937827267	-0.213406480242407
10.000000000000000	-1.048255958728963	-0.319999532352202	-0.214047568904976
10.000000000000000	-1.014710317539888	-0.396965426457534	-0.213651469555146
10.000000000000000	-0.976414349330816	-0.471594705652333	-0.212219777145198
10.000000000000000	-0.933522258449402	-0.543586864169222	-0.209758256595161
10.000000000000000	-0.886206756207128	-0.612652014995037	-0.206276819579511
10.000000000000000	-0.834658365431813	-0.678512057143516	-0.201789484616358
10.000000000000000	-0.779084653299426	-0.740901795469819	-0.196314320619822
10.000000000000000	-0.719709395534328	-0.799570008517775	-0.189873374142892


11.000000000000000	nan	nan	nan
11.000000000000000	nan	nan	nan
11.000000000000000	nan	nan	nan
11.000000000000000	nan	nan	nan
11.000000000000000	nan	nan	nan
11.000000000000000	nan	nan	nan
11.000000000000000	nan	nan	nan
11.000000000000000	nan	nan	nan
11.000000000000000	nan	nan	nan
11.000000000000000	nan	nan	nan
11.000000000000000	nan	nan	nan
11.000000000000000	nan	nan	nan
11.000000000000000	nan	nan	nan
11.000000000000000	nan	nan	nan
11.000000000000000	nan	nan	nan
11.000000000000000	nan	nan	nan
11.000000000000000	nan	nan	nan
11.000000000000000	nan	nan	nan
11.000000000000000	nan	nan	nan
11.000000000000000	nan	nan	nan
11.000000000000000	nan	nan	nan
11.000000000000000	nan	nan	nan
11.000000000000000	nan	nan	nan
11.000000000000000	nan	nan	nan
11.000000000000000	nan	nan	nan
11.000000000000000	nan	nan	nan
11.000000000000000	nan	nan	nan
11.000000000000000	nan	nan	nan
11.000000000000000	nan	nan	nan
11.000000000000000	nan	nan	nan
11.000000000000000	nan	nan	nan
11.000000000000000	nan	nan	nan
11.000000000000000	nan	nan	nan
11.000000000000000	nan	nan	nan
11.000000000000000	nan	nan	nan
11.000000000000000	nan	nan	nan
11.000000000000000	nan	nan	nan
11.000000000000000	nan	nan	nan
11.000000000000000	nan	nan	nan
11.000000000000000	nan	nan	nan
11.000000000000000	nan	nan	nan
11.000000000000000	nan	nan	nan
11.000000000000000	nan	nan	nan
11.000000000000000	nan	nan	nan
11.000000000000000	nan	nan	nan
11.000000000000000	nan	nan	nan
11.000000000000000	nan	nan	nan
11.000000000000000	nan	nan	nan
11.000000000000000	nan	nan	nan
11.000000000000000	nan	nan	nan
11.000000000000000	nan	nan	nan
11.000000000000000	nan	nan	nan
11.000000000000000	nan	nan	nan
11.000000000000000	nan	nan	nan
11.000000000000000	nan	nan	nan
11.000000000000000	nan	nan	nan
11.000000000000000	nan	nan	nan
11.000000000000000	nan	nan	nan
11.000000000000000	nan	nan	nan
11.000000000000000	nan	nan	nan
11.000000000000000	nan	nan	nan
11.000000000000000	nan	nan	nan
11.000000000000000	nan	nan	nan
11.000000000000000	nan	nan	nan
11.000000000000000	nan	nan	nan
11.000000000000000	nan	nan	nan
11.000000000000000	nan	nan	nan
11.000000000000000	nan	nan	nan
11.000000000000000	nan	nan	nan
11.000000000000000	nan	nan	nan
11.000000000000000	nan	nan	nan
11.000000000000000	nan	nan	nan
11.000000000000000	nan	nan	nan
11.000000000000000	nan	nan	nan
11.000000000000000	nan	nan	nan
11.000000000000000	nan	nan	nan
11.000000000000000	nan	nan	nan
11.000000000000000	nan	nan	nan
11.000000000000000	nan	nan	nan
11.000000000000000	nan	nan	nan
11.000000000000000	nan	nan	nan
11.000000000000000	nan	nan	nan
11.000000000000000	nan	nan	nan
11.000000000000000	nan	nan	nan
11.000000000000000	nan	nan	nan
11.000000000000000	nan	nan	nan
11.000000000000000	nan	nan	nan
11.000000000000000	nan	nan	nan
11.000000000000000	nan	nan	nan
11.000000000000000	nan	nan	nan
11.000000000000000	nan	nan	nan
11.000000000000000	nan	nan	nan
11.000000000000000	nan	nan	nan
11.000000000000000	nan	nan	nan
11.000000000000000	nan	nan	nan
11.000000000000000	nan	nan	nan
11.000000000000000	nan	nan	nan
11.000000000000000	nan	nan	nan
11.000000000000000	nan	nan	nan
11.000000000000000	nan	nan	nan


12.000000000000000	nan	nan	nan
12.000000000000000	nan	nan	nan
12.000000000000000	nan	nan	nan
12.000000000000000	nan	nan	nan
12.000000000000000	nan	nan	nan
12.000000000000000	nan	nan	nan
12.000000000000000	nan	nan	nan
12.000000000000000	nan	nan	nan
12.000000000000000	nan	nan	nan
12.000000000000000	nan	nan	nan
12.000000000000000	nan	nan	nan
12.000000000000000	nan	nan	nan
12.000000000000000	nan	nan	nan
12.000000000000000	nan	nan	nan
12.000000000000000	nan	nan	nan
12.000000000000000	nan	nan	nan
12.000000000000000	nan	nan	nan
12.000000000000000	nan	nan	nan
12.000000000000000	nan	nan	nan
12.000000000000000	nan	nan	nan
12.000000000000000	nan	nan	nan
12.000000000000000	nan	nan	nan
12.000000000000000	nan	nan	nan
12.000000000000000	nan	nan	nan
12.000000000000000	nan	nan	nan
12.000000000000000	nan	nan	nan
12.000000000000000	nan	nan	nan
12.000000000000000	nan	nan	nan
12.000000000000000	nan	nan	nan
12.000000000000000	nan	nan	nan
12.000000000000000	nan	nan	nan
12.000000000000000	nan	nan	nan
12.000000000000000	nan	nan	nan
12.000000000000000	nan	nan	nan
12.000000000000000	nan	nan	nan
12.000000000000000	nan	nan	nan
12.000000000000000	nan	nan	nan
12.000000000000000	nan	nan	nan
12.000000000000000	nan	nan	nan
12.000000000000000	nan	nan	nan
12.000000000000000	nan	nan	nan
12.000000000000000	nan	nan	nan
12.000000000000000	nan	nan	nan
12.000000000000000	nan	nan	nan
12.000000000000000	nan	nan	nan
12.000000000000000	nan	nan	nan
12.000000000000000	nan	nan	nan
12.000000000000000	nan	nan	nan
12.000000000000000	nan	nan	nan
12.000000000000000	nan	nan	nan
12.000000000000000	nan	nan	nan
12.000000000000000	nan	nan	nan
12.000000000000000	nan	nan	nan
12.000000000000000	nan	nan	nan
12.000000000000000	nan	nan	nan
12.000000000000000	nan	nan	nan
12.000000000000000	nan	nan	nan
12.000000000000000	nan	nan	nan
12.000000000000000	nan	nan	nan
12.000000000000000	nan	nan	nan
12.000000000000000	nan	nan	nan
12.000000000000000	nan	nan	nan
12.000000000000000	nan	nan	nan
12.000000000000000	nan	nan	nan
12.000000000000000	nan	nan	nan
12.000000000000000	nan	nan	nan
12.000000000000000	nan	nan	nan
12.000000000000000	nan	nan	nan
12.000000000000000	nan	nan	nan
12.000000000000000	nan	nan	nan
12.000000000000000	nan	nan	nan
12.000000000000000	nan	nan	nan
12.000000000000000	nan	nan	nan
12.000000000000000	nan	nan	nan
12.000000000000000	nan	nan	nan
12.000000000000000	nan	nan	nan
12.000000000000000	nan	nan	nan
12.000000000000000	nan	nan	nan
12.000000000000000	nan	nan	nan
12.000000000000000	nan	nan	nan
12.000000000000000	nan	nan	nan
12.000000000000000	nan	nan	nan
12.000000000000000	nan	nan	nan
12.000000000000000	nan	nan	nan
12.000000000000000	nan	nan	nan
12.000000000000000	nan	nan	nan
12.000000000000000	nan	nan	nan
12.000000000000000	nan	nan	nan
12.000000000000000	nan	nan	nan
12.000000000000000	nan	nan	nan
12.000000000000000	nan	nan	nan
12.000000000000000	nan	nan	nan
12.000000000000000	nan	nan	nan
12.000000000000000	nan	nan	nan
12.000000000000000	nan	nan	nan
12.000000000000000	nan	nan	nan
12.000000000000000	nan	nan	nan
12.000000000000000	nan	nan	nan
12.000000000000000	nan	nan	nan
12.000000000000000	nan	nan	nan


13.000000000000000	0.042623049690484	-0.496247627007539	0.034084618687319
13.000000000000000	0.079249453545567	-0.491841714619727	0.035080021415766
13.000000000000000	0.115526114292118	-0.485098672066236	0.035909672388794
13.000000000000000	0.151306958620931	-0.476045651199513	0.036570230894754
13.000000000000000	0.186447909700520	-0.464719105339382	0.037059037097682
13.000000000000000	0.220807467323668	-0.451164642488387	0.037374122747521
13.000000000000000	0.254247277678818	-0.435436841684467	0.037514219105566
13.000000000000000	0.286632690452042	-0.417599033230430	0.037478762053229
13.000000000000000	0.317833301016332	-0.397723043685176	0.037267894363546
13.000000000000000	0.347723475525007	-0.375888906643497	0.036882465126279
13.000000000000000	0.376182856794871	-0.352184540469039	0.036324026328931
13.000000000000000	0.403096848942112	-0.326705394278076	0.035594826607442
13.000000000000000	0.428357078819479	-0.299554063599615	0.034697802191723
13.000000000000000	0.451861832396697	-0.270839877259404	0.033636565082498
13.000000000000000	0.473516464326965	-0.240678457151342	0.032415388507049
13.000000000000000	0.493233779050369	-0.209191252668920	0.031039189712438
13.000000000000000	0.510934381899620	-0.176505051671374	0.029513510165490
13.000000000000000	0.526546998794363	-0.142751469953732	0.027844493239261
13.000000000000000	0.540008763236737	-0.108066421276454	0.026038859475846
13.000000000000000	0.551265469452579	-0.072589570088692	0.024103879525120
13.000000000000000	0.560271790658943	-0.036463769148845	0.022047344868408
13.000000000000000	0.566991461579056	0.000165515693079	0.019877536444930
13.000000000000000	0.571397424469787	0.037150791235098	0.017603191307388
13.000000000000000	0.573471938073634	0.074343130826329	0.015233467440934
13.000000000000000	0.573206649056499	0.111592774042040	0.012777906887200
13.000000000000000	0.570602625643624	0.148749729716033	0.010246397321860
13.000000000000000	0.565670353318218	0.185664379902123	0.007649132240454
13.000000000000000	0.558429692600120	0.222188082332808	0.004996569912776
13.000000000000000	0.548909799074496	0.258173768949212	0.002299391271113
13.000000000000000	0.537149005992587	0.293476538092254	-0.000431543098095
13.000000000000000	0.523194669917235	0.327954237970489	-0.003185236686012
13.000000000000000	0.507102980034719	0.361468039055195	-0.005950601340457
13.000000000000000	0.488938731900735	0.393882993097892	-0.008716501913984
13.000000000000000	0.468775066531560	0.425068576519307	-0.011471801101193
13.000000000000000	0.446693175890996	0.454899215981757	-0.014205404284721
13.000000000000000	0.422781975958987	0.483254794028667	-0.016906304209357
13.000000000000000	0.397137748698349	0.510021132755165	-0.019563625304370
13.000000000000000	0.369863754361291	0.535090453562214	-0.022166667475595
13.000000000000000	0.341069815696822	0.558361811142983	-0.024704949190937
13.000000000000000	0.310871875733302	0.579741499953975	-0.027168249685798
13.000000000000000	0.279391530916791	0.599143431534177	-0.029546650118492
13.000000000000000	0.246755541485072	0.616489481152905	-0.031830573509918
13.000000000000000	0.213095321048918	0.631709802390526	-0.034010823306676
13.000000000000000	0.178546407435861	0.644743108385333	-0.036078620412339
13.000000000000000	0.143247916927195	0.655536918614109	-0.038025638537780
13.000000000000000	0.107341984085818	0.664047770212670	-0.039844037728194
13.000000000000000	0.070973189430507	0.670241392985482	-0.041526495931835
13.000000000000000	0.034287977261198	0.674092847399638	-0.043066238483330
13.000000000000000	-0.002565934020519	0.675586625007561	-0.044457065382867
13.000000000000000	-0.039440146721271	0.674716710894042	-0.045693376261404
13.000000000000000	-0.076186181401036	0.671486607896185	-0.046770192931383
13.000000000000000	-0.112656074747443	0.665909322498719	-0.047683179432128
13.000000000000000	-0.148702975371807	0.658007312461471	-0.048428659489235
13.000000000000000	-0.184181735127842	0.647812396389895	-0.049003631317625
13.000000000000000	-0.218949493572019	0.635365625612780	-0.049405779708680
13.000000000000000	-0.252866253212146	0.620717118883034	-0.049633485352762
13.000000000000000	-0.285795443227862	0.603925860567160	-0.049685831359612
13.000000000000000	-0.317604469393125	0.585059463136026	-0.049562606950335
13.000000000000000	-0.348165247986367	0.564193894913309	-0.049264308306135
13.000000000000000	-0.377354721538427	0.541413174177870	-0.048792136570371
13.000000000000000	-0.405055354341555	0.516809030851796	-0.048147993011972
13.000000000000000	-0.431155605724219	0.490480537136384	-0.047334471369701
13.000000000000000	-0.455550379186020	0.462533708583347	-0.046354847408084
13.000000000000000	-0.478141445584213	0.433081077207609	-0.045213065727063
13.000000000000000	-0.498837838667788	0.402241238360598	-0.043913723878482
13.000000000000000	-0.517556221366460	0.370138373188622	-0.042462053853371
13.000000000000000	-0.534221221359637	0.336901748599222	-0.040863901014563
13.000000000000000	-0.548765734574156	0.302665196748959	-0.039125700559482
13.000000000000000	-0.561131195388697	0.267566576148558	-0.037254451607874
13.000000000000000	-0.571267812456872	0.231747216555337	-0.035257689018821
13.000000000000000	-0.579134769199404	0.195351349888157	-0.033143453050524
13.000000000000000	-0.584700388158083	0.158525529456393	-0.030920256985021
13.000000000000000	-0.587942258549713	0.121418039841481	-0.028597052848205
13.000000000000000	-0.588847326506426	0.084178299807242	-0.026183195363175
13.000000000000000	-0.587411947638997	0.046956260643259	-0.023688404282065
13.000000000000000	-0.583641901711518	0.009901802363960	-0.021122725248040
13.000000000000000	-0.577552369368325	-0.026835869805305	-0.018496489345029
13.000000000000000	-0.569167871006901	-0.063108826225043	-0.015820271498099
13.000000000000000	-0.558522168042891	-0.098771008502066	-0.013104847891966
13.000000000000000	-0.545658126964797	-0.133678817615089	-0.010361152579100
13.000000000000000	-0.530627546725756	-0.167691692137307	-0.007600233452156
13.000000000000000	-0.513490950167443	-0.200672674227653	-0.004833207758008
13.000000000000000	-0.494317340315942	-0.232488961111679	-0.002071217332523
13.000000000000000	-0.473183922530919	-0.263012439831464	0.000674616263684
13.000000000000000	-0.450175793626887	-0.292120203111276	0.003393236527846
13.000000000000000	-0.425385599218366	-0.319695044261790	0.006073696535677
13.000000000000000	-0.398913160668694	-0.345625929130061	0.008705203020780
13.000000000000000	-0.370865073144630	-0.369808443194869	0.011277159835312
13.000000000000000	-0.341354276395234	-0.392145212007144	0.013779210616937
13.000000000000000	-0.310499599983364	-0.412546293282500	0.016201280490240
13.000000000000000	-0.278425284800967	-0.430929539067077	0.018533616634698
13.000000000000000	-0.245260482794850	-0.447220926518353	0.020766827555838
13.000000000000000	-0.211138736917384	-0.461354855969004	0.022891920901480
13.000000000000000	-0.176197443396157	-0.473274415073615	0.024900339670759
13.000000000000000	-0.140577298487870	-0.482931607974607	0.026783996670150
13.000000000000000	-0.104421731944159	-0.490287548564612	0.028535307077742
13.000000000000000	-0.067876329470614	-0.495312617067109	0.030147218984637
13.000000000000000	-0.031088246504524	-0.497986579304805	0.031613241790501
13.000000000000000	0.005794384328131	-0.498298668175525	0.032927472338918
13.000000000000000	0.042623049690484	-0.496247627007539	0.034084618687319


14.000000000000000	-1.256757266021109	-0.753799841529012	0.248721272174155
14.000000000000000	-1.174892346242148	-0.879574456598138	0.249614022890603
14.000000000000000	-1.084423144638744	-0.999484077201389	0.248735091416698
14.000000000000000	-0.985713948755211	-1.113045869617950	0.246088016899273
14.000000000000000	-0.879162225684578	-1.219802560590685	0.241683458173141
14.000000000000000	-0.765197021608883	-1.319324278604157	0.235539150841731
14.000000000000000	-0.644277234181631	-1.411210284825495	0.227679835862071
14.000000000000000	-0.516889764708906	-1.495090586738240	0.218137159921688
14.000000000000000	-0.383547557569660	-1.570627427971619	0.206949548008566
14.000000000000000	-0.244787534769742	-1.637516648326242	0.194162048687282
14.000000000000000	-0.101168433946483	-1.695488908519875	0.179826152704333
14.000000000000000	0.046731441470570	-1.744310774721666	0.163999585653078
14.000000000000000	0.198316550883451	-1.783785658507794	0.146746075533145
14.000000000000000	0.352976514557575	-1.813754608453666	0.128135096140266
14.000000000000000	0.510088571405496	-1.834096950175205	0.108241587319829
14.000000000000000	0.669020086626008	-1.844730772242000	0.087145653210563
14.000000000000000	0.829131099101208	-1.845613256005731	0.064932239693448
14.000000000000000	0.989776898294042	-1.836740848015747	0.041690792344631
14.000000000000000	1.150310620270093	-1.818149274327562	0.017514896269661
14.000000000000000	1.310085852390342	-1.789913396646641	-0.007498100730698
14.000000000000000	1.468459236186711	-1.752146910886726	-0.033247480145709
14.000000000000000	1.624793057939554	-1.705001889356526	-0.059629558312549
14.000000000000000	1.778457816525718	-1.648668168418202	-0.086538103913832
14.000000000000000	1.928834758197397	-1.583372584083338	-0.113864765733623
14.000000000000000	2.075318368085083	-1.509378058624379	-0.141499508949551
14.000000000000000	2.217318808392236	-1.426982541879443	-0.169331058204195
14.000000000000000	2.354264293463910	-1.336517811513477	-0.197247345671678
14.000000000000000	2.485603392165776	-1.238348137066702	-0.225135962315248
14.000000000000000	2.610807248302677	-1.132868813169740	-0.252884610518795
14.000000000000000	2.729371710135874	-1.020504567831654	-0.280381556269717
14.000000000000000	2.840819360424151	-0.901707852210161	-0.307516079072349
14.000000000000000	2.944701438814550	-0.776957018750508	-0.334178917780326
14.000000000000000	3.040599648841925	-0.646754395029007	-0.360262710552655
14.000000000000000	3.128127842261174	-0.511624261057180	-0.385662427161952
14.000000000000000	3.206933573929925	-0.372110738191193	-0.410275791914105
14.000000000000000	3.276699520980741	-0.228775598147198	-0.434003695476389
14.000000000000000	3.337144760568306	-0.082196000944910	-0.456750593955775
14.000000000000000	3.388025901046570	0.067037829112096	-0.478424893620464
14.000000000000000	3.429138062021009	0.218324980061328	-0.498939319715513
14.000000000000000	3.460315699329660	0.371056271941774	-0.518211267887478
14.000000000000000	3.481433271631033	0.524616709746585	-0.536163136802983
14.000000000000000	3.492405745914787	0.678387959790924	-0.552722640621907
14.000000000000000	3.493188939899648	0.831750839523466	-0.567823100066944
14.000000000000000	3.483779699939861	0.984087810756001	-0.581403710917522
14.000000000000000	3.464215913723813	1.134785466271758	-0.593409788846938
14.000000000000000	3.434576357713678	1.283236999799778	-0.603792989616840
14.000000000000000	3.394980379940414	1.428844649409583	-0.612511503742414
14.000000000000000	3.345587419431359	1.571022104487511	-0.619530224844421
14.000000000000000	3.286596364205546	1.709196866602607	-0.624820891010199
14.000000000000000	3.218244750421844	1.842812554755755	-0.628362198594404
14.000000000000000	3.140807805904683	1.971331145729588	-0.630139888001277
14.000000000000000	3.054597341898747	2.094235140518090	-0.630146801103002
14.000000000000000	2.959960497515142	2.211029648112447	-0.628382910062958
14.000000000000000	2.857278341924717	2.321244378252468	-0.624855317447809
14.000000000000000	2.746964339927005	2.424435535119485	-0.619578227627973
14.000000000000000	2.629462687073416	2.520187604345467	-0.612572889581640
14.000000000000000	2.505246521048509	2.608115026142740	-0.603867511332632
14.000000000000000	2.374816016511550	2.687863747817159	-0.593497146366649
14.000000000000000	2.238696371069672	2.759112649413359	-0.581503552483252
14.000000000000000	2.097435690492491	2.821574836751465	-0.567935023651946
14.000000000000000	1.951602781683612	2.874998796648708	-0.552846195549407
14.000000000000000	1.801784862295994	2.919169409674234	-0.536297825560896
14.000000000000000	1.648585196213709	2.953908816359133	-0.518356548131713
14.000000000000000	1.492620664421203	2.979077133373742	-0.499094606453803
14.000000000000000	1.334519281041295	2.994573016788444	-0.478589561567921
14.000000000000000	1.174917664543957	3.000334070149902	-0.456923980052694
14.000000000000000	1.014458474308427	2.996337095729560	-0.434185101558151
14.000000000000000	0.853787822860715	2.982598187932699	-0.410464487522446
14.000000000000000	0.693552674206495	2.959172668491956	-0.385857652486257
14.000000000000000	0.534398238735398	2.926154863706227	-0.360463679489446
14.000000000000000	0.376965375186500	2.883677724621957	-0.334384821098625
14.000000000000000	0.221888010136367	2.831912291686196	-0.307726087672166
14.000000000000000	0.069790585400465	2.771067006027090	-0.280594824520541
14.000000000000000	-0.078714456373634	2.701386870135023	-0.253100279664653
14.000000000000000	-0.223029137796636	2.623152461324062	-0.225353163932607
14.000000000000000	-0.362572354581413	2.536678801946143	-0.197465205166286
14.000000000000000	-0.496782215444886	2.442314090907242	-0.169548698332759
14.000000000000000	-0.625118304645890	2.340438301593275	-0.141716053352089
14.000000000000000	-0.747063858048638	2.231461651851383	-0.114079342462253
14.000000000000000	-0.862127843949497	2.115822952187449	-0.086749848943801
14.000000000000000	-0.969846940288362	1.993987838831062	-0.059837619021356
14.000000000000000	-1.069787400283063	1.866446898782760	-0.033451018746312
14.000000000000000	-1.161546798974560	1.733713694393343	-0.007696297644992
14.000000000000000	-1.244755653650233	1.596322695429526	0.017322839110699
14.000000000000000	-1.319078911620348	1.454827126952841	0.041505648287393
14.000000000000000	-1.384217299356992	1.309796741677561	0.064754754247708
14.000000000000000	-1.439908527562936	1.161815525777624	0.086976541047569
14.000000000000000	-1.485928347318067	1.011479347380409	0.108081529394574
14.000000000000000	-1.522091453050641	0.859393557216103	0.127984736949524
14.000000000000000	-1.548252228697415	0.706170551083965	0.146606020520308
14.000000000000000	-1.564305334048140	0.552427303950587	0.163870398770252
14.000000000000000	-1.570186128913416	0.398782885609452	0.179708354141498
14.000000000000000	-1.565870933407908	0.245855967905380	0.194056112777675
14.000000000000000	-1.551377123300895	0.094262333561361	0.206855901318707
14.000000000000000	-1.526763060050179	-0.055387603361127	0.218056179533744
14.000000000000000	-1.492127855801091	-0.202491255384111	0.227611847855482
14.000000000000000	-1.447610974296861	-0.346456288020215	0.235484428980204
14.000000000000000	-1.393391669307352	-0.486703004894569	0.241642222802299
14.000000000000000	-1.329688262837390	-0.622666681977528	0.246060434059400
14.000000000000000	-1.256757266021109	-0.753799841529012	0.248721272174155


15.000000000000000	nan	nan	nan
15.000000000000000	nan	nan	nan
15.000000000000000	nan	nan	nan
15.000000000000000	nan	nan	nan
15.000000000000000	nan	nan	nan
15.000000000000000	nan	nan	nan
15.000000000000000	nan	nan	nan
15.000000000000000	nan	nan	nan
15.000000000000000	nan	nan	nan
15.000000000000000	nan	nan	nan
15.000000000000000	nan	nan	nan
15.000000000000000	nan	nan	nan
15.000000000000000	nan	nan	nan
15.000000000000000	nan	nan	nan
15.000000000000000	nan	nan	nan
15.000000000000000	nan	nan	nan
15.000000000000000	nan	nan	nan
15.000000000000000	nan	nan	nan
15.000000000000000	nan	nan	nan
15.000000000000000	nan	nan	nan
15.000000000000000	nan	nan	nan
15.000000000000000	nan	nan	nan
15.000000000000000	nan	nan	nan
15.000000000000000	nan	nan	nan
15.000000000000000	nan	nan	nan
15.000000000000000	nan	nan	nan
15.000000000000000	nan	nan	nan
15.000000000000000	nan	nan	nan
15.000000000000000	nan	nan	nan
15.000000000000000	nan	nan	nan
15.000000000000000	nan	nan	nan
15.000000000000000	nan	nan	nan
15.000000000000000	nan	nan	nan
15.000000000000000	nan	nan	nan
15.000000000000000	nan	nan	nan
15.000000000000000	nan	nan	nan
15.000000000000000	nan	nan	nan
15.000000000000000	nan	nan	nan
15.000000000000000	nan	nan	nan
15.000000000000000	nan	nan	nan
15.000000000000000	nan	nan	nan
15.000000000000000	nan	nan	nan
15.000000000000000	nan	nan	nan
15.000000000000000	nan	nan	nan
15.000000000000000	nan	nan	nan
15.000000000000000	nan	nan	nan
15.000000000000000	nan	nan	nan
15.000000000000000	nan	nan	nan
15.000000000000000	nan	nan	nan
15.000000000000000	nan	nan	nan
15.000000000000000	nan	nan	nan
15.000000000000000	nan	nan	nan
15.000000000000000	nan	nan	nan
15.000000000000000	nan	nan	nan
15.000000000000000	nan	nan	nan
15.000000000000000	nan	nan	nan
15.000000000000000	nan	nan	nan
15.000000000000000	nan	nan	nan
15.000000000000000	nan	nan	nan
15.000000000000000	nan	nan	nan
15.000000000000000	nan	nan	nan
15.000000000000000	nan	nan	nan
15.000000000000000	nan	nan	nan
15.000000000000000	nan	nan	nan
15.000000000000000	nan	nan	nan
15.000000000000000	nan	nan	nan
15.000000000000000	nan	nan	nan
15.000000000000000	nan	nan	nan
15.000000000000000	nan	nan	nan
15.000000000000000	nan	nan	nan
15.000000000000000	nan	nan	nan
15.000000000000000	nan	nan	nan
15.000000000000000	nan	nan	nan
15.000000000000000	nan	nan	nan
15.000000000000000	nan	nan	nan
15.000000000000000	nan	nan	nan
15.000000000000000	nan	nan	nan
15.000000000000000	nan	nan	nan
15.000000000000000	nan	nan	nan
15.000000000000000	nan	nan	nan
15.000000000000000	nan	nan	nan
15.000000000000000	nan	nan	nan
15.000000000000000	nan	nan	nan
15.000000000000000	nan	nan	nan
15.000000000000000	nan	nan	nan
15.000000000000000	nan	nan	nan
15.000000000000000	nan	nan	nan
15.000000000000000	nan	nan	nan
15.000000000000000	nan	nan	nan
15.000000000000000	nan	nan	nan
15.000000000000000	nan	nan	nan
15.000000000000000	nan	nan	nan
15.000000000000000	nan	nan	nan
15.000000000000000	nan	nan	nan
15.000000000000000	nan	nan	nan
15.000000000000000	nan	nan	nan
15.000000000000000	nan	nan	nan
15.000000000000000	nan	nan	nan
15.000000000000000	nan	nan	nan
15.000000000000000	nan	nan	nan


16.000000000000000	0.762214200225951	-0.342519613188015	-0.008629115057320
16.000000000000000	0.783930196780002	-0.289882150087998	-0.003699724561951
16.000000000000000	0.802241556524137	-0.235965977060347	0.001247371356134
16.000000000000000	0.817074546075548	-0.180988195504469	0.006192252487722
16.000000000000000	0.828369438220521	-0.125170181542623	0.011115007541759
16.000000000000000	0.836080752414852	-0.068736694616413	0.015995814321099
16.000000000000000	0.840177437917939	-0.011914972459844	0.020815019539492
16.000000000000000	0.840642998823162	0.045066183906833	0.025553217958432
16.000000000000000	0.837475560481071	0.101977331478073	0.030191330525203
16.000000000000000	0.830687877047944	0.158589309149042	0.034710681197491
16.000000000000000	0.820307280129293	0.214674160466503	0.039093072145217
16.000000000000000	0.806375568725145	0.270006051529000	0.043320857026772
16.000000000000000	0.788948840920212	0.324362180340271	0.047377012044607
16.000000000000000	0.768097267996710	0.377523673954249	0.051245204494060
16.000000000000000	0.743904811879370	0.429276469799168	0.054909858529392
16.000000000000000	0.716468887050399	0.479412177631989	0.058356217882220
16.000000000000000	0.685899968295744	0.527728918652353	0.061570405279800
16.000000000000000	0.652321145862122	0.574032138397265	0.064539478323910
16.000000000000000	0.615867629816036	0.618135390143245	0.067251481605318
16.000000000000000	0.576686205600563	0.659861085661479	0.069695494843993
16.000000000000000	0.534934642982179	0.699041210302940	0.071861676861222
16.000000000000000	0.490781060767594	0.735517999534078	0.073741305206564
16.000000000000000	0.444403249848655	0.769144574198914	0.075326811280074
16.000000000000000	0.395987957301172	0.799785531949562	0.076611810808388
16.000000000000000	0.345730134420359	0.827317492463698	0.077591129551939
16.000000000000000	0.293832151720772	0.851629594253562	0.078260824139791
16.000000000000000	0.240502984061671	0.872623941066054	0.078618197948204
16.000000000000000	0.185957369179024	0.890215996076382	0.078661811958982
16.000000000000000	0.130414943012426	0.904334922288026	0.078391490553899
16.000000000000000	0.074099355308699	0.914923867768319	0.077808322221845
16.000000000000000	0.017237369063288	0.921940194571115	0.076914655175866
16.000000000000000	-0.039942052574278	0.925355650424747	0.075714087897744
16.000000000000000	-0.097208668254188	0.925156482493956	0.074211454648174
16.000000000000000	-0.154331885526992	0.921343492757705	0.072412806000906
16.000000000000000	-0.211081689358016	0.913932034779890	0.070325384479223
16.000000000000000	-0.267229568316723	0.902951951885961	0.067957595392849
16.000000000000000	-0.322549434711590	0.888447456994379	0.065318972992739
16.000000000000000	-0.376818534965448	0.870476954586802	0.062420142080012
16.000000000000000	-0.429818346565513	0.849112805533848	0.059272775223630
16.000000000000000	-0.481335457976427	0.824441035723410	0.055889545759080
16.000000000000000	-0.531162427973181	0.796560989664767	0.052284076757326
16.000000000000000	-0.579098620933717	0.765584930463310	0.048470886169510
16.000000000000000	-0.624951014727763	0.731637587776634	0.044465328368288
16.000000000000000	-0.668534977948827	0.694855655572237	0.040283532321188
16.000000000000000	-0.709675013359706	0.655387241709151	0.035942336644953
16.000000000000000	-0.748205464557921	0.613391271559873	0.031459221802374
16.000000000000000	-0.783971183015577	0.569036848073977	0.026852239714633
16.000000000000000	-0.816828152807734	0.522502570860225	0.022139941072594
16.000000000000000	-0.846644070513702	0.473975817028972	0.017341300639710
16.000000000000000	-0.873298877956220	0.423651986690682	0.012475640847355
16.000000000000000	-0.896685245633367	0.371733716148644	0.007562553990208
16.000000000000000	-0.916709004896579	0.318430061954102	0.002621823335000
16.000000000000000	-0.933289527134563	0.263955659109304	-0.002326656539722
16.000000000000000	-0.946360048436260	0.208529856808106	-0.007262959852036
16.000000000000000	-0.955867938425548	0.152375835194181	-0.012167209850741
16.000000000000000	-0.961774912185188	0.095719706693359	-0.017019658852017
16.000000000000000	-0.964057184416682	0.038789605538683	-0.021800767756378
16.000000000000000	-0.962705565215266	-0.018185230845620	-0.026491284725728
16.000000000000000	-0.957725497074419	-0.074975384902344	-0.031072322703721
16.000000000000000	-0.949137032970860	-0.131352182724834	-0.035525435467268
16.000000000000000	-0.936974755618290	-0.187088614846099	-0.039832691902968
16.000000000000000	-0.921287638215006	-0.241960250325812	-0.043976748209375
16.000000000000000	-0.902138847246123	-0.295746140454499	-0.047940917734361
16.000000000000000	-0.879605488134425	-0.348229708436005	-0.051709238166377
16.000000000000000	-0.853778294764046	-0.399199621465818	-0.055266535809051
16.000000000000000	-0.824761264127141	-0.448450641693680	-0.058598486680300
16.000000000000000	-0.792671237564706	-0.495784452643975	-0.061691674189957
16.000000000000000	-0.757637430287733	-0.541010457766177	-0.064533643163642
16.000000000000000	-0.719800911073161	-0.583946547899898	-0.067112949995354
16.000000000000000	-0.679314034229705	-0.624419834564194	-0.069419208726831
16.000000000000000	-0.636339826120821	-0.662267346118464	-0.071443132868142
16.000000000000000	-0.591051328715086	-0.697336683991720	-0.073176572791100
16.000000000000000	-0.543630902807259	-0.729486636337851	-0.074612548544943
16.000000000000000	-0.494269493715728	-0.758587746645885	-0.075745277962128
16.000000000000000	-0.443165862413101	-0.784522835015668	-0.076570199941084
16.000000000000000	-0.390525785185927	-0.807187469999961	-0.077083992812150
16.000000000000000	-0.336561225046213	-0.826490389113024	-0.077284587712776
16.000000000000000	-0.281489478231185	-0.842353866312436	-0.077171176918096
16.000000000000000	-0.225532299228038	-0.854714024974428	-0.076744217093351
16.000000000000000	-0.168915007846880	-0.863521095102510	-0.076005427455064
16.000000000000000	-0.111865581937382	-0.868739613733677	-0.074957782848357
16.000000000000000	-0.054613739402443	-0.870348567735245	-0.073605501768300
16.000000000000000	0.002609986794730	-0.868341478417319	-0.071954029373525
16.000000000000000	0.059575176905498	-0.862726427620194	-0.070010015560489
16.000000000000000	0.116052452214795	-0.853526025171632	-0.067781288186688
16.000000000000000	0.171814398668254	-0.840777317845068	-0.065276821550642
16.000000000000000	0.226636482588335	-0.824531640185330	-0.062506700255558
16.000000000000000	0.280297954792207	-0.804854407802544	-0.059482078602194
16.000000000000000	0.332582739470786	-0.781824853966557	-0.056215135674427
16.000000000000000	0.383280304249763	-0.755535710562530	-0.052719026298381
16.000000000000000	0.432186507929159	-0.726092834692362	-0.049007828072582
16.000000000000000	0.479104422487900	-0.693614782425503	-0.045096484682441
16.000000000000000	0.523845126043441	-0.658232331415504	-0.041000745727306
16.000000000000000	0.566228463573519	-0.620087954304567	-0.036737103302385
16.000000000000000	0.606083772336833	-0.579335245036498	-0.032322725590895
16.000000000000000	0.643250569071677	-0.536138300388105	-0.027775387733855
16.000000000000000	0.677579196205390	-0.490671059209394	-0.023113400255860
16.000000000000000	0.708931424472577	-0.443116602033213	-0.018355535335064
16.000000000000000	0.737181009515582	-0.393666413874560	-0.013520951214245
16.000000000000000	0.762214200225951	-0.342519613188015	-0.008629115057320


17.000000000000000	0.803850134762083	-0.875339937415503	-0.036951363041072
17.000000000000000	0.860171690718596	-0.820019698246174	-0.041382303192568
17.000000000000000	0.912870617995787	-0.761224365898961	-0.045639301547190
17.000000000000000	0.961734716613268	-0.699190688425781	-0.049705216675044
17.000000000000000	1.006567228092187	-0.634168453551417	-0.053563676570949
17.000000000000000	1.047187627732173	-0.566419482866517	-0.057199144578725
17.000000000000000	1.083432351520593	-0.496216577564451	-0.060596981951819
17.000000000000000	1.115155454747100	-0.423842419967193	-0.063743506798377
17.000000000000000	1.142229199671473	-0.349588435263379	-0.066626049173386
17.000000000000000	1.164544569878411	-0.273753618041930	-0.069233002096078
17.000000000000000	1.182011709248161	-0.196643328346371	-0.071553868287142
17.000000000000000	1.194560283775400	-0.118568062097709	-0.073579302437561
17.000000000000000	1.202139764779447	-0.039842200836949	-0.075301148838876
17.000000000000000	1.204719632365430	0.039217254178413	-0.076712474223344
17.000000000000000	1.202289498317129	0.118291958426574	-0.077807595681759
17.000000000000000	1.194859147926654	0.197063505982450	-0.078582103546526
17.000000000000000	1.182458500592533	0.275214711625960	-0.079032879147830
17.000000000000000	1.165137489344848	0.352430888034959	-0.079158107371423
17.000000000000000	1.142965859782552	0.428401112920016	-0.078957283967449
17.000000000000000	1.116032889232554	0.502819480998737	-0.078431217580874
17.000000000000000	1.084447027261433	0.575386335768367	-0.077582026495366
17.000000000000000	1.048335458987314	0.645809476116770	-0.076413130103710
17.000000000000000	1.007843592950285	0.713805332913169	-0.074929235139119
17.000000000000000	0.963134475603525	0.779100110840961	-0.073136316722886
17.000000000000000	0.914388134782784	0.841430890874815	-0.071041594304673
17.000000000000000	0.861800854797831	0.900546688962795	-0.068653502592338
17.000000000000000	0.805584386064812	0.956209466650553	-0.065981657588345
17.000000000000000	0.745965092462062	1.008195089578172	-0.063036817869515
17.000000000000000	0.683183039842663	1.056294229990123	-0.059830841266031
17.000000000000000	0.617491029373977	1.100313209624259	-0.056376637114148
17.000000000000000	0.549153579596577	1.140074779585818	-0.052688114274844
17.000000000000000	0.478445861301439	1.175418834066164	-0.048780125127753
17.000000000000000	0.405652589514289	1.206203055032368	-0.044668405765868
17.000000000000000	0.331066877048681	1.232303485291698	-0.040369512631856
17.000000000000000	0.254989054244154	1.253615027623484	-0.035900755851099
17.000000000000000	0.177725459641946	1.270051867968531	-0.031280129529933
17.000000000000000	0.099587206467818	1.281547820972051	-0.026526239299733
17.000000000000000	0.020888929888890	1.288056596488724	-0.021658227398598
17.000000000000000	-0.058052479911118	1.289551985976775	-0.016695695592322
17.000000000000000	-0.136919153736823	1.286027968030525	-0.011658626244993
17.000000000000000	-0.215393523328227	1.277498732626464	-0.006567301857070
17.000000000000000	-0.293159600096028	1.263998623985221	-0.001442223394912
17.000000000000000	-0.369904247496133	1.245582002279517	0.003695972259377
17.000000000000000	-0.445318441920006	1.222323024744929	0.008826595405393
17.000000000000000	-0.519098517023673	1.194315347074878	0.013928986834547
17.000000000000000	-0.590947386484911	1.161671746302205	0.018982601017413
17.000000000000000	-0.660575740265007	1.124523666685866	0.023967088833316
17.000000000000000	-0.727703209558184	1.083020690431293	0.028862379509067
17.000000000000000	-0.792059495737820	1.037329935375647	0.033648761436876
17.000000000000000	-0.853385458753620	0.987635382063269	0.038306961546044
17.000000000000000	-0.911434160597136	0.934137132920965	0.042818222908814
17.000000000000000	-0.965971859633972	0.877050606516158	0.047164380267899
17.000000000000000	-1.016778951798847	0.816605670142346	0.051327933181564
17.000000000000000	-1.063650854863659	0.753045714224643	0.055292116491726
17.000000000000000	-1.106398832217914	0.686626672272438	0.059040967831328
17.000000000000000	-1.144850752844437	0.617615990325488	0.062559391899159
17.000000000000000	-1.178851784430233	0.546291550043100	0.065833221243304
17.000000000000000	-1.208265016821555	0.472940549772777	0.068849273308472
17.000000000000000	-1.232972013312783	0.397858348103828	0.071595403517494
17.000000000000000	-1.252873287549225	0.321347274562579	0.074060554173246
17.000000000000000	-1.267888704123564	0.243715412238074	0.076234798984098
17.000000000000000	-1.277957801252851	0.165275357240211	0.078109383033583
17.000000000000000	-1.283040034236772	0.086342959985539	0.079676758033356
17.000000000000000	-1.283114938716844	0.007236053379104	0.080930612717489
17.000000000000000	-1.278182213079162	-0.071726826986480	0.081865898255708
17.000000000000000	-1.268261719668894	-0.150227725461437	0.082478848583255
17.000000000000000	-1.253393404811627	-0.227950546634012	0.082766995565496
17.000000000000000	-1.233637137963612	-0.304582328135127	0.082729178936236
17.000000000000000	-1.209072470638596	-0.379814500827387	0.082365550969692
17.000000000000000	-1.179798316081949	-0.453344131304087	0.081677575867345
17.000000000000000	-1.145932550981940	-0.524875141695125	0.080668023862116
17.000000000000000	-1.107611540821917	-0.594119501868076	0.079340960063615
17.000000000000000	-1.064989590784633	-0.660798389223891	0.077701728089381
17.000000000000000	-1.018238324419735	-0.724643311417087	0.075756928548015
17.000000000000000	-0.967545992576307	-0.785397187479659	0.073514392460867
17.000000000000000	-0.913116715383141	-0.842815382995404	0.070983149729270
17.000000000000000	-0.855169660329018	-0.896666695156375	0.068173392774318
17.000000000000000	-0.793938159752589	-0.946734283734985	0.065096435495582
17.000000000000000	-0.729668771295399	-0.992816544223072	0.061764667714032
17.000000000000000	-0.662620285101286	-1.034727919622096	0.058191505282596
17.000000000000000	-0.593062681759807	-1.072299647615684	0.054391336065261
17.000000000000000	-0.521276045189696	-1.105380440115914	0.050379462002218
17.000000000000000	-0.447549434839775	-1.133837092447045	0.046172037494354
17.000000000000000	-0.372179721748575	-1.157555019713741	0.041786004355178
17.000000000000000	-0.295470393149444	-1.176438718193991	0.037239023592118
17.000000000000000	-0.217730330434569	-1.190412149898899	0.032549404291878
17.000000000000000	-0.139272565398636	-1.199419048750827	0.027736029896209
17.000000000000000	-0.060413019770263	-1.203423147147025	0.022818282164950
17.000000000000000	0.018530766893289	-1.202408321996474	0.017815963132529
17.000000000000000	0.097240915825845	-1.196378659641878	0.012749215372150
17.000000000000000	0.175400489037908	-1.185358439405409	0.007638440888769
17.000000000000000	0.252694765514089	-1.169392035824440	0.002504218967413
17.000000000000000	0.328812508483550	-1.148543739970949	-0.002632776692332
17.000000000000000	0.403447218660639	-1.122897500574062	-0.007751861222015
17.000000000000000	0.476298368409326	-1.092556585988151	-0.012832421874984
17.000000000000000	0.547072611861932	-1.057643168367615	-0.017854001026640
17.000000000000000	0.615484966119405	-1.018297831722738	-0.022796378550077
17.000000000000000	0.681259958776861	-0.974679005837501	-0.027639653235387
17.000000000000000	0.744132737153743	-0.926962328328748	-0.032364322924818
17.000000000000000	0.803850134762083	-0.875339937415504	-0.036951363041072


18.000000000000000	nan	nan	nan
18.000000000000000	nan	nan	nan
18.000000000000000	nan	nan	nan
18.000000000000000	nan	nan	nan
18.000000000000000	nan	nan	nan
18.000000000000000	nan	nan	nan
18.000000000000000	nan	nan	nan
18.000000000000000	nan	nan	nan
18.000000000000000	nan	nan	nan
18.000000000000000	nan	nan	nan
18.000000000000000	nan	nan	nan
18.000000000000000	nan	nan	nan
18.000000000000000	nan	nan	nan
18.000000000000000	nan	nan	nan
18.000000000000000	nan	nan	nan
18.000000000000000	nan	nan	nan
18.000000000000000	nan	nan	nan
18.000000000000000	nan	nan	nan
18.000000000000000	nan	nan	nan
18.000000000000000	nan	nan	nan
18.000000000000000	nan	nan	nan
18.000000000000000	nan	nan	nan
18.000000000000000	nan	nan	nan
18.000000000000000	nan	nan	nan
18.000000000000000	nan	nan	nan
18.000000000000000	nan	nan	nan
18.000000000000000	nan	nan	nan
18.000000000000000	nan	nan	nan
18.000000000000000	nan	nan	nan
18.000000000000000	nan	nan	nan
18.000000000000000	nan	nan	nan
18.000000000000000	nan	nan	nan
18.000000000000000	nan	nan	nan
18.000000000000000	nan	nan	nan
18.000000000000000	nan	nan	nan
18.000000000000000	nan	nan	nan
18.000000000000000	nan	nan	nan
18.000000000000000	nan	nan	nan
18.000000000000000	nan	nan	nan
18.000000000000000	nan	nan	nan
18.000000000000000	nan	nan	nan
18.000000000000000	nan	nan	nan
18.000000000000000	nan	nan	nan
18.000000000000000	nan	nan	nan
18.000000000000000	nan	nan	nan
18.000000000000000	nan	nan	nan
18.000000000000000	nan	nan	nan
18.000000000000000	nan	nan	nan
18.000000000000000	nan	nan	nan
18.000000000000000	nan	nan	nan
18.000000000000000	nan	nan	nan
18.000000000000000	nan	nan	nan
18.000000000000000	nan	nan	nan
18.000000000000000	nan	nan	nan
18.000000000000000	nan	nan	nan
18.000000000000000	nan	nan	nan
18.000000000000000	nan	nan	nan
18.000000000000000	nan	nan	nan
18.000000000000000	nan	nan	nan
18.000000000000000	nan	nan	nan
18.000000000000000	nan	nan	nan
18.000000000000000	nan	nan	nan
18.000000000000000	nan	nan	nan
18.000000000000000	nan	nan	nan
18.000000000000000	nan	nan	nan
18.000000000000000	nan	nan	nan
18.000000000000000	nan	nan	nan
18.000000000000000	nan	nan	nan
18.000000000000000	nan	nan	nan
18.000000000000000	nan	nan	nan
18.000000000000000	nan	nan	nan
18.000000000000000	nan	nan	nan
18.000000000000000	nan	nan	nan
18.000000000000000	nan	nan	nan
18.000000000000000	nan	nan	nan
18.000000000000000	nan	nan	nan
18.000000000000000	nan	nan	nan
18.000000000000000	nan	nan	nan
18.000000000000000	nan	nan	nan
18.000000000000000	nan	nan	nan
18.000000000000000	nan	nan	nan
18.000000000000000	nan	nan	nan
18.000000000000000	nan	nan	nan
18.000000000000000	nan	nan	nan
18.000000000000000	nan	nan	nan
18.000000000000000	nan	nan	nan
18.000000000000000	nan	nan	nan
18.000000000000000	nan	nan	nan
18.000000000000000	nan	nan	nan
18.000000000000000	nan	nan	nan
18.000000000000000	nan	nan	nan
18.000000000000000	nan	nan	nan
18.000000000000000	nan	nan	nan
18.000000000000000	nan	nan	nan
18.000000000000000	nan	nan	nan
18.000000000000000	nan	nan	nan
18.000000000000000	nan	nan	nan
18.000000000000000	nan	nan	nan
18.000000000000000	nan	nan	nan
18.000000000000000	nan	nan	nan


