# n	x	y	z
1.000000000000000	0.307207839545556	0.327698204022967	0.069671360433540
1.000000000000000	0.283159939262624	0.347677109726036	0.075137408887929
1.000000000000000	0.257841491961947	0.366116985568384	0.080271340874452
1.000000000000000	0.231354446094817	0.382943580678233	0.085052483860990
1.000000000000000	0.203805455646503	0.398089140295918	0.089461585872211
1.000000000000000	0.175305450678295	0.411492678598388	0.093480893010480
1.000000000000000	0.145969190651302	0.423100224267596	0.097094220944541
1.000000000000000	0.115914802330602	0.432865037813942	0.100287020078105
1.000000000000000	0.085263304130453	0.440747799779705	0.103046434135940
1.000000000000000	0.054138118815853	0.446716769064621	0.105361351931552
1.000000000000000	0.022664576522622	0.450747910736090	0.107222452108016
1.000000000000000	-0.009030589902815	0.452824992809367	0.108622240671783
1.000000000000000	-0.040819755211874	0.452939651608037	0.109555081168355
1.000000000000000	-0.072574915655643	0.451091425441585	0.110017217378291
1.000000000000000	-0.104168204410802	0.447287756464464	0.110006788442183
1.000000000000000	-0.135472406454188	0.441543960709163	0.109523836353675
1.000000000000000	-0.166361470812794	0.433883166413951	0.108570305790373
1.000000000000000	-0.196711018126553	0.424336220893627	0.107150036283312
1.000000000000000	-0.226398841480115	0.412941566328266	0.105268746756523
1.000000000000000	-0.255305398486967	0.399745084970129	0.102934012498940
1.000000000000000	-0.283314292644431	0.384799914392031	0.100155234661388
1.000000000000000	-0.310312742021302	0.368166233521084	0.096943602401468
1.000000000000000	-0.336192033390872	0.349911020319402	0.093312047828764
1.000000000000000	-0.360847959980730	0.330107782087484	0.089275193931805
1.000000000000000	-0.384181241076656	0.308836259476261	0.084849295696454
1.000000000000000	-0.406097921791011	0.286182105399636	0.080052174652809
1.000000000000000	-0.426509751385915	0.262236540140434	0.074903147114200
1.000000000000000	-0.445334538627818	0.237095984038515	0.069422946397208
1.000000000000000	-0.462496482742588	0.210861669240099	0.063633639335917
1.000000000000000	-0.477926478638475	0.183639232071642	0.057558537426563
1.000000000000000	-0.491562395167928	0.155538287679632	0.051222102960366
1.000000000000000	-0.503349325307795	0.126671988649081	0.044649850522516
1.000000000000000	-0.513239807250525	0.097156569378005	0.037868244253946
1.000000000000000	-0.521194015516120	0.067110878042526	0.030904591289571
1.000000000000000	-0.527179921315282	0.036655898037212	0.023786931802104
1.000000000000000	-0.531173421518047	0.005914260817650	0.016543926094164
1.000000000000000	-0.533158435708577	-0.024990247893148	0.009204739193366
1.000000000000000	-0.533126970935328	-0.055933186546156	0.001798923415038
1.000000000000000	-0.531079153895834	-0.086789958848536	-0.005643700634517
1.000000000000000	-0.527023230426551	-0.117436315468933	-0.013093164135079
1.000000000000000	-0.520975532299776	-0.147748854345675	-0.020519470726373
1.000000000000000	-0.512960411461367	-0.177605517583329	-0.027892717292826
1.000000000000000	-0.503010141974055	-0.206886082936759	-0.035183214372854
1.000000000000000	-0.491164790061179	-0.235472647903681	-0.042361605707853
1.000000000000000	-0.477472052774150	-0.263250104476422	-0.049398986449484
1.000000000000000	-0.461987065933255	-0.290106602641245	-0.056267019549301
1.000000000000000	-0.444772182115173	-0.315934000758872	-0.062938049862041
1.000000000000000	-0.425896719581155	-0.340628301012705	-0.069385215503132
1.000000000000000	-0.405436683156847	-0.364090068171320	-0.075582556012025
1.000000000000000	-0.383474458187687	-0.386224829979053	-0.081505116885804
1.000000000000000	-0.360098478802197	-0.406943457562431	-0.087129050062160
1.000000000000000	-0.335402871818955	-0.426162524320688	-0.092431709947124
1.000000000000000	-0.309487077731122	-0.443804641855236	-0.097391744600881
1.000000000000000	-0.282455450294672	-0.459798771585439	-0.101989181714493
1.000000000000000	-0.254416836332647	-0.474080510795904	-0.106205509031340
1.000000000000000	-0.225484137447418	-0.486592351963479	-0.110023748889445
1.000000000000000	-0.195773855405780	-0.497283914319760	-0.113428526584521
1.000000000000000	-0.165405623027455	-0.506112146716658	-0.116406132278487
1.000000000000000	-0.134501722465954	-0.513041500978180	-0.118944576204140
1.000000000000000	-0.103186592821497	-0.518044075040388	-0.121033636943720
1.000000000000000	-0.071586329068684	-0.521099725303160	-0.122664902586948
1.000000000000000	-0.039828174316530	-0.522196147741361	-0.123831804602825
1.000000000000000	-0.008040007445380	-0.521328927448808	-0.124529644288785
1.000000000000000	0.023650171816212	-0.518501556415540	-0.124755611690708
1.000000000000000	0.055114758301210	-0.513725419466802	-0.124508796917623
1.000000000000000	0.086227055225069	-0.507019748420382	-0.123790193805508
1.000000000000000	0.116861784348968	-0.498411544646858	-0.122602695915469
1.000000000000000	0.146895590431062	-0.487935470344613	-0.120951084882389
1.000000000000000	0.176207537934503	-0.475633708967398	-0.118842011160973
1.000000000000000	0.204679597992164	-0.461555795366450	-0.116283967246713
1.000000000000000	0.232197123667229	-0.445758416331126	-0.113287253479606
1.000000000000000	0.258649311595943	-0.428305182331216	-0.109863936568320
1.000000000000000	0.283929648153653	-0.409266371380028	-0.106027801001819
1.000000000000000	0.307936338347577	-0.388718646049631	-0.101794293544088
1.000000000000000	0.330572715709318	-0.366744744777741	-0.097180461035470
1.000000000000000	0.351747631536606	-0.343433148709226	-0.092204881751055
1.000000000000000	0.371375821916961	-0.318877725413774	-0.086887590592520
1.000000000000000	0.389378251055368	-0.293177350914310	-0.081249998414656
1.000000000000000	0.405682429523532	-0.266435511548157	-0.075314805811410
1.000000000000000	0.420222706149220	-0.238759887264077	-0.069105911708607
1.000000000000000	0.432940532370361	-0.210261918033124	-0.062648317131407
1.000000000000000	0.443784697989438	-0.181056355119208	-0.055968024534006
1.000000000000000	0.452711537378886	-0.151260799016263	-0.049091933096926
1.000000000000000	0.459685105307154	-0.120995225912561	-0.042047730413509
1.000000000000000	0.464677321677474	-0.090381504588943	-0.034863781001756
1.000000000000000	0.467668084596493	-0.059542905696258	-0.027569012090416
1.000000000000000	0.468645351317508	-0.028603605387956	-0.020192797139252
1.000000000000000	0.467605186732353	0.002311814693455	-0.012764837562485
1.000000000000000	0.464551779216694	0.033078869062712	-0.005315043131676
1.000000000000000	0.459497423764914	0.063573669650911	0.002126588460359
1.000000000000000	0.452462472482515	0.093673424659033	0.009530092389677
1.000000000000000	0.443475252635369	0.123256932997179	0.016865657358974
1.000000000000000	0.432571952585817	0.152205072318589	0.024103745637163
1.000000000000000	0.419796476074906	0.180401278683281	0.031215211997384
1.000000000000000	0.405200265437522	0.207732015919897	0.038171421074552
1.000000000000000	0.388842094462259	0.234087232795801	0.044944362669865
1.000000000000000	0.370787831730120	0.259360806154543	0.051506764537985
1.000000000000000	0.351110175384989	0.283450968236357	0.057832202202750
1.000000000000000	0.329888360403860	0.306260716461012	0.063895205359205
1.000000000000000	0.307207839545556	0.327698204022967	0.069671360433540


2.000000000000000	nan	nan	nan
2.000000000000000	nan	nan	nan
2.000000000000000	nan	nan	nan
2.000000000000000	nan	nan	nan
2.000000000000000	nan	nan	nan
2.000000000000000	nan	nan	nan
2.000000000000000	nan	nan	nan
2.000000000000000	nan	nan	nan
2.000000000000000	nan	nan	nan
2.000000000000000	nan	nan	nan
2.000000000000000	nan	nan	nan
2.000000000000000	nan	nan	nan
2.000000000000000	nan	nan	nan
2.000000000000000	nan	nan	nan
2.000000000000000	nan	nan	nan
2.000000000000000	nan	nan	nan
2.000000000000000	nan	nan	nan
2.000000000000000	nan	nan	nan
2.000000000000000	nan	nan	nan
2.000000000000000	nan	nan	nan
2.000000000000000	nan	nan	nan
2.000000000000000	nan	nan	nan
2.000000000000000	nan	nan	nan
2.000000000000000	nan	nan	nan
2.000000000000000	nan	nan	nan
2.000000000000000	nan	nan	nan
2.000000000000000	nan	nan	nan
2.000000000000000	nan	nan	nan
2.000000000000000	nan	nan	nan
2.000000000000000	nan	nan	nan
2.000000000000000	nan	nan	nan
2.000000000000000	nan	nan	nan
2.000000000000000	nan	nan	nan
2.000000000000000	nan	nan	nan
2.000000000000000	nan	nan	nan
2.000000000000000	nan	nan	nan
2.000000000000000	nan	nan	nan
2.000000000000000	nan	nan	nan
2.000000000000000	nan	nan	nan
2.000000000000000	nan	nan	nan
2.000000000000000	nan	nan	nan
2.000000000000000	nan	nan	nan
2.000000000000000	nan	nan	nan
2.000000000000000	nan	nan	nan
2.000000000000000	nan	nan	nan
2.000000000000000	nan	nan	nan
2.000000000000000	nan	nan	nan
2.000000000000000	nan	nan	nan
2.000000000000000	nan	nan	nan
2.000000000000000	nan	nan	nan
2.000000000000000	nan	nan	nan
2.000000000000000	nan	nan	nan
2.000000000000000	nan	nan	nan
2.000000000000000	nan	nan	nan
2.000000000000000	nan	nan	nan
2.000000000000000	nan	nan	nan
2.000000000000000	nan	nan	nan
2.000000000000000	nan	nan	nan
2.000000000000000	nan	nan	nan
2.000000000000000	nan	nan	nan
2.000000000000000	nan	nan	nan
2.000000000000000	nan	nan	nan
2.000000000000000	nan	nan	nan
2.000000000000000	nan	nan	nan
2.000000000000000	nan	nan	nan
2.000000000000000	nan	nan	nan
2.000000000000000	nan	nan	nan
2.000000000000000	nan	nan	nan
2.000000000000000	nan	nan	nan
2.000000000000000	nan	nan	nan
2.000000000000000	nan	nan	nan
2.000000000000000	nan	nan	nan
2.000000000000000	nan	nan	nan
2.000000000000000	nan	nan	nan
2.000000000000000	nan	nan	nan
2.000000000000000	nan	nan	nan
2.000000000000000	nan	nan	nan
2.000000000000000	nan	nan	nan
2.000000000000000	nan	nan	nan
2.000000000000000	nan	nan	nan
2.000000000000000	nan	nan	nan
2.000000000000000	nan	nan	nan
2.000000000000000	nan	nan	nan
2.000000000000000	nan	nan	nan
2.000000000000000	nan	nan	nan
2.000000000000000	nan	nan	nan
2.000000000000000	nan	nan	nan
2.000000000000000	nan	nan	nan
2.000000000000000	nan	nan	nan
2.000000000000000	nan	nan	nan
2.000000000000000	nan	nan	nan
2.000000000000000	nan	nan	nan
2.000000000000000	nan	nan	nan
2.000000000000000	nan	nan	nan
2.000000000000000	nan	nan	nan
2.000000000000000	nan	nan	nan
2.000000000000000	nan	nan	nan
2.000000000000000	nan	nan	nan
2.000000000000000	nan	nan	nan
2.000000000000000	nan	nan	nan


3.000000000000000	nan	nan	nan
3.000000000000000	nan	nan	nan
3.000000000000000	nan	nan	nan
3.000000000000000	nan	nan	nan
3.000000000000000	nan	nan	nan
3.000000000000000	nan	nan	nan
3.000000000000000	nan	nan	nan
3.000000000000000	nan	nan	nan
3.000000000000000	nan	nan	nan
3.000000000000000	nan	nan	nan
3.000000000000000	nan	nan	nan
3.000000000000000	nan	nan	nan
3.000000000000000	nan	nan	nan
3.000000000000000	nan	nan	nan
3.000000000000000	nan	nan	nan
3.000000000000000	nan	nan	nan
3.000000000000000	nan	nan	nan
3.000000000000000	nan	nan	nan
3.000000000000000	nan	nan	nan
3.000000000000000	nan	nan	nan
3.000000000000000	nan	nan	nan
3.000000000000000	nan	nan	nan
3.000000000000000	nan	nan	nan
3.000000000000000	nan	nan	nan
3.000000000000000	nan	nan	nan
3.000000000000000	nan	nan	nan
3.000000000000000	nan	nan	nan
3.000000000000000	nan	nan	nan
3.000000000000000	nan	nan	nan
3.000000000000000	nan	nan	nan
3.000000000000000	nan	nan	nan
3.000000000000000	nan	nan	nan
3.000000000000000	nan	nan	nan
3.000000000000000	nan	nan	nan
3.000000000000000	nan	nan	nan
3.000000000000000	nan	nan	nan
3.000000000000000	nan	nan	nan
3.000000000000000	nan	nan	nan
3.000000000000000	nan	nan	nan
3.000000000000000	nan	nan	nan
3.000000000000000	nan	nan	nan
3.000000000000000	nan	nan	nan
3.000000000000000	nan	nan	nan
3.000000000000000	nan	nan	nan
3.000000000000000	nan	nan	nan
3.000000000000000	nan	nan	nan
3.000000000000000	nan	nan	nan
3.000000000000000	nan	nan	nan
3.000000000000000	nan	nan	nan
3.000000000000000	nan	nan	nan
3.000000000000000	nan	nan	nan
3.000000000000000	nan	nan	nan
3.000000000000000	nan	nan	nan
3.000000000000000	nan	nan	nan
3.000000000000000	nan	nan	nan
3.000000000000000	nan	nan	nan
3.000000000000000	nan	nan	nan
3.000000000000000	nan	nan	nan
3.000000000000000	nan	nan	nan
3.000000000000000	nan	nan	nan
3.000000000000000	nan	nan	nan
3.000000000000000	nan	nan	nan
3.000000000000000	nan	nan	nan
3.000000000000000	nan	nan	nan
3.000000000000000	nan	nan	nan
3.000000000000000	nan	nan	nan
3.000000000000000	nan	nan	nan
3.000000000000000	nan	nan	nan
3.000000000000000	nan	nan	nan
3.000000000000000	nan	nan	nan
3.000000000000000	nan	nan	nan
3.000000000000000	nan	nan	nan
3.000000000000000	nan	nan	nan
3.000000000000000	nan	nan	nan
3.000000000000000	nan	nan	nan
3.000000000000000	nan	nan	nan
3.000000000000000	nan	nan	nan
3.000000000000000	nan	nan	nan
3.000000000000000	nan	nan	nan
3.000000000000000	nan	nan	nan
3.000000000000000	nan	nan	nan
3.000000000000000	nan	nan	nan
3.000000000000000	nan	nan	nan
3.000000000000000	nan	nan	nan
3.000000000000000	nan	nan	nan
3.000000000000000	nan	nan	nan
3.000000000000000	nan	nan	nan
3.000000000000000	nan	nan	nan
3.000000000000000	nan	nan	nan
3.000000000000000	nan	nan	nan
3.000000000000000	nan	nan	nan
3.000000000000000	nan	nan	nan
3.000000000000000	nan	nan	nan
3.000000000000000	nan	nan	nan
3.000000000000000	nan	nan	nan
3.000000000000000	nan	nan	nan
3.000000000000000	nan	nan	nan
3.000000000000000	nan	nan	nan
3.000000000000000	nan	nan	nan
3.000000000000000	nan	nan	nan


4.000000000000000	nan	nan	nan
4.000000000000000	nan	nan	nan
4.000000000000000	nan	nan	nan
4.000000000000000	nan	nan	nan
4.000000000000000	nan	nan	nan
4.000000000000000	nan	nan	nan
4.000000000000000	nan	nan	nan
4.000000000000000	nan	nan	nan
4.000000000000000	nan	nan	nan
4.000000000000000	nan	nan	nan
4.000000000000000	nan	nan	nan
4.000000000000000	nan	nan	nan
4.000000000000000	nan	nan	nan
4.000000000000000	nan	nan	nan
4.000000000000000	nan	nan	nan
4.000000000000000	nan	nan	nan
4.000000000000000	nan	nan	nan
4.000000000000000	nan	nan	nan
4.000000000000000	nan	nan	nan
4.000000000000000	nan	nan	nan
4.000000000000000	nan	nan	nan
4.000000000000000	nan	nan	nan
4.000000000000000	nan	nan	nan
4.000000000000000	nan	nan	nan
4.000000000000000	nan	nan	nan
4.000000000000000	nan	nan	nan
4.000000000000000	nan	nan	nan
4.000000000000000	nan	nan	nan
4.000000000000000	nan	nan	nan
4.000000000000000	nan	nan	nan
4.000000000000000	nan	nan	nan
4.000000000000000	nan	nan	nan
4.000000000000000	nan	nan	nan
4.000000000000000	nan	nan	nan
4.000000000000000	nan	nan	nan
4.000000000000000	nan	nan	nan
4.000000000000000	nan	nan	nan
4.000000000000000	nan	nan	nan
4.000000000000000	nan	nan	nan
4.000000000000000	nan	nan	nan
4.000000000000000	nan	nan	nan
4.000000000000000	nan	nan	nan
4.000000000000000	nan	nan	nan
4.000000000000000	nan	nan	nan
4.000000000000000	nan	nan	nan
4.000000000000000	nan	nan	nan
4.000000000000000	nan	nan	nan
4.000000000000000	nan	nan	nan
4.000000000000000	nan	nan	nan
4.000000000000000	nan	nan	nan
4.000000000000000	nan	nan	nan
4.000000000000000	nan	nan	nan
4.000000000000000	nan	nan	nan
4.000000000000000	nan	nan	nan
4.000000000000000	nan	nan	nan
4.000000000000000	nan	nan	nan
4.000000000000000	nan	nan	nan
4.000000000000000	nan	nan	nan
4.000000000000000	nan	nan	nan
4.000000000000000	nan	nan	nan
4.000000000000000	nan	nan	nan
4.000000000000000	nan	nan	nan
4.000000000000000	nan	nan	nan
4.000000000000000	nan	nan	nan
4.000000000000000	nan	nan	nan
4.000000000000000	nan	nan	nan
4.000000000000000	nan	nan	nan
4.000000000000000	nan	nan	nan
4.000000000000000	nan	nan	nan
4.000000000000000	nan	nan	nan
4.000000000000000	nan	nan	nan
4.000000000000000	nan	nan	nan
4.000000000000000	nan	nan	nan
4.000000000000000	nan	nan	nan
4.000000000000000	nan	nan	nan
4.000000000000000	nan	nan	nan
4.000000000000000	nan	nan	nan
4.000000000000000	nan	nan	nan
4.000000000000000	nan	nan	nan
4.000000000000000	nan	nan	nan
4.000000000000000	nan	nan	nan
4.000000000000000	nan	nan	nan
4.000000000000000	nan	nan	nan
4.000000000000000	nan	nan	nan
4.000000000000000	nan	nan	nan
4.000000000000000	nan	nan	nan
4.000000000000000	nan	nan	nan
4.000000000000000	nan	nan	nan
4.000000000000000	nan	nan	nan
4.000000000000000	nan	nan	nan
4.000000000000000	nan	nan	nan
4.000000000000000	nan	nan	nan
4.000000000000000	nan	nan	nan
4.000000000000000	nan	nan	nan
4.000000000000000	nan	nan	nan
4.000000000000000	nan	nan	nan
4.000000000000000	nan	nan	nan
4.000000000000000	nan	nan	nan
4.000000000000000	nan	nan	nan
4.000000000000000	nan	nan	nan


5.000000000000000	nan	nan	nan
5.000000000000000	nan	nan	nan
5.000000000000000	nan	nan	nan
5.000000000000000	nan	nan	nan
5.000000000000000	nan	nan	nan
5.000000000000000	nan	nan	nan
5.000000000000000	nan	nan	nan
5.000000000000000	nan	nan	nan
5.000000000000000	nan	nan	nan
5.000000000000000	nan	nan	nan
5.000000000000000	nan	nan	nan
5.000000000000000	nan	nan	nan
5.000000000000000	nan	nan	nan
5.000000000000000	nan	nan	nan
5.000000000000000	nan	nan	nan
5.000000000000000	nan	nan	nan
5.000000000000000	nan	nan	nan
5.000000000000000	nan	nan	nan
5.000000000000000	nan	nan	nan
5.000000000000000	nan	nan	nan
5.000000000000000	nan	nan	nan
5.000000000000000	nan	nan	nan
5.000000000000000	nan	nan	nan
5.000000000000000	nan	nan	nan
5.000000000000000	nan	nan	nan
5.000000000000000	nan	nan	nan
5.000000000000000	nan	nan	nan
5.000000000000000	nan	nan	nan
5.000000000000000	nan	nan	nan
5.000000000000000	nan	nan	nan
5.000000000000000	nan	nan	nan
5.000000000000000	nan	nan	nan
5.000000000000000	nan	nan	nan
5.000000000000000	nan	nan	nan
5.000000000000000	nan	nan	nan
5.000000000000000	nan	nan	nan
5.000000000000000	nan	nan	nan
5.000000000000000	nan	nan	nan
5.000000000000000	nan	nan	nan
5.000000000000000	nan	nan	nan
5.000000000000000	nan	nan	nan
5.000000000000000	nan	nan	nan
5.000000000000000	nan	nan	nan
5.000000000000000	nan	nan	nan
5.000000000000000	nan	nan	nan
5.000000000000000	nan	nan	nan
5.000000000000000	nan	nan	nan
5.000000000000000	nan	nan	nan
5.000000000000000	nan	nan	nan
5.000000000000000	nan	nan	nan
5.000000000000000	nan	nan	nan
5.000000000000000	nan	nan	nan
5.000000000000000	nan	nan	nan
5.000000000000000	nan	nan	nan
5.000000000000000	nan	nan	nan
5.000000000000000	nan	nan	nan
5.000000000000000	nan	nan	nan
5.000000000000000	nan	nan	nan
5.000000000000000	nan	nan	nan
5.000000000000000	nan	nan	nan
5.000000000000000	nan	nan	nan
5.000000000000000	nan	nan	nan
5.000000000000000	nan	nan	nan
5.000000000000000	nan	nan	nan
5.000000000000000	nan	nan	nan
5.000000000000000	nan	nan	nan
5.000000000000000	nan	nan	nan
5.000000000000000	nan	nan	nan
5.000000000000000	nan	nan	nan
5.000000000000000	nan	nan	nan
5.000000000000000	nan	nan	nan
5.000000000000000	nan	nan	nan
5.000000000000000	nan	nan	nan
5.000000000000000	nan	nan	nan
5.000000000000000	nan	nan	nan
5.000000000000000	nan	nan	nan
5.000000000000000	nan	nan	nan
5.000000000000000	nan	nan	nan
5.000000000000000	nan	nan	nan
5.000000000000000	nan	nan	nan
5.000000000000000	nan	nan	nan
5.000000000000000	nan	nan	nan
5.000000000000000	nan	nan	nan
5.000000000000000	nan	nan	nan
5.000000000000000	nan	nan	nan
5.000000000000000	nan	nan	nan
5.000000000000000	nan	nan	nan
5.000000000000000	nan	nan	nan
5.000000000000000	nan	nan	nan
5.000000000000000	nan	nan	nan
5.000000000000000	nan	nan	nan
5.000000000000000	nan	nan	nan
5.000000000000000	nan	nan	nan
5.000000000000000	nan	nan	nan
5.000000000000000	nan	nan	nan
5.000000000000000	nan	nan	nan
5.000000000000000	nan	nan	nan
5.000000000000000	nan	nan	nan
5.000000000000000	nan	nan	nan
5.000000000000000	nan	nan	nan


6.000000000000000	nan	nan	nan
6.000000000000000	nan	nan	nan
6.000000000000000	nan	nan	nan
6.000000000000000	nan	nan	nan
6.000000000000000	nan	nan	nan
6.000000000000000	nan	nan	nan
6.000000000000000	nan	nan	nan
6.000000000000000	nan	nan	nan
6.000000000000000	nan	nan	nan
6.000000000000000	nan	nan	nan
6.000000000000000	nan	nan	nan
6.000000000000000	nan	nan	nan
6.000000000000000	nan	nan	nan
6.000000000000000	nan	nan	nan
6.000000000000000	nan	nan	nan
6.000000000000000	nan	nan	nan
6.000000000000000	nan	nan	nan
6.000000000000000	nan	nan	nan
6.000000000000000	nan	nan	nan
6.000000000000000	nan	nan	nan
6.000000000000000	nan	nan	nan
6.000000000000000	nan	nan	nan
6.000000000000000	nan	nan	nan
6.000000000000000	nan	nan	nan
6.000000000000000	nan	nan	nan
6.000000000000000	nan	nan	nan
6.000000000000000	nan	nan	nan
6.000000000000000	nan	nan	nan
6.000000000000000	nan	nan	nan
6.000000000000000	nan	nan	nan
6.000000000000000	nan	nan	nan
6.000000000000000	nan	nan	nan
6.000000000000000	nan	nan	nan
6.000000000000000	nan	nan	nan
6.000000000000000	nan	nan	nan
6.000000000000000	nan	nan	nan
6.000000000000000	nan	nan	nan
6.000000000000000	nan	nan	nan
6.000000000000000	nan	nan	nan
6.000000000000000	nan	nan	nan
6.000000000000000	nan	nan	nan
6.000000000000000	nan	nan	nan
6.000000000000000	nan	nan	nan
6.000000000000000	nan	nan	nan
6.000000000000000	nan	nan	nan
6.000000000000000	nan	nan	nan
6.000000000000000	nan	nan	nan
6.000000000000000	nan	nan	nan
6.000000000000000	nan	nan	nan
6.000000000000000	nan	nan	nan
6.000000000000000	nan	nan	nan
6.000000000000000	nan	nan	nan
6.000000000000000	nan	nan	nan
6.000000000000000	nan	nan	nan
6.000000000000000	nan	nan	nan
6.000000000000000	nan	nan	nan
6.000000000000000	nan	nan	nan
6.000000000000000	nan	nan	nan
6.000000000000000	nan	nan	nan
6.000000000000000	nan	nan	nan
6.000000000000000	nan	nan	nan
6.000000000000000	nan	nan	nan
6.000000000000000	nan	nan	nan
6.000000000000000	nan	nan	nan
6.000000000000000	nan	nan	nan
6.000000000000000	nan	nan	nan
6.000000000000000	nan	nan	nan
6.000000000000000	nan	nan	nan
6.000000000000000	nan	nan	nan
6.000000000000000	nan	nan	nan
6.000000000000000	nan	nan	nan
6.000000000000000	nan	nan	nan
6.000000000000000	nan	nan	nan
6.000000000000000	nan	nan	nan
6.000000000000000	nan	nan	nan
6.000000000000000	nan	nan	nan
6.000000000000000	nan	nan	nan
6.000000000000000	nan	nan	nan
6.000000000000000	nan	nan	nan
6.000000000000000	nan	nan	nan
6.000000000000000	nan	nan	nan
6.000000000000000	nan	nan	nan
6.000000000000000	nan	nan	nan
6.000000000000000	nan	nan	nan
6.000000000000000	nan	nan	nan
6.000000000000000	nan	nan	nan
6.000000000000000	nan	nan	nan
6.000000000000000	nan	nan	nan
6.000000000000000	nan	nan	nan
6.000000000000000	nan	nan	nan
6.000000000000000	nan	nan	nan
6.000000000000000	nan	nan	nan
6.000000000000000	nan	nan	nan
6.000000000000000	nan	nan	nan
6.000000000000000	nan	nan	nan
6.000000000000000	nan	nan	nan
6.000000000000000	nan	nan	nan
6.000000000000000	nan	nan	nan
6.000000000000000	nan	nan	nan
6.000000000000000	nan	nan	nan


7.000000000000000	nan	nan	nan
7.000000000000000	nan	nan	nan
7.000000000000000	nan	nan	nan
7.000000000000000	nan	nan	nan
7.000000000000000	nan	nan	nan
7.000000000000000	nan	nan	nan
7.000000000000000	nan	nan	nan
7.000000000000000	nan	nan	nan
7.000000000000000	nan	nan	nan
7.000000000000000	nan	nan	nan
7.000000000000000	nan	nan	nan
7.000000000000000	nan	nan	nan
7.000000000000000	nan	nan	nan
7.000000000000000	nan	nan	nan
7.000000000000000	nan	nan	nan
7.000000000000000	nan	nan	nan
7.000000000000000	nan	nan	nan
7.000000000000000	nan	nan	nan
7.000000000000000	nan	nan	nan
7.000000000000000	nan	nan	nan
7.000000000000000	nan	nan	nan
7.000000000000000	nan	nan	nan
7.000000000000000	nan	nan	nan
7.000000000000000	nan	nan	nan
7.000000000000000	nan	nan	nan
7.000000000000000	nan	nan	nan
7.000000000000000	nan	nan	nan
7.000000000000000	nan	nan	nan
7.000000000000000	nan	nan	nan
7.000000000000000	nan	nan	nan
7.000000000000000	nan	nan	nan
7.000000000000000	nan	nan	nan
7.000000000000000	nan	nan	nan
7.000000000000000	nan	nan	nan
7.000000000000000	nan	nan	nan
7.000000000000000	nan	nan	nan
7.000000000000000	nan	nan	nan
7.000000000000000	nan	nan	nan
7.000000000000000	nan	nan	nan
7.000000000000000	nan	nan	nan
7.000000000000000	nan	nan	nan
7.000000000000000	nan	nan	nan
7.000000000000000	nan	nan	nan
7.000000000000000	nan	nan	nan
7.000000000000000	nan	nan	nan
7.000000000000000	nan	nan	nan
7.000000000000000	nan	nan	nan
7.000000000000000	nan	nan	nan
7.000000000000000	nan	nan	nan
7.000000000000000	nan	nan	nan
7.000000000000000	nan	nan	nan
7.000000000000000	nan	nan	nan
7.000000000000000	nan	nan	nan
7.000000000000000	nan	nan	nan
7.000000000000000	nan	nan	nan
7.000000000000000	nan	nan	nan
7.000000000000000	nan	nan	nan
7.000000000000000	nan	nan	nan
7.000000000000000	nan	nan	nan
7.000000000000000	nan	nan	nan
7.000000000000000	nan	nan	nan
7.000000000000000	nan	nan	nan
7.000000000000000	nan	nan	nan
7.000000000000000	nan	nan	nan
7.000000000000000	nan	nan	nan
7.000000000000000	nan	nan	nan
7.000000000000000	nan	nan	nan
7.000000000000000	nan	nan	nan
7.000000000000000	nan	nan	nan
7.000000000000000	nan	nan	nan
7.000000000000000	nan	nan	nan
7.000000000000000	nan	nan	nan
7.000000000000000	nan	nan	nan
7.000000000000000	nan	nan	nan
7.000000000000000	nan	nan	nan
7.000000000000000	nan	nan	nan
7.000000000000000	nan	nan	nan
7.000000000000000	nan	nan	nan
7.000000000000000	nan	nan	nan
7.000000000000000	nan	nan	nan
7.000000000000000	nan	nan	nan
7.000000000000000	nan	nan	nan
7.000000000000000	nan	nan	nan
7.000000000000000	nan	nan	nan
7.000000000000000	nan	nan	nan
7.000000000000000	nan	nan	nan
7.000000000000000	nan	nan	nan
7.000000000000000	nan	nan	nan
7.000000000000000	nan	nan	nan
7.000000000000000	nan	nan	nan
7.000000000000000	nan	nan	nan
7.000000000000000	nan	nan	nan
7.000000000000000	nan	nan	nan
7.000000000000000	nan	nan	nan
7.000000000000000	nan	nan	nan
7.000000000000000	nan	nan	nan
7.000000000000000	nan	nan	nan
7.000000000000000	nan	nan	nan
7.000000000000000	nan	nan	nan
7.000000000000000	nan	nan	nan


8.000000000000000	nan	nan	nan
8.000000000000000	nan	nan	nan
8.000000000000000	nan	nan	nan
8.000000000000000	nan	nan	nan
8.000000000000000	nan	nan	nan
8.000000000000000	nan	nan	nan
8.000000000000000	nan	nan	nan
8.000000000000000	nan	nan	nan
8.000000000000000	nan	nan	nan
8.000000000000000	nan	nan	nan
8.000000000000000	nan	nan	nan
8.000000000000000	nan	nan	nan
8.000000000000000	nan	nan	nan
8.000000000000000	nan	nan	nan
8.000000000000000	nan	nan	nan
8.000000000000000	nan	nan	nan
8.000000000000000	nan	nan	nan
8.000000000000000	nan	nan	nan
8.000000000000000	nan	nan	nan
8.000000000000000	nan	nan	nan
8.000000000000000	nan	nan	nan
8.000000000000000	nan	nan	nan
8.000000000000000	nan	nan	nan
8.000000000000000	nan	nan	nan
8.000000000000000	nan	nan	nan
8.000000000000000	nan	nan	nan
8.000000000000000	nan	nan	nan
8.000000000000000	nan	nan	nan
8.000000000000000	nan	nan	nan
8.000000000000000	nan	nan	nan
8.000000000000000	nan	nan	nan
8.000000000000000	nan	nan	nan
8.000000000000000	nan	nan	nan
8.000000000000000	nan	nan	nan
8.000000000000000	nan	nan	nan
8.000000000000000	nan	nan	nan
8.000000000000000	nan	nan	nan
8.000000000000000	nan	nan	nan
8.000000000000000	nan	nan	nan
8.000000000000000	nan	nan	nan
8.000000000000000	nan	nan	nan
8.000000000000000	nan	nan	nan
8.000000000000000	nan	nan	nan
8.000000000000000	nan	nan	nan
8.000000000000000	nan	nan	nan
8.000000000000000	nan	nan	nan
8.000000000000000	nan	nan	nan
8.000000000000000	nan	nan	nan
8.000000000000000	nan	nan	nan
8.000000000000000	nan	nan	nan
8.000000000000000	nan	nan	nan
8.000000000000000	nan	nan	nan
8.000000000000000	nan	nan	nan
8.000000000000000	nan	nan	nan
8.000000000000000	nan	nan	nan
8.000000000000000	nan	nan	nan
8.000000000000000	nan	nan	nan
8.000000000000000	nan	nan	nan
8.000000000000000	nan	nan	nan
8.000000000000000	nan	nan	nan
8.000000000000000	nan	nan	nan
8.000000000000000	nan	nan	nan
8.000000000000000	nan	nan	nan
8.000000000000000	nan	nan	nan
8.000000000000000	nan	nan	nan
8.000000000000000	nan	nan	nan
8.000000000000000	nan	nan	nan
8.000000000000000	nan	nan	nan
8.000000000000000	nan	nan	nan
8.000000000000000	nan	nan	nan
8.000000000000000	nan	nan	nan
8.000000000000000	nan	nan	nan
8.000000000000000	nan	nan	nan
8.000000000000000	nan	nan	nan
8.000000000000000	nan	nan	nan
8.000000000000000	nan	nan	nan
8.000000000000000	nan	nan	nan
8.000000000000000	nan	nan	nan
8.000000000000000	nan	nan	nan
8.000000000000000	nan	nan	nan
8.000000000000000	nan	nan	nan
8.000000000000000	nan	nan	nan
8.000000000000000	nan	nan	nan
8.000000000000000	nan	nan	nan
8.000000000000000	nan	nan	nan
8.000000000000000	nan	nan	nan
8.000000000000000	nan	nan	nan
8.000000000000000	nan	nan	nan
8.000000000000000	nan	nan	nan
8.000000000000000	nan	nan	nan
8.000000000000000	nan	nan	nan
8.000000000000000	nan	nan	nan
8.000000000000000	nan	nan	nan
8.000000000000000	nan	nan	nan
8.000000000000000	nan	nan	nan
8.000000000000000	nan	nan	nan
8.000000000000000	nan	nan	nan
8.000000000000000	nan	nan	nan
8.000000000000000	nan	nan	nan
8.000000000000000	nan	nan	nan


9.000000000000000	nan	nan	nan
9.000000000000000	nan	nan	nan
9.000000000000000	nan	nan	nan
9.000000000000000	nan	nan	nan
9.000000000000000	nan	nan	nan
9.000000000000000	nan	nan	nan
9.000000000000000	nan	nan	nan
9.000000000000000	nan	nan	nan
9.000000000000000	nan	nan	nan
9.000000000000000	nan	nan	nan
9.000000000000000	nan	nan	nan
9.000000000000000	nan	nan	nan
9.000000000000000	nan	nan	nan
9.000000000000000	nan	nan	nan
9.000000000000000	nan	nan	nan
9.000000000000000	nan	nan	nan
9.000000000000000	nan	nan	nan
9.000000000000000	nan	nan	nan
9.000000000000000	nan	nan	nan
9.000000000000000	nan	nan	nan
9.000000000000000	nan	nan	nan
9.000000000000000	nan	nan	nan
9.000000000000000	nan	nan	nan
9.000000000000000	nan	nan	nan
9.000000000000000	nan	nan	nan
9.000000000000000	nan	nan	nan
9.000000000000000	nan	nan	nan
9.000000000000000	nan	nan	nan
9.000000000000000	nan	nan	nan
9.000000000000000	nan	nan	nan
9.000000000000000	nan	nan	nan
9.000000000000000	nan	nan	nan
9.000000000000000	nan	nan	nan
9.000000000000000	nan	nan	nan
9.000000000000000	nan	nan	nan
9.000000000000000	nan	nan	nan
9.000000000000000	nan	nan	nan
9.000000000000000	nan	nan	nan
9.000000000000000	nan	nan	nan
9.000000000000000	nan	nan	nan
9.000000000000000	nan	nan	nan
9.000000000000000	nan	nan	nan
9.000000000000000	nan	nan	nan
9.000000000000000	nan	nan	nan
9.000000000000000	nan	nan	nan
9.000000000000000	nan	nan	nan
9.000000000000000	nan	nan	nan
9.000000000000000	nan	nan	nan
9.000000000000000	nan	nan	nan
9.000000000000000	nan	nan	nan
9.000000000000000	nan	nan	nan
9.000000000000000	nan	nan	nan
9.000000000000000	nan	nan	nan
9.000000000000000	nan	nan	nan
9.000000000000000	nan	nan	nan
9.000000000000000	nan	nan	nan
9.000000000000000	nan	nan	nan
9.000000000000000	nan	nan	nan
9.000000000000000	nan	nan	nan
9.000000000000000	nan	nan	nan
9.000000000000000	nan	nan	nan
9.000000000000000	nan	nan	nan
9.000000000000000	nan	nan	nan
9.000000000000000	nan	nan	nan
9.000000000000000	nan	nan	nan
9.000000000000000	nan	nan	nan
9.000000000000000	nan	nan	nan
9.000000000000000	nan	nan	nan
9.000000000000000	nan	nan	nan
9.000000000000000	nan	nan	nan
9.000000000000000	nan	nan	nan
9.000000000000000	nan	nan	nan
9.000000000000000	nan	nan	nan
9.000000000000000	nan	nan	nan
9.000000000000000	nan	nan	nan
9.000000000000000	nan	nan	nan
9.000000000000000	nan	nan	nan
9.000000000000000	nan	nan	nan
9.000000000000000	nan	nan	nan
9.000000000000000	nan	nan	nan
9.000000000000000	nan	nan	nan
9.000000000000000	nan	nan	nan
9.000000000000000	nan	nan	nan
9.000000000000000	nan	nan	nan
9.000000000000000	nan	nan	nan
9.000000000000000	nan	nan	nan
9.000000000000000	nan	nan	nan
9.000000000000000	nan	nan	nan
9.000000000000000	nan	nan	nan
9.000000000000000	nan	nan	nan
9.000000000000000	nan	nan	nan
9.000000000000000	nan	nan	nan
9.000000000000000	nan	nan	nan
9.000000000000000	nan	nan	nan
9.000000000000000	nan	nan	nan
9.000000000000000	nan	nan	nan
9.000000000000000	nan	nan	nan
9.000000000000000	nan	nan	nan
9.000000000000000	nan	nan	nan
9.000000000000000	nan	nan	nan


10.000000000000000	nan	nan	nan
10.000000000000000	nan	nan	nan
10.000000000000000	nan	nan	nan
10.000000000000000	nan	nan	nan
10.000000000000000	nan	nan	nan
10.000000000000000	nan	nan	nan
10.000000000000000	nan	nan	nan
10.000000000000000	nan	nan	nan
10.000000000000000	nan	nan	nan
10.000000000000000	nan	nan	nan
10.000000000000000	nan	nan	nan
10.000000000000000	nan	nan	nan
10.000000000000000	nan	nan	nan
10.000000000000000	nan	nan	nan
10.000000000000000	nan	nan	nan
10.000000000000000	nan	nan	nan
10.000000000000000	nan	nan	nan
10.000000000000000	nan	nan	nan
10.000000000000000	nan	nan	nan
10.000000000000000	nan	nan	nan
10.000000000000000	nan	nan	nan
10.000000000000000	nan	nan	nan
10.000000000000000	nan	nan	nan
10.000000000000000	nan	nan	nan
10.000000000000000	nan	nan	nan
10.000000000000000	nan	nan	nan
10.000000000000000	nan	nan	nan
10.000000000000000	nan	nan	nan
10.000000000000000	nan	nan	nan
10.000000000000000	nan	nan	nan
10.000000000000000	nan	nan	nan
10.000000000000000	nan	nan	nan
10.000000000000000	nan	nan	nan
10.000000000000000	nan	nan	nan
10.000000000000000	nan	nan	nan
10.000000000000000	nan	nan	nan
10.000000000000000	nan	nan	nan
10.000000000000000	nan	nan	nan
10.000000000000000	nan	nan	nan
10.000000000000000	nan	nan	nan
10.000000000000000	nan	nan	nan
10.000000000000000	nan	nan	nan
10.000000000000000	nan	nan	nan
10.000000000000000	nan	nan	nan
10.000000000000000	nan	nan	nan
10.000000000000000	nan	nan	nan
10.000000000000000	nan	nan	nan
10.000000000000000	nan	nan	nan
10.000000000000000	nan	nan	nan
10.000000000000000	nan	nan	nan
10.000000000000000	nan	nan	nan
10.000000000000000	nan	nan	nan
10.000000000000000	nan	nan	nan
10.000000000000000	nan	nan	nan
10.000000000000000	nan	nan	nan
10.000000000000000	nan	nan	nan
10.000000000000000	nan	nan	nan
10.000000000000000	nan	nan	nan
10.000000000000000	nan	nan	nan
10.000000000000000	nan	nan	nan
10.000000000000000	nan	nan	nan
10.000000000000000	nan	nan	nan
10.000000000000000	nan	nan	nan
10.000000000000000	nan	nan	nan
10.000000000000000	nan	nan	nan
10.000000000000000	nan	nan	nan
10.000000000000000	nan	nan	nan
10.000000000000000	nan	nan	nan
10.000000000000000	nan	nan	nan
10.000000000000000	nan	nan	nan
10.000000000000000	nan	nan	nan
10.000000000000000	nan	nan	nan
10.000000000000000	nan	nan	nan
10.000000000000000	nan	nan	nan
10.000000000000000	nan	nan	nan
10.000000000000000	nan	nan	nan
10.000000000000000	nan	nan	nan
10.000000000000000	nan	nan	nan
10.000000000000000	nan	nan	nan
10.000000000000000	nan	nan	nan
10.000000000000000	nan	nan	nan
10.000000000000000	nan	nan	nan
10.000000000000000	nan	nan	nan
10.000000000000000	nan	nan	nan
10.000000000000000	nan	nan	nan
10.000000000000000	nan	nan	nan
10.000000000000000	nan	nan	nan
10.000000000000000	nan	nan	nan
10.000000000000000	nan	nan	nan
10.000000000000000	nan	nan	nan
10.000000000000000	nan	nan	nan
10.000000000000000	nan	nan	nan
10.000000000000000	nan	nan	nan
10.000000000000000	nan	nan	nan
10.000000000000000	nan	nan	nan
10.000000000000000	nan	nan	nan
10.000000000000000	nan	nan	nan
10.000000000000000	nan	nan	nan
10.000000000000000	nan	nan	nan
10.000000000000000	nan	nan	nan


11.000000000000000	nan	nan	nan
11.000000000000000	nan	nan	nan
11.000000000000000	nan	nan	nan
11.000000000000000	nan	nan	nan
11.000000000000000	nan	nan	nan
11.000000000000000	nan	nan	nan
11.000000000000000	nan	nan	nan
11.000000000000000	nan	nan	nan
11.000000000000000	nan	nan	nan
11.000000000000000	nan	nan	nan
11.000000000000000	nan	nan	nan
11.000000000000000	nan	nan	nan
11.000000000000000	nan	nan	nan
11.000000000000000	nan	nan	nan
11.000000000000000	nan	nan	nan
11.000000000000000	nan	nan	nan
11.000000000000000	nan	nan	nan
11.000000000000000	nan	nan	nan
11.000000000000000	nan	nan	nan
11.000000000000000	nan	nan	nan
11.000000000000000	nan	nan	nan
11.000000000000000	nan	nan	nan
11.000000000000000	nan	nan	nan
11.000000000000000	nan	nan	nan
11.000000000000000	nan	nan	nan
11.000000000000000	nan	nan	nan
11.000000000000000	nan	nan	nan
11.000000000000000	nan	nan	nan
11.000000000000000	nan	nan	nan
11.000000000000000	nan	nan	nan
11.000000000000000	nan	nan	nan
11.000000000000000	nan	nan	nan
11.000000000000000	nan	nan	nan
11.000000000000000	nan	nan	nan
11.000000000000000	nan	nan	nan
11.000000000000000	nan	nan	nan
11.000000000000000	nan	nan	nan
11.000000000000000	nan	nan	nan
11.000000000000000	nan	nan	nan
11.000000000000000	nan	nan	nan
11.000000000000000	nan	nan	nan
11.000000000000000	nan	nan	nan
11.000000000000000	nan	nan	nan
11.000000000000000	nan	nan	nan
11.000000000000000	nan	nan	nan
11.000000000000000	nan	nan	nan
11.000000000000000	nan	nan	nan
11.000000000000000	nan	nan	nan
11.000000000000000	nan	nan	nan
11.000000000000000	nan	nan	nan
11.000000000000000	nan	nan	nan
11.000000000000000	nan	nan	nan
11.000000000000000	nan	nan	nan
11.000000000000000	nan	nan	nan
11.000000000000000	nan	nan	nan
11.000000000000000	nan	nan	nan
11.000000000000000	nan	nan	nan
11.000000000000000	nan	nan	nan
11.000000000000000	nan	nan	nan
11.000000000000000	nan	nan	nan
11.000000000000000	nan	nan	nan
11.000000000000000	nan	nan	nan
11.000000000000000	nan	nan	nan
11.000000000000000	nan	nan	nan
11.000000000000000	nan	nan	nan
11.000000000000000	nan	nan	nan
11.000000000000000	nan	nan	nan
11.000000000000000	nan	nan	nan
11.000000000000000	nan	nan	nan
11.000000000000000	nan	nan	nan
11.000000000000000	nan	nan	nan
11.000000000000000	nan	nan	nan
11.000000000000000	nan	nan	nan
11.000000000000000	nan	nan	nan
11.000000000000000	nan	nan	nan
11.000000000000000	nan	nan	nan
11.000000000000000	nan	nan	nan
11.000000000000000	nan	nan	nan
11.000000000000000	nan	nan	nan
11.000000000000000	nan	nan	nan
11.000000000000000	nan	nan	nan
11.000000000000000	nan	nan	nan
11.000000000000000	nan	nan	nan
11.000000000000000	nan	nan	nan
11.000000000000000	nan	nan	nan
11.000000000000000	nan	nan	nan
11.000000000000000	nan	nan	nan
11.000000000000000	nan	nan	nan
11.000000000000000	nan	nan	nan
11.000000000000000	nan	nan	nan
11.000000000000000	nan	nan	nan
11.000000000000000	nan	nan	nan
11.000000000000000	nan	nan	nan
11.000000000000000	nan	nan	nan
11.000000000000000	nan	nan	nan
11.000000000000000	nan	nan	nan
11.000000000000000	nan	nan	nan
11.000000000000000	nan	nan	nan
11.000000000000000	nan	nan	nan
11.000000000000000	nan	nan	nan


12.000000000000000	nan	nan	nan
12.000000000000000	nan	nan	nan
12.000000000000000	nan	nan	nan
12.000000000000000	nan	nan	nan
12.000000000000000	nan	nan	nan
12.000000000000000	nan	nan	nan
12.000000000000000	nan	nan	nan
12.000000000000000	nan	nan	nan
12.000000000000000	nan	nan	nan
12.000000000000000	nan	nan	nan
12.000000000000000	nan	nan	nan
12.000000000000000	nan	nan	nan
12.000000000000000	nan	nan	nan
12.000000000000000	nan	nan	nan
12.000000000000000	nan	nan	nan
12.000000000000000	nan	nan	nan
12.000000000000000	nan	nan	nan
12.000000000000000	nan	nan	nan
12.000000000000000	nan	nan	nan
12.000000000000000	nan	nan	nan
12.000000000000000	nan	nan	nan
12.000000000000000	nan	nan	nan
12.000000000000000	nan	nan	nan
12.000000000000000	nan	nan	nan
12.000000000000000	nan	nan	nan
12.000000000000000	nan	nan	nan
12.000000000000000	nan	nan	nan
12.000000000000000	nan	nan	nan
12.000000000000000	nan	nan	nan
12.000000000000000	nan	nan	nan
12.000000000000000	nan	nan	nan
12.000000000000000	nan	nan	nan
12.000000000000000	nan	nan	nan
12.000000000000000	nan	nan	nan
12.000000000000000	nan	nan	nan
12.000000000000000	nan	nan	nan
12.000000000000000	nan	nan	nan
12.000000000000000	nan	nan	nan
12.000000000000000	nan	nan	nan
12.000000000000000	nan	nan	nan
12.000000000000000	nan	nan	nan
12.000000000000000	nan	nan	nan
12.000000000000000	nan	nan	nan
12.000000000000000	nan	nan	nan
12.000000000000000	nan	nan	nan
12.000000000000000	nan	nan	nan
12.000000000000000	nan	nan	nan
12.000000000000000	nan	nan	nan
12.000000000000000	nan	nan	nan
12.000000000000000	nan	nan	nan
12.000000000000000	nan	nan	nan
12.000000000000000	nan	nan	nan
12.000000000000000	nan	nan	nan
12.000000000000000	nan	nan	nan
12.000000000000000	nan	nan	nan
12.000000000000000	nan	nan	nan
12.000000000000000	nan	nan	nan
12.000000000000000	nan	nan	nan
12.000000000000000	nan	nan	nan
12.000000000000000	nan	nan	nan
12.000000000000000	nan	nan	nan
12.000000000000000	nan	nan	nan
12.000000000000000	nan	nan	nan
12.000000000000000	nan	nan	nan
12.000000000000000	nan	nan	nan
12.000000000000000	nan	nan	nan
12.000000000000000	nan	nan	nan
12.000000000000000	nan	nan	nan
12.000000000000000	nan	nan	nan
12.000000000000000	nan	nan	nan
12.000000000000000	nan	nan	nan
12.000000000000000	nan	nan	nan
12.000000000000000	nan	nan	nan
12.000000000000000	nan	nan	nan
12.000000000000000	nan	nan	nan
12.000000000000000	nan	nan	nan
12.000000000000000	nan	nan	nan
12.000000000000000	nan	nan	nan
12.000000000000000	nan	nan	nan
12.000000000000000	nan	nan	nan
12.000000000000000	nan	nan	nan
12.000000000000000	nan	nan	nan
12.000000000000000	nan	nan	nan
12.000000000000000	nan	nan	nan
12.000000000000000	nan	nan	nan
12.000000000000000	nan	nan	nan
12.000000000000000	nan	nan	nan
12.000000000000000	nan	nan	nan
12.000000000000000	nan	nan	nan
12.000000000000000	nan	nan	nan
12.000000000000000	nan	nan	nan
12.000000000000000	nan	nan	nan
12.000000000000000	nan	nan	nan
12.000000000000000	nan	nan	nan
12.000000000000000	nan	nan	nan
12.000000000000000	nan	nan	nan
12.000000000000000	nan	nan	nan
12.000000000000000	nan	nan	nan
12.000000000000000	nan	nan	nan
12.000000000000000	nan	nan	nan


13.000000000000000	nan	nan	nan
13.000000000000000	nan	nan	nan
13.000000000000000	nan	nan	nan
13.000000000000000	nan	nan	nan
13.000000000000000	nan	nan	nan
13.000000000000000	nan	nan	nan
13.000000000000000	nan	nan	nan
13.000000000000000	nan	nan	nan
13.000000000000000	nan	nan	nan
13.000000000000000	nan	nan	nan
13.000000000000000	nan	nan	nan
13.000000000000000	nan	nan	nan
13.000000000000000	nan	nan	nan
13.000000000000000	nan	nan	nan
13.000000000000000	nan	nan	nan
13.000000000000000	nan	nan	nan
13.000000000000000	nan	nan	nan
13.000000000000000	nan	nan	nan
13.000000000000000	nan	nan	nan
13.000000000000000	nan	nan	nan
13.000000000000000	nan	nan	nan
13.000000000000000	nan	nan	nan
13.000000000000000	nan	nan	nan
13.000000000000000	nan	nan	nan
13.000000000000000	nan	nan	nan
13.000000000000000	nan	nan	nan
13.000000000000000	nan	nan	nan
13.000000000000000	nan	nan	nan
13.000000000000000	nan	nan	nan
13.000000000000000	nan	nan	nan
13.000000000000000	nan	nan	nan
13.000000000000000	nan	nan	nan
13.000000000000000	nan	nan	nan
13.000000000000000	nan	nan	nan
13.000000000000000	nan	nan	nan
13.000000000000000	nan	nan	nan
13.000000000000000	nan	nan	nan
13.000000000000000	nan	nan	nan
13.000000000000000	nan	nan	nan
13.000000000000000	nan	nan	nan
13.000000000000000	nan	nan	nan
13.000000000000000	nan	nan	nan
13.000000000000000	nan	nan	nan
13.000000000000000	nan	nan	nan
13.000000000000000	nan	nan	nan
13.000000000000000	nan	nan	nan
13.000000000000000	nan	nan	nan
13.000000000000000	nan	nan	nan
13.000000000000000	nan	nan	nan
13.000000000000000	nan	nan	nan
13.000000000000000	nan	nan	nan
13.000000000000000	nan	nan	nan
13.000000000000000	nan	nan	nan
13.000000000000000	nan	nan	nan
13.000000000000000	nan	nan	nan
13.000000000000000	nan	nan	nan
13.000000000000000	nan	nan	nan
13.000000000000000	nan	nan	nan
13.000000000000000	nan	nan	nan
13.000000000000000	nan	nan	nan
13.000000000000000	nan	nan	nan
13.000000000000000	nan	nan	nan
13.000000000000000	nan	nan	nan
13.000000000000000	nan	nan	nan
13.000000000000000	nan	nan	nan
13.000000000000000	nan	nan	nan
13.000000000000000	nan	nan	nan
13.000000000000000	nan	nan	nan
13.000000000000000	nan	nan	nan
13.000000000000000	nan	nan	nan
13.000000000000000	nan	nan	nan
13.000000000000000	nan	nan	nan
13.000000000000000	nan	nan	nan
13.000000000000000	nan	nan	nan
13.000000000000000	nan	nan	nan
13.000000000000000	nan	nan	nan
13.000000000000000	nan	nan	nan
13.000000000000000	nan	nan	nan
13.000000000000000	nan	nan	nan
13.000000000000000	nan	nan	nan
13.000000000000000	nan	nan	nan
13.000000000000000	nan	nan	nan
13.000000000000000	nan	nan	nan
13.000000000000000	nan	nan	nan
13.000000000000000	nan	nan	nan
13.000000000000000	nan	nan	nan
13.000000000000000	nan	nan	nan
13.000000000000000	nan	nan	nan
13.000000000000000	nan	nan	nan
13.000000000000000	nan	nan	nan
13.000000000000000	nan	nan	nan
13.000000000000000	nan	nan	nan
13.000000000000000	nan	nan	nan
13.000000000000000	nan	nan	nan
13.000000000000000	nan	nan	nan
13.000000000000000	nan	nan	nan
13.000000000000000	nan	nan	nan
13.000000000000000	nan	nan	nan
13.000000000000000	nan	nan	nan
13.000000000000000	nan	nan	nan


14.000000000000000	1.772431737672939	-0.467337689713554	0.340590811996678
14.000000000000000	1.803039074938626	-0.351180230830601	0.319503209935344
14.000000000000000	1.826162425200818	-0.233549687631259	0.297086078643224
14.000000000000000	1.841708678889252	-0.114919716796025	0.273429683996047
14.000000000000000	1.849615236727277	0.004232000652258	0.248629281945678
14.000000000000000	1.849850261797050	0.123425682801280	0.222784734958028
14.000000000000000	1.842412807735566	0.242181378761696	0.196000109902144
14.000000000000000	1.827332822545328	0.360020901259955	0.168383259009659
14.000000000000000	1.804671028004309	0.476469752129683	0.140045385591922
14.000000000000000	1.774518675160787	0.591059032948322	0.111100596263511
14.000000000000000	1.736997176897578	0.703327333125589	0.081665441475167
14.000000000000000	1.692257619045210	0.812822587841068	0.051858446206270
14.000000000000000	1.640480152012604	0.919103898349687	0.021799632706573
14.000000000000000	1.581873265384968	1.021743307325353	-0.008389962791031
14.000000000000000	1.516672948409814	1.120327522094063	-0.038588777440702
14.000000000000000	1.445141739751558	1.214459578817625	-0.068675211274330
14.000000000000000	1.367567670340970	1.303760440926939	-0.098528116841687
14.000000000000000	1.284263103576283	1.387870525368471	-0.128027287028449
14.000000000000000	1.195563477546031	1.466451150518306	-0.157053939087823
14.000000000000000	1.101825954338258	1.539185899933509	-0.185491192936742
14.000000000000000	1.003427981874845	1.605781896449460	-0.213224541790707
14.000000000000000	0.900765774061952	1.665970981492832	-0.240142313242196
14.000000000000000	0.794252715376456	1.719510794861517	-0.266136118926034
14.000000000000000	0.684317696312562	1.766185750623624	-0.291101290961084
14.000000000000000	0.571403386391160	1.805807905205933	-0.314937303410863
14.000000000000000	0.455964451685902	1.838217714176333	-0.337548177066007
14.000000000000000	0.338465724043393	1.863284674672942	-0.358842865918674
14.000000000000000	0.219380329369407	1.880907850893066	-0.378735623772682
14.000000000000000	0.099187782517847	1.891016280526059	-0.397146349513178
14.000000000000000	-0.021627943546327	1.893569260493494	-0.414000909645556
14.000000000000000	-0.142580366535411	1.888556510846100	-0.429231436804874
14.000000000000000	-0.263182453731432	1.875998216157491	-0.442776603033783
14.000000000000000	-0.382948583095007	1.855944944248004	-0.454581866728560
14.000000000000000	-0.501396498693899	1.828477442565943	-0.464599692258900
14.000000000000000	-0.618049252577443	1.793706313046096	-0.472789741377122
14.000000000000000	-0.732437125277615	1.751771566754787	-0.479119035646053
14.000000000000000	-0.844099517203536	1.702842060114724	-0.483562089231559
14.000000000000000	-0.952586803313467	1.647114814979781	-0.486101011524997
14.000000000000000	-1.057462143596155	1.584814225297534	-0.486725579182389
14.000000000000000	-1.158303242071379	1.516191153554027	-0.485433277290216
14.000000000000000	-1.254704047226816	1.441521920639087	-0.482229309492087
14.000000000000000	-1.346276387044170	1.361107193199620	-0.477126577035506
14.000000000000000	-1.432651532030882	1.275270772961150	-0.470145626823098
14.000000000000000	-1.513481679963661	1.184358292892546	-0.461314568677484
14.000000000000000	-1.588441356365278	1.088735825464052	-0.450668962152951
14.000000000000000	-1.657228725075414	0.988788408602647	-0.438251673349672
14.000000000000000	-1.719566803638347	0.884918495280216	-0.424112702307053
14.000000000000000	-1.775204578613540	0.777544332977468	-0.408308981671221
14.000000000000000	-1.823918016318175	0.667098279548955	-0.390904147447353
14.000000000000000	-1.865510964931718	0.554025062270589	-0.371968282759939
14.000000000000000	-1.899815944330075	0.438779987079860	-0.351577635652780
14.000000000000000	-1.926694820468938	0.321827105219532	-0.329814312065025
14.000000000000000	-1.946039361600827	0.203637344667063	-0.306765945219533
14.000000000000000	-1.957771674086141	0.084686613873862	-0.282525342754813
14.000000000000000	-1.961844516043345	-0.034546114550090	-0.257190113021421
14.000000000000000	-1.958241487575364	-0.153580732489875	-0.230862272047581
14.000000000000000	-1.946977096806171	-0.271937929551578	-0.203647832756648
14.000000000000000	-1.928096701461698	-0.389141123076066	-0.175656378090480
14.000000000000000	-1.901676326230278	-0.504718377169153	-0.147000619757607
14.000000000000000	-1.867822356638063	-0.618204303020878	-0.117795944382966
14.000000000000000	-1.826671110672050	-0.729141932861986	-0.088159948886681
14.000000000000000	-1.778388289875672	-0.837084560011852	-0.058211966962776
14.000000000000000	-1.723168312127153	-0.941597537608622	-0.028072588564505
14.000000000000000	-1.661233528787341	-1.042260028778717	0.002136825668827
14.000000000000000	-1.592833329369247	-1.138666701198395	0.032294633088329
14.000000000000000	-1.518243137334505	-1.230429359223955	0.062279398847531
14.000000000000000	-1.437763301060295	-1.317178507018588	0.091970384877659
14.000000000000000	-1.351717884442438	-1.398564836381694	0.121248036057215
14.000000000000000	-1.260453362004459	-1.474260633289727	0.149994461618266
14.000000000000000	-1.164337223766971	-1.543961097484898	0.178093909850949
14.000000000000000	-1.063756495495065	-1.607385569798238	0.205433234194756
14.000000000000000	-0.959116180282151	-1.664278662265013	0.231902348839798
14.000000000000000	-0.850837627745443	-1.714411286481922	0.257394672003509
14.000000000000000	-0.739356837399768	-1.757581576065240	0.281807555097865
14.000000000000000	-0.625122703041394	-1.793615699495502	0.305042696059022
14.000000000000000	-0.508595205211160	-1.822368560075670	0.327006535175024
14.000000000000000	-0.390243559015173	-1.843724380184334	0.347610631817754
14.000000000000000	-0.270544324761188	-1.857597167471319	0.366772020562118
14.000000000000000	-0.149979489018445	-1.863931061118533	0.384413545258536
14.000000000000000	-0.029034523827876	-1.862700556771768	0.400464169713521
14.000000000000000	0.091803568122470	-1.853910609237729	0.414859263727361
14.000000000000000	0.212048214485362	-1.837596612532780	0.427540863337120
14.000000000000000	0.331215232509492	-1.813824257363726	0.438457904217063
14.000000000000000	0.448824778672536	-1.782689266614530	0.447566427296666
14.000000000000000	0.564403280841650	-1.744317009904037	0.454829755768285
14.000000000000000	0.677485345181315	-1.698861998766771	0.460218642771712
14.000000000000000	0.787615630130040	-1.646507264489520	0.463711389160957
14.000000000000000	0.894350679900137	-1.587463621108941	0.465293930879054
14.000000000000000	0.997260710117652	-1.521968816537841	0.464959895589052
14.000000000000000	1.095931338412355	-1.450286575238244	0.462710628333169
14.000000000000000	1.189965252989283	-1.372705536296065	0.458555186116780
14.000000000000000	1.278983812463121	-1.289538091173378	0.452510301439051
14.000000000000000	1.362628570513413	-1.201119125818263	0.444600314917077
14.000000000000000	1.440562719221388	-1.107804672197278	0.434857077274800
14.000000000000000	1.512472445276570	-1.009970474680404	0.423319821091391
14.000000000000000	1.578068193592224	-0.908010477051070	0.410035002825498
14.000000000000000	1.637085833241496	-0.802335236233581	0.395056115751484
14.000000000000000	1.689287721019423	-0.693370269125295	0.378443474560891
14.000000000000000	1.734463658348257	-0.581554339190248	0.360263972496465
14.000000000000000	1.772431737672939	-0.467337689713555	0.340590811996678


15.000000000000000	nan	nan	nan
15.000000000000000	nan	nan	nan
15.000000000000000	nan	nan	nan
15.000000000000000	nan	nan	nan
15.000000000000000	nan	nan	nan
15.000000000000000	nan	nan	nan
15.000000000000000	nan	nan	nan
15.000000000000000	nan	nan	nan
15.000000000000000	nan	nan	nan
15.000000000000000	nan	nan	nan
15.000000000000000	nan	nan	nan
15.000000000000000	nan	nan	nan
15.000000000000000	nan	nan	nan
15.000000000000000	nan	nan	nan
15.000000000000000	nan	nan	nan
15.000000000000000	nan	nan	nan
15.000000000000000	nan	nan	nan
15.000000000000000	nan	nan	nan
15.000000000000000	nan	nan	nan
15.000000000000000	nan	nan	nan
15.000000000000000	nan	nan	nan
15.000000000000000	nan	nan	nan
15.000000000000000	nan	nan	nan
15.000000000000000	nan	nan	nan
15.000000000000000	nan	nan	nan
15.000000000000000	nan	nan	nan
15.000000000000000	nan	nan	nan
15.000000000000000	nan	nan	nan
15.000000000000000	nan	nan	nan
15.000000000000000	nan	nan	nan
15.000000000000000	nan	nan	nan
15.000000000000000	nan	nan	nan
15.000000000000000	nan	nan	nan
15.000000000000000	nan	nan	nan
15.000000000000000	nan	nan	nan
15.000000000000000	nan	nan	nan
15.000000000000000	nan	nan	nan
15.000000000000000	nan	nan	nan
15.000000000000000	nan	nan	nan
15.000000000000000	nan	nan	nan
15.000000000000000	nan	nan	nan
15.000000000000000	nan	nan	nan
15.000000000000000	nan	nan	nan
15.000000000000000	nan	nan	nan
15.000000000000000	nan	nan	nan
15.000000000000000	nan	nan	nan
15.000000000000000	nan	nan	nan
15.000000000000000	nan	nan	nan
15.000000000000000	nan	nan	nan
15.000000000000000	nan	nan	nan
15.000000000000000	nan	nan	nan
15.000000000000000	nan	nan	nan
15.000000000000000	nan	nan	nan
15.000000000000000	nan	nan	nan
15.000000000000000	nan	nan	nan
15.000000000000000	nan	nan	nan
15.000000000000000	nan	nan	nan
15.000000000000000	nan	nan	nan
15.000000000000000	nan	nan	nan
15.000000000000000	nan	nan	nan
15.000000000000000	nan	nan	nan
15.000000000000000	nan	nan	nan
15.000000000000000	nan	nan	nan
15.000000000000000	nan	nan	nan
15.000000000000000	nan	nan	nan
15.000000000000000	nan	nan	nan
15.000000000000000	nan	nan	nan
15.000000000000000	nan	nan	nan
15.000000000000000	nan	nan	nan
15.000000000000000	nan	nan	nan
15.000000000000000	nan	nan	nan
15.000000000000000	nan	nan	nan
15.000000000000000	nan	nan	nan
15.000000000000000	nan	nan	nan
15.000000000000000	nan	nan	nan
15.000000000000000	nan	nan	nan
15.000000000000000	nan	nan	nan
15.000000000000000	nan	nan	nan
15.000000000000000	nan	nan	nan
15.000000000000000	nan	nan	nan
15.000000000000000	nan	nan	nan
15.000000000000000	nan	nan	nan
15.000000000000000	nan	nan	nan
15.000000000000000	nan	nan	nan
15.000000000000000	nan	nan	nan
15.000000000000000	nan	nan	nan
15.000000000000000	nan	nan	nan
15.000000000000000	nan	nan	nan
15.000000000000000	nan	nan	nan
15.000000000000000	nan	nan	nan
15.000000000000000	nan	nan	nan
15.000000000000000	nan	nan	nan
15.000000000000000	nan	nan	nan
15.000000000000000	nan	nan	nan
15.000000000000000	nan	nan	nan
15.000000000000000	nan	nan	nan
15.000000000000000	nan	nan	nan
15.000000000000000	nan	nan	nan
15.000000000000000	nan	nan	nan
15.000000000000000	nan	nan	nan


16.000000000000000	-0.452550060140321	-0.525275813091269	0.001355793742242
16.000000000000000	-0.412530042817148	-0.557577593311432	-0.000091202373419
16.000000000000000	-0.370514077331221	-0.587245561338072	-0.001538834381600
16.000000000000000	-0.326671347146278	-0.614160254735071	-0.002981273179137
16.000000000000000	-0.281178391462756	-0.638213297531492	-0.004412710574093
16.000000000000000	-0.234218394356737	-0.659307836613366	-0.005827382673294
16.000000000000000	-0.185980447162328	-0.677358931716997	-0.007219593091497
16.000000000000000	-0.136658787067598	-0.692293897453423	-0.008583735888720
16.000000000000000	-0.086452014989977	-0.704052595986827	-0.009914318143384
16.000000000000000	-0.035562295880454	-0.712587679188375	-0.011205982070370
16.000000000000000	0.015805455323327	-0.717864779290417	-0.012453526594929
16.000000000000000	0.067444398817196	-0.719862647273364	-0.013651928295574
16.000000000000000	0.119146602801346	-0.718573238427982	-0.014796361631624
16.000000000000000	0.170703880748304	-0.714001744748603	-0.015882218373956
16.000000000000000	0.221908629696597	-0.706166574026794	-0.016905126160715
16.000000000000000	0.272554666194608	-0.695099275729677	-0.017860966103273
16.000000000000000	0.322438056528562	-0.680844413961361	-0.018745889371538
16.000000000000000	0.371357937891616	-0.663459388019021	-0.019556332691838
16.000000000000000	0.419117327187488	-0.643014201266191	-0.020289032694962
16.000000000000000	0.465523914211864	-0.619591179253923	-0.020941039056600
16.000000000000000	0.510390836017710	-0.593284638224851	-0.021509726377255
16.000000000000000	0.553537429346416	-0.564200505334970	-0.021992804753802
16.000000000000000	0.594789958094969	-0.532455892122363	-0.022388329000117
16.000000000000000	0.633982312889920	-0.498178622940375	-0.022694706479659
16.000000000000000	0.670956679951209	-0.461506720254051	-0.022910703518451
16.000000000000000	0.705564176552550	-0.422587848872392	-0.023035450372654
16.000000000000000	0.737665450519632	-0.381578721354278	-0.023068444730713
16.000000000000000	0.767131241352134	-0.338644466982307	-0.023009553735994
16.000000000000000	0.793842900710140	-0.293957966845459	-0.022859014521748
16.000000000000000	0.817692870169128	-0.247699157707962	-0.022617433256258
16.000000000000000	0.838585114319787	-0.200054307467455	-0.022285782702017
16.000000000000000	0.856435507468709	-0.151215265119904	-0.021865398298751
16.000000000000000	0.871172172382867	-0.101378688251407	-0.021357972786081
16.000000000000000	0.882735769713868	-0.050745251167503	-0.020765549387453
16.000000000000000	0.891079736936558	0.000481163151427	-0.020090513582803
16.000000000000000	0.896170475839882	0.052094284014964	-0.019335583503065
16.000000000000000	0.897987487815023	0.103886283601919	-0.018503798985222
16.000000000000000	0.896523456396058	0.155648613809621	-0.017598509331956
16.000000000000000	0.891784276720792	0.207172846003514	-0.016623359825182
16.000000000000000	0.883789031793112	0.258251510285710	-0.015582277047793
16.000000000000000	0.872569915642471	0.308678930903041	-0.014479453072689
16.000000000000000	0.858172103689890	0.358252054430725	-0.013319328582782
16.000000000000000	0.840653570842485	0.406771267396841	-0.012106574989936
16.000000000000000	0.820084858048974	0.454041200055329	-0.010846075624834
16.000000000000000	0.796548788256178	0.499871513071000	-0.009542906073534
16.000000000000000	0.770140132910243	0.544077663948865	-0.008202313739875
16.000000000000000	0.740965230345478	0.586481650121623	-0.006829696716029
16.000000000000000	0.709141557597410	0.626912725703179	-0.005430582046295
16.000000000000000	0.674797257364229	0.665208089022063	-0.004010603471640
16.000000000000000	0.638070622021367	0.701213538166300	-0.002575478744611
16.000000000000000	0.599109536766913	0.734784091900084	-0.001130986605965
16.000000000000000	0.558070884140115	0.765784573452047	0.000317056484279
16.000000000000000	0.515119912310762	0.794090154824407	0.001762819767675
16.000000000000000	0.470429569683136	0.819586859431255	0.003200481665755
16.000000000000000	0.424179808493819	0.842172021042043	0.004624253221468
16.000000000000000	0.376556860207555	0.861754697182256	0.006028401409270
16.000000000000000	0.327752485628870	0.878256035326661	0.007407272219995
16.000000000000000	0.277963202748993	0.891609590410594	0.008755313427552
16.000000000000000	0.227389495437264	0.901761592380788	0.010067096945781
16.000000000000000	0.176235006163353	0.908671162708393	0.011337340685440
16.000000000000000	0.124705716000907	0.912310478992391	0.012560929823313
16.000000000000000	0.073009115214468	0.912664886990580	0.013732937397801
16.000000000000000	0.021353367769411	0.909732959627036	0.014848644148054
16.000000000000000	-0.030053526870878	0.903526502738448	0.015903557516770
16.000000000000000	-0.081004571285425	0.894070507536176	0.016893429740139
16.000000000000000	-0.131294603601227	0.881403049975465	0.017814274952086
16.000000000000000	-0.180721123607701	0.865575137437011	0.018662385233950
16.000000000000000	-0.229085108153564	0.846650503338243	0.019434345544960
16.000000000000000	-0.276191812542815	0.824705350501346	0.020127047473403
16.000000000000000	-0.321851554702898	0.799828044311390	0.020737701753098
16.000000000000000	-0.365880478967456	0.772118756900109	0.021263849494787
16.000000000000000	-0.408101296398209	0.741689063788091	0.021703372087215
16.000000000000000	-0.448343998664938	0.708661494609525	0.022054499728029
16.000000000000000	-0.486446542609027	0.673169039728620	0.022315818550147
16.000000000000000	-0.522255502734067	0.635354614734340	0.022486276314905
16.000000000000000	-0.555626688996185	0.595370484969771	0.022565186649044
16.000000000000000	-0.586425727406455	0.553377652413327	0.022552231808501
16.000000000000000	-0.614528601107527	0.509545207380602	0.022447463957847
16.000000000000000	-0.639822149745743	0.464049647657355	0.022251304960237
16.000000000000000	-0.662204525127935	0.417074167805219	0.021964544678723
16.000000000000000	-0.681585601328161	0.368807921501854	0.021588337795749
16.000000000000000	-0.697887337592991	0.319445259885852	0.021124199163651
16.000000000000000	-0.711044092584083	0.269184948973299	0.020573997704888
16.000000000000000	-0.721002888692683	0.218229369297175	0.019939948886542
16.000000000000000	-0.727723625361757	0.166783700992382	0.019224605799421
16.000000000000000	-0.731179240556780	0.115055097607754	0.018430848877663
16.000000000000000	-0.731355819735000	0.063251851971834	0.017561874300239
16.000000000000000	-0.728252651874389	0.011582557471166	0.016621181121073
16.000000000000000	-0.721882232336678	-0.039744731881654	0.015612557179585
16.000000000000000	-0.712270212552945	-0.090523339208048	0.014540063848402
16.000000000000000	-0.699455296734356	-0.140548796978304	0.013408019679637
16.000000000000000	-0.683489086023969	-0.189619670330157	0.012220983015611
16.000000000000000	-0.664435870717139	-0.237538368175877	0.010983733634012
16.000000000000000	-0.642372371387194	-0.284111938831846	0.009701253501420
16.000000000000000	-0.617387429958762	-0.329152846966883	0.008378706712686
16.000000000000000	-0.589581651972693	-0.372479728740836	0.007021418696943
16.000000000000000	-0.559067001483063	-0.413918122092755	0.005634854773985
16.000000000000000	-0.525966350217437	-0.453301169238034	0.004224598147351
16.000000000000000	-0.490412982815794	-0.490470288545820	0.002796327422733
16.000000000000000	-0.452550060140321	-0.525275813091269	0.001355793742242


17.000000000000000	0.543462617072036	-1.411014563027732	0.199576568854964
17.000000000000000	0.637122488997356	-1.372759985161443	0.190333182166001
17.000000000000000	0.728105399838280	-1.328688311645244	0.180282446939249
17.000000000000000	0.816044993524704	-1.278977003553563	0.169464833938121
17.000000000000000	0.900587168350584	-1.223826230778789	0.157923901872164
17.000000000000000	0.981391502816531	-1.163458066017763	0.145706122001509
17.000000000000000	1.058132626387035	-1.098115590563411	0.132860691013504
17.000000000000000	1.130501529642781	-1.028061915502168	0.119439332925023
17.000000000000000	1.198206808552510	-0.953579122258497	0.105496090808105
17.000000000000000	1.260975837854209	-0.874967126752554	0.091087109177573
17.000000000000000	1.318555868820819	-0.792542471744625	0.076270407916893
17.000000000000000	1.370715046990149	-0.706637052229161	0.061105648652581
17.000000000000000	1.417243345760970	-0.617596779010767	0.045653894517885
17.000000000000000	1.457953412096003	-0.525780185843484	0.029977364273106
17.000000000000000	1.492681320926482	-0.431556985741902	0.014139181772606
17.000000000000000	1.521287235220546	-0.335306582277340	-0.001796878212674
17.000000000000000	1.543655969057612	-0.237416541853568	-0.017766646793705
17.000000000000000	1.559697451441422	-0.138281033113693	-0.033705819348842
17.000000000000000	1.569347088984160	-0.038299239762151	-0.049550214455837
17.000000000000000	1.572566026001218	0.062126246807182	-0.065236032327775
17.000000000000000	1.569341300969334	0.162591048604442	-0.080700111712298
17.000000000000000	1.559685898718065	0.262690629331216	-0.095880184219673
17.000000000000000	1.543638698144462	0.362021923305441	-0.110715125055627
17.000000000000000	1.521264315661475	0.460184958464645	-0.125145199149313
17.000000000000000	1.492652845010465	0.556784466912273	-0.139112301685359
17.000000000000000	1.457919494485503	0.651431476522001	-0.152560192071456
17.000000000000000	1.417204123030234	0.743744877191202	-0.165434720399368
17.000000000000000	1.370670677075271	0.833352955436821	-0.177684045487501
17.000000000000000	1.318506530383784	0.919894891154377	-0.189258843627051
17.000000000000000	1.260921729563491	1.003022210513171	-0.200112507191161
17.000000000000000	1.198148148283098	1.082400189137414	-0.210201332307392
17.000000000000000	1.130438553598876	1.157709199923151	-0.219484694837788
17.000000000000000	1.058065588150939	1.228646000063793	-0.227925213957946
17.000000000000000	0.981320672327560	1.294924952101875	-0.235488902676396
17.000000000000000	0.900512830818119	1.356279174090283	-0.242145304688225
17.000000000000000	0.815967448279749	1.412461614231660	-0.247867617011869
17.000000000000000	0.728024959128169	1.463246045668798	-0.252632797915255
17.000000000000000	0.637039476728436	1.508427977420351	-0.256421659696724
17.000000000000000	0.543377367505417	1.547825477793833	-0.259218945947139
17.000000000000000	0.447415775715494	1.581279906960345	-0.261013392982053
17.000000000000000	0.349541104819759	1.608656555741165	-0.261797775196597
17.000000000000000	0.250147461573654	1.629845188034069	-0.261568934160434
17.000000000000000	0.149635069098165	1.644760484695212	-0.260327791335650
17.000000000000000	0.048408655322568	1.653342387089198	-0.258079344366346
17.000000000000000	-0.053124176712096	1.655556338924016	-0.254832646954893
17.000000000000000	-0.154554590126603	1.651393425397028	-0.250600772405864
17.000000000000000	-0.255474160445364	1.640870409091733	-0.245400760984455
17.000000000000000	-0.355476520177642	1.624029662480760	-0.239253551301348
17.000000000000000	-0.454158995116002	1.600938997306873	-0.232183896000317
17.000000000000000	-0.551124225763231	1.571691391529022	-0.224220262088070
17.000000000000000	-0.645981767358790	1.536404614932914	-0.215394716307656
17.000000000000000	-0.738349662062050	1.495220754913654	-0.205742796017011
17.000000000000000	-0.827855976961713	1.448305644339953	-0.195303366092560
17.000000000000000	-0.914140301718376	1.395848193803694	-0.184118462434078
17.000000000000000	-0.996855199809757	1.338059630943657	-0.172233122700954
17.000000000000000	-1.075667607534951	1.275172649906366	-0.159695204961439
17.000000000000000	-1.150260175144397	1.207440474368891	-0.146555194985089
17.000000000000000	-1.220332544695313	1.135135837896471	-0.132866002954393
17.000000000000000	-1.285602559487124	1.058549885740710	-0.118682750414146
17.000000000000000	-1.345807400206908	0.977991002500405	-0.104062548316434
17.000000000000000	-1.400704643210010	0.893783570365607	-0.089064267054998
17.000000000000000	-1.450073236674497	0.806266662945038	-0.073748299414926
17.000000000000000	-1.493714390698824	0.715792679936330	-0.058176317392231
17.000000000000000	-1.531452377758608	0.622725928136832	-0.042411023862483
17.000000000000000	-1.563135240299349	0.527441154508710	-0.026515900098464
17.000000000000000	-1.588635402615862	0.430322037205198	-0.010554950153487
17.000000000000000	-1.607850184554622	0.331759640634089	0.005407556860337
17.000000000000000	-1.620702214970501	0.232150840779392	0.021307345561130
17.000000000000000	-1.627139743273056	0.131896727121817	0.037080393111526
17.000000000000000	-1.627136847807899	0.031400987592998	0.052663187016039
17.000000000000000	-1.620693540234047	-0.068931716933329	0.067992980863465
17.000000000000000	-1.607835765476974	-0.168697382067838	0.083008046984535
17.000000000000000	-1.588615297257555	-0.267494286688701	0.097647925007455
17.000000000000000	-1.563109529617566	-0.364924610530764	0.111853665310479
17.000000000000000	-1.531421165281190	-0.460596036067340	0.125568066391235
17.000000000000000	-1.493677802107401	-0.554123328234426	0.138735905196983
17.000000000000000	-1.450031419298413	-0.645129885636340	0.151304159488358
17.000000000000000	-1.400657765433080	-0.733249256986622	0.163222221341217
17.000000000000000	-1.345755650789393	-0.818126616678029	0.174442100926885
17.000000000000000	-1.285546146805665	-0.899420193540017	0.184918619750254
17.000000000000000	-1.220271695903867	-0.976802647030625	0.194609592567647
17.000000000000000	-1.150195135259571	-1.049962385321302	0.203475997251896
17.000000000000000	-1.075598638449407	-1.118604819967222	0.211482131920680
17.000000000000000	-0.996782579237659	-1.182453552110989	0.218595758695403
17.000000000000000	-0.914064322077137	-1.241251485443270	0.224788233511753
17.000000000000000	-0.827776944194531	-1.294761861438902	0.230034621459240
17.000000000000000	-0.738267894405985	-1.342769212699903	0.234313797185281
17.000000000000000	-0.645897594063334	-1.385080230566640	0.237608529959533
17.000000000000000	-0.551037985764537	-1.421524543503575	0.239905553055972
17.000000000000000	-0.454071035672104	-1.451955403125304	0.241195617173307
17.000000000000000	-0.355387195470178	-1.476250275100512	0.241473527678658
17.000000000000000	-0.255383830153406	-1.494311332554478	0.240738165524507
17.000000000000000	-0.154463617978353	-1.506065849983373	0.238992491754707
17.000000000000000	-0.053032929020287	-1.511466496094196	0.236243535581405
17.000000000000000	0.048499811135686	-1.510491524391181	0.232502366080883
17.000000000000000	0.149725765980306	-1.503144860741267	0.227784047622297
17.000000000000000	0.250237334320485	-1.489456087566013	0.222107579208780
17.000000000000000	0.349629791545447	-1.469480324723628	0.215495817975157
17.000000000000000	0.447502919309896	-1.443298007560758	0.207975387150338
17.000000000000000	0.543462617072036	-1.411014563027732	0.199576568854964


18.000000000000000	nan	nan	nan
18.000000000000000	nan	nan	nan
18.000000000000000	nan	nan	nan
18.000000000000000	nan	nan	nan
18.000000000000000	nan	nan	nan
18.000000000000000	nan	nan	nan
18.000000000000000	nan	nan	nan
18.000000000000000	nan	nan	nan
18.000000000000000	nan	nan	nan
18.000000000000000	nan	nan	nan
18.000000000000000	nan	nan	nan
18.000000000000000	nan	nan	nan
18.000000000000000	nan	nan	nan
18.000000000000000	nan	nan	nan
18.000000000000000	nan	nan	nan
18.000000000000000	nan	nan	nan
18.000000000000000	nan	nan	nan
18.000000000000000	nan	nan	nan
18.000000000000000	nan	nan	nan
18.000000000000000	nan	nan	nan
18.000000000000000	nan	nan	nan
18.000000000000000	nan	nan	nan
18.000000000000000	nan	nan	nan
18.000000000000000	nan	nan	nan
18.000000000000000	nan	nan	nan
18.000000000000000	nan	nan	nan
18.000000000000000	nan	nan	nan
18.000000000000000	nan	nan	nan
18.000000000000000	nan	nan	nan
18.000000000000000	nan	nan	nan
18.000000000000000	nan	nan	nan
18.000000000000000	nan	nan	nan
18.000000000000000	nan	nan	nan
18.000000000000000	nan	nan	nan
18.000000000000000	nan	nan	nan
18.000000000000000	nan	nan	nan
18.000000000000000	nan	nan	nan
18.000000000000000	nan	nan	nan
18.000000000000000	nan	nan	nan
18.000000000000000	nan	nan	nan
18.000000000000000	nan	nan	nan
18.000000000000000	nan	nan	nan
18.000000000000000	nan	nan	nan
18.000000000000000	nan	nan	nan
18.000000000000000	nan	nan	nan
18.000000000000000	nan	nan	nan
18.000000000000000	nan	nan	nan
18.000000000000000	nan	nan	nan
18.000000000000000	nan	nan	nan
18.000000000000000	nan	nan	nan
18.000000000000000	nan	nan	nan
18.000000000000000	nan	nan	nan
18.000000000000000	nan	nan	nan
18.000000000000000	nan	nan	nan
18.000000000000000	nan	nan	nan
18.000000000000000	nan	nan	nan
18.000000000000000	nan	nan	nan
18.000000000000000	nan	nan	nan
18.000000000000000	nan	nan	nan
18.000000000000000	nan	nan	nan
18.000000000000000	nan	nan	nan
18.000000000000000	nan	nan	nan
18.000000000000000	nan	nan	nan
18.000000000000000	nan	nan	nan
18.000000000000000	nan	nan	nan
18.000000000000000	nan	nan	nan
18.000000000000000	nan	nan	nan
18.000000000000000	nan	nan	nan
18.000000000000000	nan	nan	nan
18.000000000000000	nan	nan	nan
18.000000000000000	nan	nan	nan
18.000000000000000	nan	nan	nan
18.000000000000000	nan	nan	nan
18.000000000000000	nan	nan	nan
18.000000000000000	nan	nan	nan
18.000000000000000	nan	nan	nan
18.000000000000000	nan	nan	nan
18.000000000000000	nan	nan	nan
18.000000000000000	nan	nan	nan
18.000000000000000	nan	nan	nan
18.000000000000000	nan	nan	nan
18.000000000000000	nan	nan	nan
18.000000000000000	nan	nan	nan
18.000000000000000	nan	nan	nan
18.000000000000000	nan	nan	nan
18.000000000000000	nan	nan	nan
18.000000000000000	nan	nan	nan
18.000000000000000	nan	nan	nan
18.000000000000000	nan	nan	nan
18.000000000000000	nan	nan	nan
18.000000000000000	nan	nan	nan
18.000000000000000	nan	nan	nan
18.000000000000000	nan	nan	nan
18.000000000000000	nan	nan	nan
18.000000000000000	nan	nan	nan
18.000000000000000	nan	nan	nan
18.000000000000000	nan	nan	nan
18.000000000000000	nan	nan	nan
18.000000000000000	nan	nan	nan
18.000000000000000	nan	nan	nan


