# n	x	y	z
1.000000000000000	-0.302978527392805	0.070807250622312	0.040591916856600
1.000000000000000	-0.307925968136567	0.046707717094382	0.039526362631203
1.000000000000000	-0.311310512271029	0.022344624669794	0.038258377061998
1.000000000000000	-0.313118531431513	-0.002183925077058	0.036793065879344
1.000000000000000	-0.313342745362991	-0.026779164333542	0.035136329374201
1.000000000000000	-0.311982251235094	-0.051342056751909	0.033294838639741
1.000000000000000	-0.309042527277498	-0.075773696233711	0.031276008709209
1.000000000000000	-0.304535410721022	-0.099975705189749	0.029087968698201
1.000000000000000	-0.298479050133282	-0.123850630671905	0.026739529071587
1.000000000000000	-0.290897832340809	-0.147302336781769	0.024240146166876
1.000000000000000	-0.281822284231909	-0.170236391775970	0.021599884116883
1.000000000000000	-0.271288949835660	-0.192560448309477	0.018829374325020
1.000000000000000	-0.259340243172000	-0.214184615285768	0.015939772656385
1.000000000000000	-0.246024277465442	-0.235021819816544	0.012942714517030
1.000000000000000	-0.231394671410100	-0.254988157833520	0.009850268002289
1.000000000000000	-0.215510333266129	-0.274003231940498	0.006674885302818
1.000000000000000	-0.198435223656958	-0.291990475145300	0.003429352564016
1.000000000000000	-0.180238098022429	-0.308877459168025	0.000126738400731
1.000000000000000	-0.160992229764910	-0.324596186084171	-0.003219658725438
1.000000000000000	-0.140775115203166	-0.339083362128272	-0.006596364054354
1.000000000000000	-0.119668161522030	-0.352280652555557	-0.009989780785445
1.000000000000000	-0.097756358974411	-0.364134916535377	-0.013386244827220
1.000000000000000	-0.075127938655532	-0.374598421130575	-0.016772079817743
1.000000000000000	-0.051874017227459	-0.383629033501173	-0.020133652194517
1.000000000000000	-0.028088230024454	-0.391190390558455	-0.023457426092026
1.000000000000000	-0.003866354016540	-0.397252045386283	-0.026730017845892
1.000000000000000	0.020694077850561	-0.401789589840090	-0.029938249884161
1.000000000000000	0.045494169386170	-0.404784752829858	-0.033069203788741
1.000000000000000	0.070434059374711	-0.406225473891352	-0.036110272313310
1.000000000000000	0.095413323681580	-0.406105951749350	-0.039049210148244
1.000000000000000	0.120331379625688	-0.404426667677334	-0.041874183228163
1.000000000000000	0.145087890990422	-0.401194383559569	-0.044573816383530
1.000000000000000	0.169583172042170	-0.396422114663382	-0.047137239144447
1.000000000000000	0.193718588929597	-0.390129077231276	-0.049554129512200
1.000000000000000	0.217396956847339	-0.382340611103902	-0.051814755522304
1.000000000000000	0.240522931364925	-0.373088077685464	-0.053910014431692
1.000000000000000	0.263003392345142	-0.362408733662414	-0.055831469372242
1.000000000000000	0.284747818905960	-0.350345580983924	-0.057571383323076
1.000000000000000	0.305668653916180	-0.336947193708218	-0.059122750264805
1.000000000000000	0.325681656557093	-0.322267522411976	-0.060479323390299
1.000000000000000	0.344706241530528	-0.306365676950410	-0.061635640258377
1.000000000000000	0.362665803547407	-0.289305688442737	-0.062587044789126
1.000000000000000	0.379488025790204	-0.271156251441460	-0.063329706012292
1.000000000000000	0.395105171107244	-0.251990447323652	-0.063860633493248
1.000000000000000	0.409454354766310	-0.231885450018046	-0.064177689374415
1.000000000000000	0.422477797669263	-0.210922215252857	-0.064279596983663
1.000000000000000	0.434123059008075	-0.189185154575641	-0.064165945975017
1.000000000000000	0.444343247425457	-0.166761795457786	-0.063837193980976
1.000000000000000	0.453097209829804	-0.143742428852274	-0.063294664769790
1.000000000000000	0.460349697104170	-0.120219745623884	-0.062540542915109
1.000000000000000	0.466071506042022	-0.096288463315792	-0.061577864999480
1.000000000000000	0.470239596938243	-0.072044944755455	-0.060410507387097
1.000000000000000	0.472837186361897	-0.047586810035518	-0.059043170615055
1.000000000000000	0.473853814737177	-0.023012543432150	-0.057481360465941
1.000000000000000	0.473285388460428	0.001578903156369	-0.055731365797995
1.000000000000000	0.471134196383645	0.026088508654027	-0.053800233222094
1.000000000000000	0.467408900598072	0.050417581529996	-0.051695738727541
1.000000000000000	0.462124501555015	0.074468157194600	-0.049426356370897
1.000000000000000	0.455302277664327	0.098143392468138	-0.047001224153948
1.000000000000000	0.446969699613753	0.121347955534191	-0.044430107228196
1.000000000000000	0.437160319754173	0.143988409807197	-0.041723358574042
1.000000000000000	0.425913636996120	0.165973590168606	-0.038891877312985
1.000000000000000	0.413274937761614	0.187214970056636	-0.035947064820710
1.000000000000000	0.399295113631724	0.207627017931489	-0.032900778817771
1.000000000000000	0.384030456424128	0.227127541680680	-0.029765285622734
1.000000000000000	0.367542431525836	0.245638019577657	-0.026553210760042
1.000000000000000	0.349897430393768	0.263083916461089	-0.023277488121485
1.000000000000000	0.331166503219788	0.279394983861646	-0.019951307885984
1.000000000000000	0.311425072836663	0.294505542867795	-0.016588063407391
1.000000000000000	0.290752631016931	0.308354748591597	-0.013201297284187
1.000000000000000	0.269232418387590	0.320886835169592	-0.009804646828210
1.000000000000000	0.246951089249473	0.332051340312253	-0.006411789152022
1.000000000000000	0.223998362650965	0.341803308497813	-0.003036386095995
1.000000000000000	0.200466661121054	0.350103471992285	0.000307970783091
1.000000000000000	0.176450738516434	0.356918408966768	0.003607814940454
1.000000000000000	0.152047298481164	0.362220678075354	0.006849859068331
1.000000000000000	0.127354605055225	0.365988928951748	0.010021048599280
1.000000000000000	0.102472086999909	0.368207988179649	0.013108614272310
1.000000000000000	0.077499937433296	0.368868920390751	0.016100123550193
1.000000000000000	0.052538710387927	0.367969064244311	0.018983530680902
1.000000000000000	0.027688915915202	0.365512043143432	0.021747225201602
1.000000000000000	0.003050615366885	0.361507750644898	0.024380078689886
1.000000000000000	-0.021276981516652	0.355972310621309	0.026871489574008
1.000000000000000	-0.045195916089033	0.348928012335943	0.029211425821663
1.000000000000000	-0.068609875242773	0.340403220691751	0.031390465335450
1.000000000000000	-0.091424579228172	0.330432262015915	0.033399833892324
1.000000000000000	-0.113548161284587	0.319055285839833	0.035231440474301
1.000000000000000	-0.134891537555458	0.306318103231134	0.036877909848129
1.000000000000000	-0.155368765797554	0.292272002328674	0.038332612262751
1.000000000000000	-0.174897391440054	0.276973541823303	0.039589690144972
1.000000000000000	-0.193398779600002	0.260484323215980	0.040644081685838
1.000000000000000	-0.210798431717228	0.242870742770270	0.041491541222754
1.000000000000000	-0.227026285533754	0.224203724158025	0.042128656335272
1.000000000000000	-0.242016997209783	0.204558432874787	0.042552861585697
1.000000000000000	-0.255710204440271	0.184013973574871	0.042762448849209
1.000000000000000	-0.268050769512635	0.162653071544840	0.042756574191869
1.000000000000000	-0.278989001326853	0.140561739597970	0.042535261268849
1.000000000000000	-0.288480855483990	0.117828931731014	0.042099401229178
1.000000000000000	-0.296488111637447	0.094546184937850	0.041450749127403
1.000000000000000	-0.302978527392805	0.070807250622313	0.040591916856600


2.000000000000000	nan	nan	nan
2.000000000000000	nan	nan	nan
2.000000000000000	nan	nan	nan
2.000000000000000	nan	nan	nan
2.000000000000000	nan	nan	nan
2.000000000000000	nan	nan	nan
2.000000000000000	nan	nan	nan
2.000000000000000	nan	nan	nan
2.000000000000000	nan	nan	nan
2.000000000000000	nan	nan	nan
2.000000000000000	nan	nan	nan
2.000000000000000	nan	nan	nan
2.000000000000000	nan	nan	nan
2.000000000000000	nan	nan	nan
2.000000000000000	nan	nan	nan
2.000000000000000	nan	nan	nan
2.000000000000000	nan	nan	nan
2.000000000000000	nan	nan	nan
2.000000000000000	nan	nan	nan
2.000000000000000	nan	nan	nan
2.000000000000000	nan	nan	nan
2.000000000000000	nan	nan	nan
2.000000000000000	nan	nan	nan
2.000000000000000	nan	nan	nan
2.000000000000000	nan	nan	nan
2.000000000000000	nan	nan	nan
2.000000000000000	nan	nan	nan
2.000000000000000	nan	nan	nan
2.000000000000000	nan	nan	nan
2.000000000000000	nan	nan	nan
2.000000000000000	nan	nan	nan
2.000000000000000	nan	nan	nan
2.000000000000000	nan	nan	nan
2.000000000000000	nan	nan	nan
2.000000000000000	nan	nan	nan
2.000000000000000	nan	nan	nan
2.000000000000000	nan	nan	nan
2.000000000000000	nan	nan	nan
2.000000000000000	nan	nan	nan
2.000000000000000	nan	nan	nan
2.000000000000000	nan	nan	nan
2.000000000000000	nan	nan	nan
2.000000000000000	nan	nan	nan
2.000000000000000	nan	nan	nan
2.000000000000000	nan	nan	nan
2.000000000000000	nan	nan	nan
2.000000000000000	nan	nan	nan
2.000000000000000	nan	nan	nan
2.000000000000000	nan	nan	nan
2.000000000000000	nan	nan	nan
2.000000000000000	nan	nan	nan
2.000000000000000	nan	nan	nan
2.000000000000000	nan	nan	nan
2.000000000000000	nan	nan	nan
2.000000000000000	nan	nan	nan
2.000000000000000	nan	nan	nan
2.000000000000000	nan	nan	nan
2.000000000000000	nan	nan	nan
2.000000000000000	nan	nan	nan
2.000000000000000	nan	nan	nan
2.000000000000000	nan	nan	nan
2.000000000000000	nan	nan	nan
2.000000000000000	nan	nan	nan
2.000000000000000	nan	nan	nan
2.000000000000000	nan	nan	nan
2.000000000000000	nan	nan	nan
2.000000000000000	nan	nan	nan
2.000000000000000	nan	nan	nan
2.000000000000000	nan	nan	nan
2.000000000000000	nan	nan	nan
2.000000000000000	nan	nan	nan
2.000000000000000	nan	nan	nan
2.000000000000000	nan	nan	nan
2.000000000000000	nan	nan	nan
2.000000000000000	nan	nan	nan
2.000000000000000	nan	nan	nan
2.000000000000000	nan	nan	nan
2.000000000000000	nan	nan	nan
2.000000000000000	nan	nan	nan
2.000000000000000	nan	nan	nan
2.000000000000000	nan	nan	nan
2.000000000000000	nan	nan	nan
2.000000000000000	nan	nan	nan
2.000000000000000	nan	nan	nan
2.000000000000000	nan	nan	nan
2.000000000000000	nan	nan	nan
2.000000000000000	nan	nan	nan
2.000000000000000	nan	nan	nan
2.000000000000000	nan	nan	nan
2.000000000000000	nan	nan	nan
2.000000000000000	nan	nan	nan
2.000000000000000	nan	nan	nan
2.000000000000000	nan	nan	nan
2.000000000000000	nan	nan	nan
2.000000000000000	nan	nan	nan
2.000000000000000	nan	nan	nan
2.000000000000000	nan	nan	nan
2.000000000000000	nan	nan	nan
2.000000000000000	nan	nan	nan
2.000000000000000	nan	nan	nan


3.000000000000000	nan	nan	nan
3.000000000000000	nan	nan	nan
3.000000000000000	nan	nan	nan
3.000000000000000	nan	nan	nan
3.000000000000000	nan	nan	nan
3.000000000000000	nan	nan	nan
3.000000000000000	nan	nan	nan
3.000000000000000	nan	nan	nan
3.000000000000000	nan	nan	nan
3.000000000000000	nan	nan	nan
3.000000000000000	nan	nan	nan
3.000000000000000	nan	nan	nan
3.000000000000000	nan	nan	nan
3.000000000000000	nan	nan	nan
3.000000000000000	nan	nan	nan
3.000000000000000	nan	nan	nan
3.000000000000000	nan	nan	nan
3.000000000000000	nan	nan	nan
3.000000000000000	nan	nan	nan
3.000000000000000	nan	nan	nan
3.000000000000000	nan	nan	nan
3.000000000000000	nan	nan	nan
3.000000000000000	nan	nan	nan
3.000000000000000	nan	nan	nan
3.000000000000000	nan	nan	nan
3.000000000000000	nan	nan	nan
3.000000000000000	nan	nan	nan
3.000000000000000	nan	nan	nan
3.000000000000000	nan	nan	nan
3.000000000000000	nan	nan	nan
3.000000000000000	nan	nan	nan
3.000000000000000	nan	nan	nan
3.000000000000000	nan	nan	nan
3.000000000000000	nan	nan	nan
3.000000000000000	nan	nan	nan
3.000000000000000	nan	nan	nan
3.000000000000000	nan	nan	nan
3.000000000000000	nan	nan	nan
3.000000000000000	nan	nan	nan
3.000000000000000	nan	nan	nan
3.000000000000000	nan	nan	nan
3.000000000000000	nan	nan	nan
3.000000000000000	nan	nan	nan
3.000000000000000	nan	nan	nan
3.000000000000000	nan	nan	nan
3.000000000000000	nan	nan	nan
3.000000000000000	nan	nan	nan
3.000000000000000	nan	nan	nan
3.000000000000000	nan	nan	nan
3.000000000000000	nan	nan	nan
3.000000000000000	nan	nan	nan
3.000000000000000	nan	nan	nan
3.000000000000000	nan	nan	nan
3.000000000000000	nan	nan	nan
3.000000000000000	nan	nan	nan
3.000000000000000	nan	nan	nan
3.000000000000000	nan	nan	nan
3.000000000000000	nan	nan	nan
3.000000000000000	nan	nan	nan
3.000000000000000	nan	nan	nan
3.000000000000000	nan	nan	nan
3.000000000000000	nan	nan	nan
3.000000000000000	nan	nan	nan
3.000000000000000	nan	nan	nan
3.000000000000000	nan	nan	nan
3.000000000000000	nan	nan	nan
3.000000000000000	nan	nan	nan
3.000000000000000	nan	nan	nan
3.000000000000000	nan	nan	nan
3.000000000000000	nan	nan	nan
3.000000000000000	nan	nan	nan
3.000000000000000	nan	nan	nan
3.000000000000000	nan	nan	nan
3.000000000000000	nan	nan	nan
3.000000000000000	nan	nan	nan
3.000000000000000	nan	nan	nan
3.000000000000000	nan	nan	nan
3.000000000000000	nan	nan	nan
3.000000000000000	nan	nan	nan
3.000000000000000	nan	nan	nan
3.000000000000000	nan	nan	nan
3.000000000000000	nan	nan	nan
3.000000000000000	nan	nan	nan
3.000000000000000	nan	nan	nan
3.000000000000000	nan	nan	nan
3.000000000000000	nan	nan	nan
3.000000000000000	nan	nan	nan
3.000000000000000	nan	nan	nan
3.000000000000000	nan	nan	nan
3.000000000000000	nan	nan	nan
3.000000000000000	nan	nan	nan
3.000000000000000	nan	nan	nan
3.000000000000000	nan	nan	nan
3.000000000000000	nan	nan	nan
3.000000000000000	nan	nan	nan
3.000000000000000	nan	nan	nan
3.000000000000000	nan	nan	nan
3.000000000000000	nan	nan	nan
3.000000000000000	nan	nan	nan
3.000000000000000	nan	nan	nan


4.000000000000000	nan	nan	nan
4.000000000000000	nan	nan	nan
4.000000000000000	nan	nan	nan
4.000000000000000	nan	nan	nan
4.000000000000000	nan	nan	nan
4.000000000000000	nan	nan	nan
4.000000000000000	nan	nan	nan
4.000000000000000	nan	nan	nan
4.000000000000000	nan	nan	nan
4.000000000000000	nan	nan	nan
4.000000000000000	nan	nan	nan
4.000000000000000	nan	nan	nan
4.000000000000000	nan	nan	nan
4.000000000000000	nan	nan	nan
4.000000000000000	nan	nan	nan
4.000000000000000	nan	nan	nan
4.000000000000000	nan	nan	nan
4.000000000000000	nan	nan	nan
4.000000000000000	nan	nan	nan
4.000000000000000	nan	nan	nan
4.000000000000000	nan	nan	nan
4.000000000000000	nan	nan	nan
4.000000000000000	nan	nan	nan
4.000000000000000	nan	nan	nan
4.000000000000000	nan	nan	nan
4.000000000000000	nan	nan	nan
4.000000000000000	nan	nan	nan
4.000000000000000	nan	nan	nan
4.000000000000000	nan	nan	nan
4.000000000000000	nan	nan	nan
4.000000000000000	nan	nan	nan
4.000000000000000	nan	nan	nan
4.000000000000000	nan	nan	nan
4.000000000000000	nan	nan	nan
4.000000000000000	nan	nan	nan
4.000000000000000	nan	nan	nan
4.000000000000000	nan	nan	nan
4.000000000000000	nan	nan	nan
4.000000000000000	nan	nan	nan
4.000000000000000	nan	nan	nan
4.000000000000000	nan	nan	nan
4.000000000000000	nan	nan	nan
4.000000000000000	nan	nan	nan
4.000000000000000	nan	nan	nan
4.000000000000000	nan	nan	nan
4.000000000000000	nan	nan	nan
4.000000000000000	nan	nan	nan
4.000000000000000	nan	nan	nan
4.000000000000000	nan	nan	nan
4.000000000000000	nan	nan	nan
4.000000000000000	nan	nan	nan
4.000000000000000	nan	nan	nan
4.000000000000000	nan	nan	nan
4.000000000000000	nan	nan	nan
4.000000000000000	nan	nan	nan
4.000000000000000	nan	nan	nan
4.000000000000000	nan	nan	nan
4.000000000000000	nan	nan	nan
4.000000000000000	nan	nan	nan
4.000000000000000	nan	nan	nan
4.000000000000000	nan	nan	nan
4.000000000000000	nan	nan	nan
4.000000000000000	nan	nan	nan
4.000000000000000	nan	nan	nan
4.000000000000000	nan	nan	nan
4.000000000000000	nan	nan	nan
4.000000000000000	nan	nan	nan
4.000000000000000	nan	nan	nan
4.000000000000000	nan	nan	nan
4.000000000000000	nan	nan	nan
4.000000000000000	nan	nan	nan
4.000000000000000	nan	nan	nan
4.000000000000000	nan	nan	nan
4.000000000000000	nan	nan	nan
4.000000000000000	nan	nan	nan
4.000000000000000	nan	nan	nan
4.000000000000000	nan	nan	nan
4.000000000000000	nan	nan	nan
4.000000000000000	nan	nan	nan
4.000000000000000	nan	nan	nan
4.000000000000000	nan	nan	nan
4.000000000000000	nan	nan	nan
4.000000000000000	nan	nan	nan
4.000000000000000	nan	nan	nan
4.000000000000000	nan	nan	nan
4.000000000000000	nan	nan	nan
4.000000000000000	nan	nan	nan
4.000000000000000	nan	nan	nan
4.000000000000000	nan	nan	nan
4.000000000000000	nan	nan	nan
4.000000000000000	nan	nan	nan
4.000000000000000	nan	nan	nan
4.000000000000000	nan	nan	nan
4.000000000000000	nan	nan	nan
4.000000000000000	nan	nan	nan
4.000000000000000	nan	nan	nan
4.000000000000000	nan	nan	nan
4.000000000000000	nan	nan	nan
4.000000000000000	nan	nan	nan
4.000000000000000	nan	nan	nan


5.000000000000000	nan	nan	nan
5.000000000000000	nan	nan	nan
5.000000000000000	nan	nan	nan
5.000000000000000	nan	nan	nan
5.000000000000000	nan	nan	nan
5.000000000000000	nan	nan	nan
5.000000000000000	nan	nan	nan
5.000000000000000	nan	nan	nan
5.000000000000000	nan	nan	nan
5.000000000000000	nan	nan	nan
5.000000000000000	nan	nan	nan
5.000000000000000	nan	nan	nan
5.000000000000000	nan	nan	nan
5.000000000000000	nan	nan	nan
5.000000000000000	nan	nan	nan
5.000000000000000	nan	nan	nan
5.000000000000000	nan	nan	nan
5.000000000000000	nan	nan	nan
5.000000000000000	nan	nan	nan
5.000000000000000	nan	nan	nan
5.000000000000000	nan	nan	nan
5.000000000000000	nan	nan	nan
5.000000000000000	nan	nan	nan
5.000000000000000	nan	nan	nan
5.000000000000000	nan	nan	nan
5.000000000000000	nan	nan	nan
5.000000000000000	nan	nan	nan
5.000000000000000	nan	nan	nan
5.000000000000000	nan	nan	nan
5.000000000000000	nan	nan	nan
5.000000000000000	nan	nan	nan
5.000000000000000	nan	nan	nan
5.000000000000000	nan	nan	nan
5.000000000000000	nan	nan	nan
5.000000000000000	nan	nan	nan
5.000000000000000	nan	nan	nan
5.000000000000000	nan	nan	nan
5.000000000000000	nan	nan	nan
5.000000000000000	nan	nan	nan
5.000000000000000	nan	nan	nan
5.000000000000000	nan	nan	nan
5.000000000000000	nan	nan	nan
5.000000000000000	nan	nan	nan
5.000000000000000	nan	nan	nan
5.000000000000000	nan	nan	nan
5.000000000000000	nan	nan	nan
5.000000000000000	nan	nan	nan
5.000000000000000	nan	nan	nan
5.000000000000000	nan	nan	nan
5.000000000000000	nan	nan	nan
5.000000000000000	nan	nan	nan
5.000000000000000	nan	nan	nan
5.000000000000000	nan	nan	nan
5.000000000000000	nan	nan	nan
5.000000000000000	nan	nan	nan
5.000000000000000	nan	nan	nan
5.000000000000000	nan	nan	nan
5.000000000000000	nan	nan	nan
5.000000000000000	nan	nan	nan
5.000000000000000	nan	nan	nan
5.000000000000000	nan	nan	nan
5.000000000000000	nan	nan	nan
5.000000000000000	nan	nan	nan
5.000000000000000	nan	nan	nan
5.000000000000000	nan	nan	nan
5.000000000000000	nan	nan	nan
5.000000000000000	nan	nan	nan
5.000000000000000	nan	nan	nan
5.000000000000000	nan	nan	nan
5.000000000000000	nan	nan	nan
5.000000000000000	nan	nan	nan
5.000000000000000	nan	nan	nan
5.000000000000000	nan	nan	nan
5.000000000000000	nan	nan	nan
5.000000000000000	nan	nan	nan
5.000000000000000	nan	nan	nan
5.000000000000000	nan	nan	nan
5.000000000000000	nan	nan	nan
5.000000000000000	nan	nan	nan
5.000000000000000	nan	nan	nan
5.000000000000000	nan	nan	nan
5.000000000000000	nan	nan	nan
5.000000000000000	nan	nan	nan
5.000000000000000	nan	nan	nan
5.000000000000000	nan	nan	nan
5.000000000000000	nan	nan	nan
5.000000000000000	nan	nan	nan
5.000000000000000	nan	nan	nan
5.000000000000000	nan	nan	nan
5.000000000000000	nan	nan	nan
5.000000000000000	nan	nan	nan
5.000000000000000	nan	nan	nan
5.000000000000000	nan	nan	nan
5.000000000000000	nan	nan	nan
5.000000000000000	nan	nan	nan
5.000000000000000	nan	nan	nan
5.000000000000000	nan	nan	nan
5.000000000000000	nan	nan	nan
5.000000000000000	nan	nan	nan
5.000000000000000	nan	nan	nan


6.000000000000000	nan	nan	nan
6.000000000000000	nan	nan	nan
6.000000000000000	nan	nan	nan
6.000000000000000	nan	nan	nan
6.000000000000000	nan	nan	nan
6.000000000000000	nan	nan	nan
6.000000000000000	nan	nan	nan
6.000000000000000	nan	nan	nan
6.000000000000000	nan	nan	nan
6.000000000000000	nan	nan	nan
6.000000000000000	nan	nan	nan
6.000000000000000	nan	nan	nan
6.000000000000000	nan	nan	nan
6.000000000000000	nan	nan	nan
6.000000000000000	nan	nan	nan
6.000000000000000	nan	nan	nan
6.000000000000000	nan	nan	nan
6.000000000000000	nan	nan	nan
6.000000000000000	nan	nan	nan
6.000000000000000	nan	nan	nan
6.000000000000000	nan	nan	nan
6.000000000000000	nan	nan	nan
6.000000000000000	nan	nan	nan
6.000000000000000	nan	nan	nan
6.000000000000000	nan	nan	nan
6.000000000000000	nan	nan	nan
6.000000000000000	nan	nan	nan
6.000000000000000	nan	nan	nan
6.000000000000000	nan	nan	nan
6.000000000000000	nan	nan	nan
6.000000000000000	nan	nan	nan
6.000000000000000	nan	nan	nan
6.000000000000000	nan	nan	nan
6.000000000000000	nan	nan	nan
6.000000000000000	nan	nan	nan
6.000000000000000	nan	nan	nan
6.000000000000000	nan	nan	nan
6.000000000000000	nan	nan	nan
6.000000000000000	nan	nan	nan
6.000000000000000	nan	nan	nan
6.000000000000000	nan	nan	nan
6.000000000000000	nan	nan	nan
6.000000000000000	nan	nan	nan
6.000000000000000	nan	nan	nan
6.000000000000000	nan	nan	nan
6.000000000000000	nan	nan	nan
6.000000000000000	nan	nan	nan
6.000000000000000	nan	nan	nan
6.000000000000000	nan	nan	nan
6.000000000000000	nan	nan	nan
6.000000000000000	nan	nan	nan
6.000000000000000	nan	nan	nan
6.000000000000000	nan	nan	nan
6.000000000000000	nan	nan	nan
6.000000000000000	nan	nan	nan
6.000000000000000	nan	nan	nan
6.000000000000000	nan	nan	nan
6.000000000000000	nan	nan	nan
6.000000000000000	nan	nan	nan
6.000000000000000	nan	nan	nan
6.000000000000000	nan	nan	nan
6.000000000000000	nan	nan	nan
6.000000000000000	nan	nan	nan
6.000000000000000	nan	nan	nan
6.000000000000000	nan	nan	nan
6.000000000000000	nan	nan	nan
6.000000000000000	nan	nan	nan
6.000000000000000	nan	nan	nan
6.000000000000000	nan	nan	nan
6.000000000000000	nan	nan	nan
6.000000000000000	nan	nan	nan
6.000000000000000	nan	nan	nan
6.000000000000000	nan	nan	nan
6.000000000000000	nan	nan	nan
6.000000000000000	nan	nan	nan
6.000000000000000	nan	nan	nan
6.000000000000000	nan	nan	nan
6.000000000000000	nan	nan	nan
6.000000000000000	nan	nan	nan
6.000000000000000	nan	nan	nan
6.000000000000000	nan	nan	nan
6.000000000000000	nan	nan	nan
6.000000000000000	nan	nan	nan
6.000000000000000	nan	nan	nan
6.000000000000000	nan	nan	nan
6.000000000000000	nan	nan	nan
6.000000000000000	nan	nan	nan
6.000000000000000	nan	nan	nan
6.000000000000000	nan	nan	nan
6.000000000000000	nan	nan	nan
6.000000000000000	nan	nan	nan
6.000000000000000	nan	nan	nan
6.000000000000000	nan	nan	nan
6.000000000000000	nan	nan	nan
6.000000000000000	nan	nan	nan
6.000000000000000	nan	nan	nan
6.000000000000000	nan	nan	nan
6.000000000000000	nan	nan	nan
6.000000000000000	nan	nan	nan
6.000000000000000	nan	nan	nan


7.000000000000000	nan	nan	nan
7.000000000000000	nan	nan	nan
7.000000000000000	nan	nan	nan
7.000000000000000	nan	nan	nan
7.000000000000000	nan	nan	nan
7.000000000000000	nan	nan	nan
7.000000000000000	nan	nan	nan
7.000000000000000	nan	nan	nan
7.000000000000000	nan	nan	nan
7.000000000000000	nan	nan	nan
7.000000000000000	nan	nan	nan
7.000000000000000	nan	nan	nan
7.000000000000000	nan	nan	nan
7.000000000000000	nan	nan	nan
7.000000000000000	nan	nan	nan
7.000000000000000	nan	nan	nan
7.000000000000000	nan	nan	nan
7.000000000000000	nan	nan	nan
7.000000000000000	nan	nan	nan
7.000000000000000	nan	nan	nan
7.000000000000000	nan	nan	nan
7.000000000000000	nan	nan	nan
7.000000000000000	nan	nan	nan
7.000000000000000	nan	nan	nan
7.000000000000000	nan	nan	nan
7.000000000000000	nan	nan	nan
7.000000000000000	nan	nan	nan
7.000000000000000	nan	nan	nan
7.000000000000000	nan	nan	nan
7.000000000000000	nan	nan	nan
7.000000000000000	nan	nan	nan
7.000000000000000	nan	nan	nan
7.000000000000000	nan	nan	nan
7.000000000000000	nan	nan	nan
7.000000000000000	nan	nan	nan
7.000000000000000	nan	nan	nan
7.000000000000000	nan	nan	nan
7.000000000000000	nan	nan	nan
7.000000000000000	nan	nan	nan
7.000000000000000	nan	nan	nan
7.000000000000000	nan	nan	nan
7.000000000000000	nan	nan	nan
7.000000000000000	nan	nan	nan
7.000000000000000	nan	nan	nan
7.000000000000000	nan	nan	nan
7.000000000000000	nan	nan	nan
7.000000000000000	nan	nan	nan
7.000000000000000	nan	nan	nan
7.000000000000000	nan	nan	nan
7.000000000000000	nan	nan	nan
7.000000000000000	nan	nan	nan
7.000000000000000	nan	nan	nan
7.000000000000000	nan	nan	nan
7.000000000000000	nan	nan	nan
7.000000000000000	nan	nan	nan
7.000000000000000	nan	nan	nan
7.000000000000000	nan	nan	nan
7.000000000000000	nan	nan	nan
7.000000000000000	nan	nan	nan
7.000000000000000	nan	nan	nan
7.000000000000000	nan	nan	nan
7.000000000000000	nan	nan	nan
7.000000000000000	nan	nan	nan
7.000000000000000	nan	nan	nan
7.000000000000000	nan	nan	nan
7.000000000000000	nan	nan	nan
7.000000000000000	nan	nan	nan
7.000000000000000	nan	nan	nan
7.000000000000000	nan	nan	nan
7.000000000000000	nan	nan	nan
7.000000000000000	nan	nan	nan
7.000000000000000	nan	nan	nan
7.000000000000000	nan	nan	nan
7.000000000000000	nan	nan	nan
7.000000000000000	nan	nan	nan
7.000000000000000	nan	nan	nan
7.000000000000000	nan	nan	nan
7.000000000000000	nan	nan	nan
7.000000000000000	nan	nan	nan
7.000000000000000	nan	nan	nan
7.000000000000000	nan	nan	nan
7.000000000000000	nan	nan	nan
7.000000000000000	nan	nan	nan
7.000000000000000	nan	nan	nan
7.000000000000000	nan	nan	nan
7.000000000000000	nan	nan	nan
7.000000000000000	nan	nan	nan
7.000000000000000	nan	nan	nan
7.000000000000000	nan	nan	nan
7.000000000000000	nan	nan	nan
7.000000000000000	nan	nan	nan
7.000000000000000	nan	nan	nan
7.000000000000000	nan	nan	nan
7.000000000000000	nan	nan	nan
7.000000000000000	nan	nan	nan
7.000000000000000	nan	nan	nan
7.000000000000000	nan	nan	nan
7.000000000000000	nan	nan	nan
7.000000000000000	nan	nan	nan
7.000000000000000	nan	nan	nan


8.000000000000000	nan	nan	nan
8.000000000000000	nan	nan	nan
8.000000000000000	nan	nan	nan
8.000000000000000	nan	nan	nan
8.000000000000000	nan	nan	nan
8.000000000000000	nan	nan	nan
8.000000000000000	nan	nan	nan
8.000000000000000	nan	nan	nan
8.000000000000000	nan	nan	nan
8.000000000000000	nan	nan	nan
8.000000000000000	nan	nan	nan
8.000000000000000	nan	nan	nan
8.000000000000000	nan	nan	nan
8.000000000000000	nan	nan	nan
8.000000000000000	nan	nan	nan
8.000000000000000	nan	nan	nan
8.000000000000000	nan	nan	nan
8.000000000000000	nan	nan	nan
8.000000000000000	nan	nan	nan
8.000000000000000	nan	nan	nan
8.000000000000000	nan	nan	nan
8.000000000000000	nan	nan	nan
8.000000000000000	nan	nan	nan
8.000000000000000	nan	nan	nan
8.000000000000000	nan	nan	nan
8.000000000000000	nan	nan	nan
8.000000000000000	nan	nan	nan
8.000000000000000	nan	nan	nan
8.000000000000000	nan	nan	nan
8.000000000000000	nan	nan	nan
8.000000000000000	nan	nan	nan
8.000000000000000	nan	nan	nan
8.000000000000000	nan	nan	nan
8.000000000000000	nan	nan	nan
8.000000000000000	nan	nan	nan
8.000000000000000	nan	nan	nan
8.000000000000000	nan	nan	nan
8.000000000000000	nan	nan	nan
8.000000000000000	nan	nan	nan
8.000000000000000	nan	nan	nan
8.000000000000000	nan	nan	nan
8.000000000000000	nan	nan	nan
8.000000000000000	nan	nan	nan
8.000000000000000	nan	nan	nan
8.000000000000000	nan	nan	nan
8.000000000000000	nan	nan	nan
8.000000000000000	nan	nan	nan
8.000000000000000	nan	nan	nan
8.000000000000000	nan	nan	nan
8.000000000000000	nan	nan	nan
8.000000000000000	nan	nan	nan
8.000000000000000	nan	nan	nan
8.000000000000000	nan	nan	nan
8.000000000000000	nan	nan	nan
8.000000000000000	nan	nan	nan
8.000000000000000	nan	nan	nan
8.000000000000000	nan	nan	nan
8.000000000000000	nan	nan	nan
8.000000000000000	nan	nan	nan
8.000000000000000	nan	nan	nan
8.000000000000000	nan	nan	nan
8.000000000000000	nan	nan	nan
8.000000000000000	nan	nan	nan
8.000000000000000	nan	nan	nan
8.000000000000000	nan	nan	nan
8.000000000000000	nan	nan	nan
8.000000000000000	nan	nan	nan
8.000000000000000	nan	nan	nan
8.000000000000000	nan	nan	nan
8.000000000000000	nan	nan	nan
8.000000000000000	nan	nan	nan
8.000000000000000	nan	nan	nan
8.000000000000000	nan	nan	nan
8.000000000000000	nan	nan	nan
8.000000000000000	nan	nan	nan
8.000000000000000	nan	nan	nan
8.000000000000000	nan	nan	nan
8.000000000000000	nan	nan	nan
8.000000000000000	nan	nan	nan
8.000000000000000	nan	nan	nan
8.000000000000000	nan	nan	nan
8.000000000000000	nan	nan	nan
8.000000000000000	nan	nan	nan
8.000000000000000	nan	nan	nan
8.000000000000000	nan	nan	nan
8.000000000000000	nan	nan	nan
8.000000000000000	nan	nan	nan
8.000000000000000	nan	nan	nan
8.000000000000000	nan	nan	nan
8.000000000000000	nan	nan	nan
8.000000000000000	nan	nan	nan
8.000000000000000	nan	nan	nan
8.000000000000000	nan	nan	nan
8.000000000000000	nan	nan	nan
8.000000000000000	nan	nan	nan
8.000000000000000	nan	nan	nan
8.000000000000000	nan	nan	nan
8.000000000000000	nan	nan	nan
8.000000000000000	nan	nan	nan
8.000000000000000	nan	nan	nan


9.000000000000000	nan	nan	nan
9.000000000000000	nan	nan	nan
9.000000000000000	nan	nan	nan
9.000000000000000	nan	nan	nan
9.000000000000000	nan	nan	nan
9.000000000000000	nan	nan	nan
9.000000000000000	nan	nan	nan
9.000000000000000	nan	nan	nan
9.000000000000000	nan	nan	nan
9.000000000000000	nan	nan	nan
9.000000000000000	nan	nan	nan
9.000000000000000	nan	nan	nan
9.000000000000000	nan	nan	nan
9.000000000000000	nan	nan	nan
9.000000000000000	nan	nan	nan
9.000000000000000	nan	nan	nan
9.000000000000000	nan	nan	nan
9.000000000000000	nan	nan	nan
9.000000000000000	nan	nan	nan
9.000000000000000	nan	nan	nan
9.000000000000000	nan	nan	nan
9.000000000000000	nan	nan	nan
9.000000000000000	nan	nan	nan
9.000000000000000	nan	nan	nan
9.000000000000000	nan	nan	nan
9.000000000000000	nan	nan	nan
9.000000000000000	nan	nan	nan
9.000000000000000	nan	nan	nan
9.000000000000000	nan	nan	nan
9.000000000000000	nan	nan	nan
9.000000000000000	nan	nan	nan
9.000000000000000	nan	nan	nan
9.000000000000000	nan	nan	nan
9.000000000000000	nan	nan	nan
9.000000000000000	nan	nan	nan
9.000000000000000	nan	nan	nan
9.000000000000000	nan	nan	nan
9.000000000000000	nan	nan	nan
9.000000000000000	nan	nan	nan
9.000000000000000	nan	nan	nan
9.000000000000000	nan	nan	nan
9.000000000000000	nan	nan	nan
9.000000000000000	nan	nan	nan
9.000000000000000	nan	nan	nan
9.000000000000000	nan	nan	nan
9.000000000000000	nan	nan	nan
9.000000000000000	nan	nan	nan
9.000000000000000	nan	nan	nan
9.000000000000000	nan	nan	nan
9.000000000000000	nan	nan	nan
9.000000000000000	nan	nan	nan
9.000000000000000	nan	nan	nan
9.000000000000000	nan	nan	nan
9.000000000000000	nan	nan	nan
9.000000000000000	nan	nan	nan
9.000000000000000	nan	nan	nan
9.000000000000000	nan	nan	nan
9.000000000000000	nan	nan	nan
9.000000000000000	nan	nan	nan
9.000000000000000	nan	nan	nan
9.000000000000000	nan	nan	nan
9.000000000000000	nan	nan	nan
9.000000000000000	nan	nan	nan
9.000000000000000	nan	nan	nan
9.000000000000000	nan	nan	nan
9.000000000000000	nan	nan	nan
9.000000000000000	nan	nan	nan
9.000000000000000	nan	nan	nan
9.000000000000000	nan	nan	nan
9.000000000000000	nan	nan	nan
9.000000000000000	nan	nan	nan
9.000000000000000	nan	nan	nan
9.000000000000000	nan	nan	nan
9.000000000000000	nan	nan	nan
9.000000000000000	nan	nan	nan
9.000000000000000	nan	nan	nan
9.000000000000000	nan	nan	nan
9.000000000000000	nan	nan	nan
9.000000000000000	nan	nan	nan
9.000000000000000	nan	nan	nan
9.000000000000000	nan	nan	nan
9.000000000000000	nan	nan	nan
9.000000000000000	nan	nan	nan
9.000000000000000	nan	nan	nan
9.000000000000000	nan	nan	nan
9.000000000000000	nan	nan	nan
9.000000000000000	nan	nan	nan
9.000000000000000	nan	nan	nan
9.000000000000000	nan	nan	nan
9.000000000000000	nan	nan	nan
9.000000000000000	nan	nan	nan
9.000000000000000	nan	nan	nan
9.000000000000000	nan	nan	nan
9.000000000000000	nan	nan	nan
9.000000000000000	nan	nan	nan
9.000000000000000	nan	nan	nan
9.000000000000000	nan	nan	nan
9.000000000000000	nan	nan	nan
9.000000000000000	nan	nan	nan
9.000000000000000	nan	nan	nan


10.000000000000000	0.859054788441059	0.432688980067327	0.065845037699136
10.000000000000000	0.810442425731499	0.521385866676462	0.064162598472847
10.000000000000000	0.755568925825748	0.606473397904707	0.061992025191773
10.000000000000000	0.694655244940667	0.687608956294919	0.059342057988425
10.000000000000000	0.627946660970075	0.764465837589750	0.056223367345441
10.000000000000000	0.555711785837244	0.836734566254384	0.052648511129320
10.000000000000000	0.478241483889484	0.904124141625285	0.048631884024320
10.000000000000000	0.395847700690079	0.966363209667166	0.044189659570148
10.000000000000000	0.308862206923599	1.023201155619913	0.039339725036828
10.000000000000000	0.217635262472456	1.074409113135774	0.034101609398969
10.000000000000000	0.122534206043971	1.119780885843360	0.028496404699487
10.000000000000000	0.023941976027058	1.159133777627665	0.022546681119382
10.000000000000000	-0.077744431465520	1.192309328282829	0.016276396095595
10.000000000000000	-0.182115561160373	1.219173951575469	0.009710797852859
10.000000000000000	-0.288751147355359	1.239619473149287	0.002876323738009
10.000000000000000	-0.397221806181239	1.253563566105023	-0.004199506233878
10.000000000000000	-0.507090764578962	1.260950082501827	-0.011488200192876
10.000000000000000	-0.617915619030625	1.261749279445193	-0.018960409140912
10.000000000000000	-0.729250116962294	1.255957938851101	-0.026586045129821
10.000000000000000	-0.840645953645614	1.243599380404108	-0.034334402414896
10.000000000000000	-0.951654577362729	1.224723367657201	-0.042174281096085
10.000000000000000	-1.061828995565731	1.199405907651543	-0.050074112748975
10.000000000000000	-1.170725574757892	1.167748944862936	-0.058002087539696
10.000000000000000	-1.277905826849175	1.129879950707402	-0.065926282311896
10.000000000000000	-1.382938174793008	1.085951410258780	-0.073814789130021
10.000000000000000	-1.485399690394736	1.036140208245152	-0.081635843761315
10.000000000000000	-1.584877797294183	0.980646916796474	-0.089357953579170
10.000000000000000	-1.680971932265043	0.919694987811397	-0.096950024372820
10.000000000000000	-1.773295158141616	0.853529853195342	-0.104381485552752
10.000000000000000	-1.861475721878202	0.782417936592835	-0.111622413247684
10.000000000000000	-1.945158551467416	0.706645580593526	-0.118643650797428
10.000000000000000	-2.024006685689836	0.626517893731645	-0.125416926156474
10.000000000000000	-2.097702630937904	0.542357521921615	-0.131914965735535
10.000000000000000	-2.165949639650632	0.454503349276837	-0.138111604222669
10.000000000000000	-2.228472905211290	0.363309133542969	-0.143981889941754
10.000000000000000	-2.285020668496662	0.269142081640341	-0.149502185324080
10.000000000000000	-2.335365231622179	0.172381371051291	-0.154650262088496
10.000000000000000	-2.379303874800934	0.073416623006270	-0.159405390746853
10.000000000000000	-2.416659672624717	-0.027353666383334	-0.163748424074337
10.000000000000000	-2.447282206480186	-0.129523730728397	-0.167661874208585
10.000000000000000	-2.471048170231540	-0.232682167240086	-0.171129983067134
10.000000000000000	-2.487861866730800	-0.336413593303699	-0.174138785799659
10.000000000000000	-2.497655593156452	-0.440300319077837	-0.176676167019492
10.000000000000000	-2.500389913628816	-0.543924029383980	-0.178731909588016
10.000000000000000	-2.496053818004410	-0.646867468114067	-0.180297735755468
10.000000000000000	-2.484664766209917	-0.748716118373579	-0.181367340492520
10.000000000000000	-2.466268617937217	-0.849059871594766	-0.181936416878406
10.000000000000000	-2.440939447982599	-0.947494678899110	-0.182002673443374
10.000000000000000	-2.408779247973698	-1.043624178059547	-0.181565843395619
10.000000000000000	-2.369917515685206	-1.137061289511266	-0.180627685695569
10.000000000000000	-2.324510733597045	-1.227429774984498	-0.179191977973164
10.000000000000000	-2.272741738794641	-1.314365752483234	-0.177264501316679
10.000000000000000	-2.214818986748521	-1.397519161509602	-0.174853016994318
10.000000000000000	-2.150975711937698	-1.476555172633926	-0.171967235202329
10.000000000000000	-2.081468988696752	-1.551155535734679	-0.168618775965469
10.000000000000000	-2.006578696068207	-1.621019861479386	-0.164821122347268
10.000000000000000	-1.926606390828417	-1.685866830886453	-0.160589566158488
10.000000000000000	-1.841874093224855	-1.745435328097410	-0.155941146382399
10.000000000000000	-1.752722990314236	-1.799485491798319	-0.150894580564810
10.000000000000000	-1.659512062122654	-1.847799681056625	-0.145470189445114
10.000000000000000	-1.562616636159719	-1.890183351684377	-0.139689815131844
10.000000000000000	-1.462426876107148	-1.926465839599009	-0.133576733152214
10.000000000000000	-1.359346210767321	-1.956501048027366	-0.127155558729780
10.000000000000000	-1.253789709597884	-1.980168035785849	-0.120452147667630
10.000000000000000	-1.146182411373534	-1.997371504267869	-0.113493492236181
10.000000000000000	-1.036957612704899	-2.008042181177706	-0.106307612484844
10.000000000000000	-0.926555123306002	-2.012137099465593	-0.098923443415165
10.000000000000000	-0.815419495035784	-2.009639770340861	-0.091370718469792
10.000000000000000	-0.703998231844661	-2.000560249666478	-0.083679849806391
10.000000000000000	-0.592739987834063	-1.984935097467639	-0.075881805838627
10.000000000000000	-0.482092760684716	-1.962827230717450	-0.068007986537287
10.000000000000000	-0.372502087728102	-1.934325669992479	-0.060090096993681
10.000000000000000	-0.264409251924873	-1.899545181018318	-0.052160019754433
10.000000000000000	-0.158249504974114	-1.858625812548509	-0.044249686441713
10.000000000000000	-0.054450314708374	-1.811732332437643	-0.036390949175868
10.000000000000000	0.046570356168421	-1.759053564179366	-0.028615452318176
10.000000000000000	0.144405733069269	-1.700801626580811	-0.020954505050170
10.000000000000000	0.238661867461777	-1.637211079635028	-0.013438955302613
10.000000000000000	0.328959223159862	-1.568537980030680	-0.006099065541774
10.000000000000000	0.414934204582015	-1.495058850102133	0.001035609086849
10.000000000000000	0.496240620822383	-1.417069564371607	0.007936339766666
10.000000000000000	0.572551079639362	-1.334884158166906	0.014575339690799
10.000000000000000	0.643558305748594	-1.248833563111990	0.020925875949747
10.000000000000000	0.708976378112095	-1.159264274582125	0.026962377175378
10.000000000000000	0.768541881241360	-1.066536956489297	0.032660536507801
10.000000000000000	0.822014965878560	-0.971024989015935	0.037997409470515
10.000000000000000	0.869180314784852	-0.873112965144704	0.042951506359715
10.000000000000000	0.909848009746908	-0.773195142038294	0.047502878775745
10.000000000000000	0.943854296310524	-0.671673853504979	0.051633199948265
10.000000000000000	0.971062243162016	-0.568957889942378	0.055325838531685
10.000000000000000	0.991362293502288	-0.465460852282799	0.058565925573722
10.000000000000000	1.004672706193396	-0.361599486568263	0.061340414387427
10.000000000000000	1.010939884901261	-0.257792005861279	0.063638133085585
10.000000000000000	1.010138593909187	-0.154456406248450	0.065449829565966
10.000000000000000	1.002272059733189	-0.052008783717763	0.066768208766268
10.000000000000000	0.987371958129948	0.049138341313102	0.067587962038766
10.000000000000000	0.965498286549725	0.148577685070894	0.067905788526359
10.000000000000000	0.936739122547795	0.245908840414796	0.067720408453956
10.000000000000000	0.901210269127228	0.340739889134662	0.067032568281680
10.000000000000000	0.859054788441060	0.432688980067326	0.065845037699136


11.000000000000000	nan	nan	nan
11.000000000000000	nan	nan	nan
11.000000000000000	nan	nan	nan
11.000000000000000	nan	nan	nan
11.000000000000000	nan	nan	nan
11.000000000000000	nan	nan	nan
11.000000000000000	nan	nan	nan
11.000000000000000	nan	nan	nan
11.000000000000000	nan	nan	nan
11.000000000000000	nan	nan	nan
11.000000000000000	nan	nan	nan
11.000000000000000	nan	nan	nan
11.000000000000000	nan	nan	nan
11.000000000000000	nan	nan	nan
11.000000000000000	nan	nan	nan
11.000000000000000	nan	nan	nan
11.000000000000000	nan	nan	nan
11.000000000000000	nan	nan	nan
11.000000000000000	nan	nan	nan
11.000000000000000	nan	nan	nan
11.000000000000000	nan	nan	nan
11.000000000000000	nan	nan	nan
11.000000000000000	nan	nan	nan
11.000000000000000	nan	nan	nan
11.000000000000000	nan	nan	nan
11.000000000000000	nan	nan	nan
11.000000000000000	nan	nan	nan
11.000000000000000	nan	nan	nan
11.000000000000000	nan	nan	nan
11.000000000000000	nan	nan	nan
11.000000000000000	nan	nan	nan
11.000000000000000	nan	nan	nan
11.000000000000000	nan	nan	nan
11.000000000000000	nan	nan	nan
11.000000000000000	nan	nan	nan
11.000000000000000	nan	nan	nan
11.000000000000000	nan	nan	nan
11.000000000000000	nan	nan	nan
11.000000000000000	nan	nan	nan
11.000000000000000	nan	nan	nan
11.000000000000000	nan	nan	nan
11.000000000000000	nan	nan	nan
11.000000000000000	nan	nan	nan
11.000000000000000	nan	nan	nan
11.000000000000000	nan	nan	nan
11.000000000000000	nan	nan	nan
11.000000000000000	nan	nan	nan
11.000000000000000	nan	nan	nan
11.000000000000000	nan	nan	nan
11.000000000000000	nan	nan	nan
11.000000000000000	nan	nan	nan
11.000000000000000	nan	nan	nan
11.000000000000000	nan	nan	nan
11.000000000000000	nan	nan	nan
11.000000000000000	nan	nan	nan
11.000000000000000	nan	nan	nan
11.000000000000000	nan	nan	nan
11.000000000000000	nan	nan	nan
11.000000000000000	nan	nan	nan
11.000000000000000	nan	nan	nan
11.000000000000000	nan	nan	nan
11.000000000000000	nan	nan	nan
11.000000000000000	nan	nan	nan
11.000000000000000	nan	nan	nan
11.000000000000000	nan	nan	nan
11.000000000000000	nan	nan	nan
11.000000000000000	nan	nan	nan
11.000000000000000	nan	nan	nan
11.000000000000000	nan	nan	nan
11.000000000000000	nan	nan	nan
11.000000000000000	nan	nan	nan
11.000000000000000	nan	nan	nan
11.000000000000000	nan	nan	nan
11.000000000000000	nan	nan	nan
11.000000000000000	nan	nan	nan
11.000000000000000	nan	nan	nan
11.000000000000000	nan	nan	nan
11.000000000000000	nan	nan	nan
11.000000000000000	nan	nan	nan
11.000000000000000	nan	nan	nan
11.000000000000000	nan	nan	nan
11.000000000000000	nan	nan	nan
11.000000000000000	nan	nan	nan
11.000000000000000	nan	nan	nan
11.000000000000000	nan	nan	nan
11.000000000000000	nan	nan	nan
11.000000000000000	nan	nan	nan
11.000000000000000	nan	nan	nan
11.000000000000000	nan	nan	nan
11.000000000000000	nan	nan	nan
11.000000000000000	nan	nan	nan
11.000000000000000	nan	nan	nan
11.000000000000000	nan	nan	nan
11.000000000000000	nan	nan	nan
11.000000000000000	nan	nan	nan
11.000000000000000	nan	nan	nan
11.000000000000000	nan	nan	nan
11.000000000000000	nan	nan	nan
11.000000000000000	nan	nan	nan
11.000000000000000	nan	nan	nan


12.000000000000000	nan	nan	nan
12.000000000000000	nan	nan	nan
12.000000000000000	nan	nan	nan
12.000000000000000	nan	nan	nan
12.000000000000000	nan	nan	nan
12.000000000000000	nan	nan	nan
12.000000000000000	nan	nan	nan
12.000000000000000	nan	nan	nan
12.000000000000000	nan	nan	nan
12.000000000000000	nan	nan	nan
12.000000000000000	nan	nan	nan
12.000000000000000	nan	nan	nan
12.000000000000000	nan	nan	nan
12.000000000000000	nan	nan	nan
12.000000000000000	nan	nan	nan
12.000000000000000	nan	nan	nan
12.000000000000000	nan	nan	nan
12.000000000000000	nan	nan	nan
12.000000000000000	nan	nan	nan
12.000000000000000	nan	nan	nan
12.000000000000000	nan	nan	nan
12.000000000000000	nan	nan	nan
12.000000000000000	nan	nan	nan
12.000000000000000	nan	nan	nan
12.000000000000000	nan	nan	nan
12.000000000000000	nan	nan	nan
12.000000000000000	nan	nan	nan
12.000000000000000	nan	nan	nan
12.000000000000000	nan	nan	nan
12.000000000000000	nan	nan	nan
12.000000000000000	nan	nan	nan
12.000000000000000	nan	nan	nan
12.000000000000000	nan	nan	nan
12.000000000000000	nan	nan	nan
12.000000000000000	nan	nan	nan
12.000000000000000	nan	nan	nan
12.000000000000000	nan	nan	nan
12.000000000000000	nan	nan	nan
12.000000000000000	nan	nan	nan
12.000000000000000	nan	nan	nan
12.000000000000000	nan	nan	nan
12.000000000000000	nan	nan	nan
12.000000000000000	nan	nan	nan
12.000000000000000	nan	nan	nan
12.000000000000000	nan	nan	nan
12.000000000000000	nan	nan	nan
12.000000000000000	nan	nan	nan
12.000000000000000	nan	nan	nan
12.000000000000000	nan	nan	nan
12.000000000000000	nan	nan	nan
12.000000000000000	nan	nan	nan
12.000000000000000	nan	nan	nan
12.000000000000000	nan	nan	nan
12.000000000000000	nan	nan	nan
12.000000000000000	nan	nan	nan
12.000000000000000	nan	nan	nan
12.000000000000000	nan	nan	nan
12.000000000000000	nan	nan	nan
12.000000000000000	nan	nan	nan
12.000000000000000	nan	nan	nan
12.000000000000000	nan	nan	nan
12.000000000000000	nan	nan	nan
12.000000000000000	nan	nan	nan
12.000000000000000	nan	nan	nan
12.000000000000000	nan	nan	nan
12.000000000000000	nan	nan	nan
12.000000000000000	nan	nan	nan
12.000000000000000	nan	nan	nan
12.000000000000000	nan	nan	nan
12.000000000000000	nan	nan	nan
12.000000000000000	nan	nan	nan
12.000000000000000	nan	nan	nan
12.000000000000000	nan	nan	nan
12.000000000000000	nan	nan	nan
12.000000000000000	nan	nan	nan
12.000000000000000	nan	nan	nan
12.000000000000000	nan	nan	nan
12.000000000000000	nan	nan	nan
12.000000000000000	nan	nan	nan
12.000000000000000	nan	nan	nan
12.000000000000000	nan	nan	nan
12.000000000000000	nan	nan	nan
12.000000000000000	nan	nan	nan
12.000000000000000	nan	nan	nan
12.000000000000000	nan	nan	nan
12.000000000000000	nan	nan	nan
12.000000000000000	nan	nan	nan
12.000000000000000	nan	nan	nan
12.000000000000000	nan	nan	nan
12.000000000000000	nan	nan	nan
12.000000000000000	nan	nan	nan
12.000000000000000	nan	nan	nan
12.000000000000000	nan	nan	nan
12.000000000000000	nan	nan	nan
12.000000000000000	nan	nan	nan
12.000000000000000	nan	nan	nan
12.000000000000000	nan	nan	nan
12.000000000000000	nan	nan	nan
12.000000000000000	nan	nan	nan
12.000000000000000	nan	nan	nan


13.000000000000000	-0.380655031043559	-0.426768587348455	0.012805720072590
13.000000000000000	-0.352022605032674	-0.450716202565025	0.012906102892752
13.000000000000000	-0.321928604180704	-0.472799495774797	0.012953033675116
13.000000000000000	-0.290494206407590	-0.492929545350178	0.012946323445986
13.000000000000000	-0.257845986938589	-0.511025294686302	0.012885999225085
13.000000000000000	-0.224115408630517	-0.527013878587374	0.012772303916760
13.000000000000000	-0.189438292617224	-0.540830916669096	0.012605695331890
13.000000000000000	-0.153954271405822	-0.552420772595751	0.012386844344443
13.000000000000000	-0.117806226625867	-0.561736778108089	0.012116632190103
13.000000000000000	-0.081139713695459	-0.568741420939938	0.011796146917845
13.000000000000000	-0.044102375720952	-0.573406495866860	0.011426679008748
13.000000000000000	-0.006843348990273	-0.575713218278632	0.011009716179681
13.000000000000000	0.030487337546277	-0.575652299818246	0.010546937392791
13.000000000000000	0.067739366389646	-0.573223985782841	0.010040206094919
13.000000000000000	0.104762736767556	-0.568438054135980	0.009491562714153
13.000000000000000	0.141408368634661	-0.561313776135239	0.008903216443747
13.000000000000000	0.177528702965281	-0.551879838733657	0.008277536346480
13.000000000000000	0.212978295921512	-0.540174229067503	0.007617041815273
13.000000000000000	0.247614404504233	-0.526244081495479	0.006924392428486
13.000000000000000	0.281297561328780	-0.510145487805299	0.006202377240733
13.000000000000000	0.313892136210882	-0.491943271351854	0.005453903552344
13.000000000000000	0.345266882301539	-0.471710726036445	0.004681985202694
13.000000000000000	0.375295464571766	-0.449529321178106	0.003889730434533
13.000000000000000	0.403856968519161	-0.425488373465412	0.003080329378190
13.000000000000000	0.430836387047934	-0.399684687309700	0.002257041206047
13.000000000000000	0.456125083561887	-0.372222165047869	0.001423181008998
13.000000000000000	0.479621229405645	-0.343211388564340	0.000582106447751
13.000000000000000	0.501230213892715	-0.312769174016841	-0.000262795767288
13.000000000000000	0.520865025269323	-0.281018101458963	-0.001108123513101
13.000000000000000	0.538446601080039	-0.248086021253556	-0.001950472953210
13.000000000000000	0.553904146524383	-0.214105539264432	-0.002786452243721
13.000000000000000	0.567175419522494	-0.179213482899364	-0.003612695191085
13.000000000000000	0.578206981342021	-0.143550350154398	-0.004425874806571
13.000000000000000	0.586954411777038	-0.107259743878020	-0.005222716702872
13.000000000000000	0.593382488012535	-0.070487793533159	-0.006000012278915
13.000000000000000	0.597465326454260	-0.033382566785425	-0.006754631639754
13.000000000000000	0.599186486952822	0.003906526713127	-0.007483536199563
13.000000000000000	0.598539039002365	0.041229336943934	-0.008183790916941
13.000000000000000	0.595525589647273	0.078435578123048	-0.008852576113292
13.000000000000000	0.590158272984522	0.115375433848952	-0.009487198826675
13.000000000000000	0.582458701303950	0.151900160360330	-0.010085103655407
13.000000000000000	0.572457878063199	0.187862685474695	-0.010643883047771
13.000000000000000	0.560196073047733	0.223118200796161	-0.011161286996371
13.000000000000000	0.545722660218620	0.257524744807742	-0.011635232098122
13.000000000000000	0.529095918901023	0.290943774500280	-0.012063809943373
13.000000000000000	0.510382799113922	0.323240723236241	-0.012445294800406
13.000000000000000	0.489658651986022	0.354285542602071	-0.012778150564345
13.000000000000000	0.467006926343348	0.383953226067260	-0.013061036942508
13.000000000000000	0.442518832690277	0.412124312341519	-0.013292814851292
13.000000000000000	0.416292975937030	0.438685366403229	-0.013472551002864
13.000000000000000	0.388434958352501	0.463529436262243	-0.013599521663177
13.000000000000000	0.359056954341187	0.486556483617798	-0.013673215566197
13.000000000000000	0.328277258756460	0.507673786677447	-0.013693335972586
13.000000000000000	0.296219810568936	0.526796313514988	-0.013659801864568
13.000000000000000	0.263013693807992	0.543847064464024	-0.013572748272161
13.000000000000000	0.228792617785930	0.558757382168438	-0.013432525729457
13.000000000000000	0.193694378697777	0.571467228041340	-0.013239698863144
13.000000000000000	0.157860304764636	0.581925424019260	-0.012995044118955
13.000000000000000	0.121434687154821	0.590089858638149	-0.012699546635197
13.000000000000000	0.084564198974254	0.595927656601384	-0.012354396275943
13.000000000000000	0.047397304665628	0.599415311156982	-0.011960982839870
13.000000000000000	0.010083662194500	0.600538778750993	-0.011520890464032
13.000000000000000	-0.027226479570516	0.599293535575936	-0.011035891245100
13.000000000000000	-0.064382885856914	0.595684595786578	-0.010507938103751
13.000000000000000	-0.101235940930701	0.589726491309696	-0.009939156920947
13.000000000000000	-0.137637250546151	0.581443213329143	-0.009331837977763
13.000000000000000	-0.173440239477059	0.570868115681816	-0.008688426733234
13.000000000000000	-0.208500741723440	0.558043780553526	-0.008011513977354
13.000000000000000	-0.242677581017135	0.543021847015565	-0.007303825398878
13.000000000000000	-0.275833139288811	0.525862803092392	-0.006568210609939
13.000000000000000	-0.307833910807356	0.506635742197709	-0.005807631671660
13.000000000000000	-0.338551039760336	0.485418084919667	-0.005025151166984
13.000000000000000	-0.367860839110877	0.462295267275486	-0.004223919868732
13.000000000000000	-0.395645288641707	0.437360396690762	-0.003407164052552
13.000000000000000	-0.421792510180912	0.410713877088735	-0.002578172505848
13.000000000000000	-0.446197218095853	0.382463004599119	-0.001740283284989
13.000000000000000	-0.468761143241247	0.352721535514459	-0.000896870274142
13.000000000000000	-0.489393428654329	0.321609228233694	-0.000051329599824
13.000000000000000	-0.508010995403778	0.289251361037347	0.000792934044100
13.000000000000000	-0.524538877119248	0.255778227636112	0.001632521105911
13.000000000000000	-0.538910521854483	0.221324612524061	0.002464050864839
13.000000000000000	-0.551068060068517	0.186029248249061	0.003284175044029
13.000000000000000	-0.560962537645890	0.150034256785770	0.004089591292868
13.000000000000000	-0.568554113017592	0.113484577260601	0.004877056484388
13.000000000000000	-0.573812217588999	0.076527382333022	0.005643399774195
13.000000000000000	-0.576715678828819	0.039311485583193	0.006385535368337
13.000000000000000	-0.577252805523397	0.001986742292208	0.007100474948708
13.000000000000000	-0.575421434853110	-0.035296553972237	0.007785339705951
13.000000000000000	-0.571228941101275	-0.072388276534990	0.008437371931408
13.000000000000000	-0.564692205960518	-0.109139070120587	0.009053946121438
13.000000000000000	-0.555837550556149	-0.145400952254218	0.009632579549393
13.000000000000000	-0.544700629460287	-0.181027909134939	0.010170942262684
13.000000000000000	-0.531326287123478	-0.215876483581703	0.010666866464676
13.000000000000000	-0.515768377301922	-0.249806352684800	0.011118355243641
13.000000000000000	-0.498089546207402	-0.282680892836688	0.011523590613617
13.000000000000000	-0.478360980253103	-0.314367729867039	0.011880940834794
13.000000000000000	-0.456662119411049	-0.344739272066804	0.012188966983956
13.000000000000000	-0.433080337335372	-0.373673223954990	0.012446428748516
13.000000000000000	-0.407710589539449	-0.401053078719403	0.012652289420817
13.000000000000000	-0.380655031043559	-0.426768587348455	0.012805720072590


14.000000000000000	0.937321171432715	1.240370092663139	-0.077927392354153
14.000000000000000	0.832847292999379	1.314316572866274	-0.073631390834541
14.000000000000000	0.723735023371591	1.381270558435564	-0.068932084705878
14.000000000000000	0.610423719148647	1.440962449302117	-0.063848396415354
14.000000000000000	0.493369644960134	1.493151887289291	-0.058400796181458
14.000000000000000	0.373044136249302	1.537628723950251	-0.052611219567636
14.000000000000000	0.249931701371592	1.574213866761585	-0.046502979155517
14.000000000000000	0.124528070650490	1.602760000265689	-0.040100670673374
14.000000000000000	-0.002661799753521	1.623152179258123	-0.033430073957812
14.000000000000000	-0.131125761123196	1.635308291631377	-0.026518049147457
14.000000000000000	-0.260346534426654	1.639179389011347	-0.019392428526665
14.000000000000000	-0.389803793217469	1.634749883855164	-0.012081904454732
14.000000000000000	-0.518976258805623	1.622037612216726	-0.004615913831893
14.000000000000000	-0.647343799262809	1.601093761927205	0.002975480432690
14.000000000000000	-0.774389523810129	1.572002666479713	0.010661710473648
14.000000000000000	-0.899601864154829	1.534881465448098	0.018411826555414
14.000000000000000	-1.022476634395255	1.489879632807217	0.026194621695881
14.000000000000000	-1.142519061199535	1.437178375053998	0.033978757325908
14.000000000000000	-1.259245776083152	1.376989901552834	0.041732889478675
14.000000000000000	-1.372186761763240	1.309556570043367	0.049425795000774
14.000000000000000	-1.480887244752279	1.235149910751410	0.057026497276833
14.000000000000000	-1.584909526570431	1.154069533032567	0.064504390961405
14.000000000000000	-1.683834746202832	1.066641918951097	0.071829365215899
14.000000000000000	-1.777264566705061	0.973219108651874	0.078971924954296
14.000000000000000	-1.864822779165430	0.874177282818975	0.085903309609451
14.000000000000000	-1.946156817565484	0.769915247928833	0.092595608941747
14.000000000000000	-2.020939178438930	0.660852830397316	0.099021875423779
14.000000000000000	-2.088868739612498	0.547429186086921	0.105156232748533
14.000000000000000	-2.149671972718658	0.430101031981120	0.110973980024147
14.000000000000000	-2.203104044597813	0.309340807146254	0.116451691235679
14.000000000000000	-2.248949803155023	0.185634770386165	0.121567309573404
14.000000000000000	-2.287024643701553	0.059481042249611	0.126300236247801
14.000000000000000	-2.317175252292799	-0.068612400725374	0.130631413433611
14.000000000000000	-2.339280223069435	-0.198129771453713	0.134543401008968
14.000000000000000	-2.353250547115953	-0.328549549195831	0.138020446780617
14.000000000000000	-2.359029970868160	-0.459346579537609	0.141048549912437
14.000000000000000	-2.356595222626413	-0.589994189001858	0.143615517301868
14.000000000000000	-2.345956106262556	-0.719966305776524	0.145711012677226
14.000000000000000	-2.327155461743175	-0.848739578020205	0.147326598218228
14.000000000000000	-2.300268992628178	-0.975795481215299	0.148455768532110
14.000000000000000	-2.265404961239282	-1.100622406083229	0.149093976848552
14.000000000000000	-2.222703752725845	-1.222717718654438	0.149238653327916
14.000000000000000	-2.172337309783427	-1.341589784197980	0.148889215409082
14.000000000000000	-2.114508440301233	-1.456759946861068	0.148047070155216
14.000000000000000	-2.049450000726330	-1.567764457047246	0.146715608588027
14.000000000000000	-1.977423958432915	-1.674156338772347	0.144900192033314
14.000000000000000	-1.898720336872161	-1.775507189479015	0.142608130532804
14.000000000000000	-1.813656047750140	-1.871408905062606	0.139848653409189
14.000000000000000	-1.722573614936236	-1.961475323162377	0.136632872102907
14.000000000000000	-1.625839795240414	-2.045343778101020	0.132973735430288
14.000000000000000	-1.523844101612988	-2.122676561211349	0.128885977443243
14.000000000000000	-1.416997234713453	-2.193162280669899	0.124386058100437
14.000000000000000	-1.305729429163877	-2.256517115361909	0.119492096988846
14.000000000000000	-1.190488721145929	-2.312485957728766	0.114223800362572
14.000000000000000	-1.071739144317309	-2.360843440996114	0.108602381792717
14.000000000000000	-0.949958861311982	-2.401394846646308	0.102650476747817
14.000000000000000	-0.825638238348017	-2.433976888481161	0.096392051448800
14.000000000000000	-0.699277870695902	-2.458458370117830	0.089852306365473
14.000000000000000	-0.571386566958068	-2.474740713270354	0.083057574743125
14.000000000000000	-0.442479300276228	-2.482758354689607	0.076035216567840
14.000000000000000	-0.313075134716292	-2.482479010163372	0.068813508397493
14.000000000000000	-0.183695135180579	-2.473903804513461	0.061421529502029
14.000000000000000	-0.054860269263351	-2.457067267066463	0.053889044771506
14.000000000000000	0.072910690501803	-2.432037192616324	0.046246384863392
14.000000000000000	0.199103255555875	-2.398914368438648	0.038524324071707
14.000000000000000	0.323209292978271	-2.357832168455904	0.030753956409806
14.000000000000000	0.444729071558745	-2.308956016187714	0.022966570405760
14.000000000000000	0.563173274038600	-2.252482718648730	0.015193523114499
14.000000000000000	0.678064967418592	-2.188639673876243	0.007466113854015
14.000000000000000	0.788941523399790	-2.117683955278546	-0.000184541825940
14.000000000000000	0.895356481224447	-2.039901276491054	-0.007727637435194
14.000000000000000	0.996881345415897	-1.955604840908333	-0.015132799590017
14.000000000000000	1.093107311178610	-1.865134080524573	-0.022370210316019
14.000000000000000	1.183646910510815	-1.768853289160747	-0.029410727114603
14.000000000000000	1.268135572401391	-1.667150155581971	-0.036226000309530
14.000000000000000	1.346233090828647	-1.560434202411683	-0.042788587201050
14.000000000000000	1.417624994649911	-1.449135137128566	-0.049072062567977
14.000000000000000	1.482023813865823	-1.333701121786205	-0.055051125072720
14.000000000000000	1.539170237160563	-1.214596968422665	-0.060701699140847
14.000000000000000	1.588834156056995	-1.092302267426476	-0.066001031904919
14.000000000000000	1.630815591482294	-0.967309456395394	-0.070927784822263
14.000000000000000	1.664945499013090	-0.840121837264007	-0.075462119597747
14.000000000000000	1.691086449557693	-0.711251549684483	-0.079585778065595
14.000000000000000	1.709133182734547	-0.581217508820937	-0.083282155708577
14.000000000000000	1.719013030718630	-0.450543315861222	-0.086536368518537
14.000000000000000	1.720686210849141	-0.319755149659744	-0.089335312929045
14.000000000000000	1.714145985820232	-0.189379648000931	-0.091667718578830
14.000000000000000	1.699418690809765	-0.059941787014740	-0.093524193693547
14.000000000000000	1.676563627436839	0.068037232716924	-0.094897262903141
14.000000000000000	1.645672824975103	0.194042084851000	-0.095781397342521
14.000000000000000	1.606870669783356	0.317565392320569	-0.096173036914349
14.000000000000000	1.560313404445576	0.438109770363233	-0.096070604624297
14.000000000000000	1.506188498637182	0.555189829314004	-0.095474512931044
14.000000000000000	1.444713894250814	0.668334129098163	-0.094387162085451
14.000000000000000	1.376137127821260	0.777087077554054	-0.092812930465601
14.000000000000000	1.300734333783188	0.881010764941921	-0.090758156946610
14.000000000000000	1.218809132575243	0.979686727251873	-0.088231115376221
14.000000000000000	1.130691408067701	1.072717631210750	-0.085241981258934
14.000000000000000	1.036735979236552	1.159728874202990	-0.081802790782842
14.000000000000000	0.937321171432715	1.240370092663139	-0.077927392354153


15.000000000000000	nan	nan	nan
15.000000000000000	nan	nan	nan
15.000000000000000	nan	nan	nan
15.000000000000000	nan	nan	nan
15.000000000000000	nan	nan	nan
15.000000000000000	nan	nan	nan
15.000000000000000	nan	nan	nan
15.000000000000000	nan	nan	nan
15.000000000000000	nan	nan	nan
15.000000000000000	nan	nan	nan
15.000000000000000	nan	nan	nan
15.000000000000000	nan	nan	nan
15.000000000000000	nan	nan	nan
15.000000000000000	nan	nan	nan
15.000000000000000	nan	nan	nan
15.000000000000000	nan	nan	nan
15.000000000000000	nan	nan	nan
15.000000000000000	nan	nan	nan
15.000000000000000	nan	nan	nan
15.000000000000000	nan	nan	nan
15.000000000000000	nan	nan	nan
15.000000000000000	nan	nan	nan
15.000000000000000	nan	nan	nan
15.000000000000000	nan	nan	nan
15.000000000000000	nan	nan	nan
15.000000000000000	nan	nan	nan
15.000000000000000	nan	nan	nan
15.000000000000000	nan	nan	nan
15.000000000000000	nan	nan	nan
15.000000000000000	nan	nan	nan
15.000000000000000	nan	nan	nan
15.000000000000000	nan	nan	nan
15.000000000000000	nan	nan	nan
15.000000000000000	nan	nan	nan
15.000000000000000	nan	nan	nan
15.000000000000000	nan	nan	nan
15.000000000000000	nan	nan	nan
15.000000000000000	nan	nan	nan
15.000000000000000	nan	nan	nan
15.000000000000000	nan	nan	nan
15.000000000000000	nan	nan	nan
15.000000000000000	nan	nan	nan
15.000000000000000	nan	nan	nan
15.000000000000000	nan	nan	nan
15.000000000000000	nan	nan	nan
15.000000000000000	nan	nan	nan
15.000000000000000	nan	nan	nan
15.000000000000000	nan	nan	nan
15.000000000000000	nan	nan	nan
15.000000000000000	nan	nan	nan
15.000000000000000	nan	nan	nan
15.000000000000000	nan	nan	nan
15.000000000000000	nan	nan	nan
15.000000000000000	nan	nan	nan
15.000000000000000	nan	nan	nan
15.000000000000000	nan	nan	nan
15.000000000000000	nan	nan	nan
15.000000000000000	nan	nan	nan
15.000000000000000	nan	nan	nan
15.000000000000000	nan	nan	nan
15.000000000000000	nan	nan	nan
15.000000000000000	nan	nan	nan
15.000000000000000	nan	nan	nan
15.000000000000000	nan	nan	nan
15.000000000000000	nan	nan	nan
15.000000000000000	nan	nan	nan
15.000000000000000	nan	nan	nan
15.000000000000000	nan	nan	nan
15.000000000000000	nan	nan	nan
15.000000000000000	nan	nan	nan
15.000000000000000	nan	nan	nan
15.000000000000000	nan	nan	nan
15.000000000000000	nan	nan	nan
15.000000000000000	nan	nan	nan
15.000000000000000	nan	nan	nan
15.000000000000000	nan	nan	nan
15.000000000000000	nan	nan	nan
15.000000000000000	nan	nan	nan
15.000000000000000	nan	nan	nan
15.000000000000000	nan	nan	nan
15.000000000000000	nan	nan	nan
15.000000000000000	nan	nan	nan
15.000000000000000	nan	nan	nan
15.000000000000000	nan	nan	nan
15.000000000000000	nan	nan	nan
15.000000000000000	nan	nan	nan
15.000000000000000	nan	nan	nan
15.000000000000000	nan	nan	nan
15.000000000000000	nan	nan	nan
15.000000000000000	nan	nan	nan
15.000000000000000	nan	nan	nan
15.000000000000000	nan	nan	nan
15.000000000000000	nan	nan	nan
15.000000000000000	nan	nan	nan
15.000000000000000	nan	nan	nan
15.000000000000000	nan	nan	nan
15.000000000000000	nan	nan	nan
15.000000000000000	nan	nan	nan
15.000000000000000	nan	nan	nan
15.000000000000000	nan	nan	nan


16.000000000000000	-0.796101705912533	0.103104252635386	-0.047552218875605
16.000000000000000	-0.801561493375338	0.046457240345007	-0.048251207282765
16.000000000000000	-0.803402664752793	-0.010427479222064	-0.048732549507050
16.000000000000000	-0.801617806297591	-0.067320851377238	-0.048994307353210
16.000000000000000	-0.796214105004778	-0.123993786591008	-0.049035426814784
16.000000000000000	-0.787213319672256	-0.180218082955626	-0.048855742318214
16.000000000000000	-0.774651693285789	-0.235767345073648	-0.048455977389547
16.000000000000000	-0.758579807081286	-0.290417895672291	-0.047837741741059
16.000000000000000	-0.739062376872022	-0.343949676272864	-0.047003524789502
16.000000000000000	-0.716177992460894	-0.396147133288598	-0.045956685632109
16.000000000000000	-0.690018801187024	-0.446800085982858	-0.044701439520691
16.000000000000000	-0.660690136880950	-0.495704572792787	-0.043242840888308
16.000000000000000	-0.628310095722461	-0.542663672610537	-0.041586762996850
16.000000000000000	-0.593009060708970	-0.587488297715063	-0.039739874287481
16.000000000000000	-0.554929176649195	-0.629997955161640	-0.037709611529189
16.000000000000000	-0.514223777796188	-0.670021473563251	-0.035504149873530
16.000000000000000	-0.471056770424412	-0.707397692337343	-0.033132369936190
16.000000000000000	-0.425601972837028	-0.741976110642616	-0.030603822037870
16.000000000000000	-0.378042415460932	-0.773617493392793	-0.027928687748521
16.000000000000000	-0.328569603847829	-0.802194431907168	-0.025117738889756
16.000000000000000	-0.277382747548964	-0.827591856940395	-0.022182294160521
16.000000000000000	-0.224687957968570	-0.849707502025729	-0.019134173560695
16.000000000000000	-0.170697418425990	-0.868452315265990	-0.015985650796116
16.000000000000000	-0.115628529768337	-0.883750817914125	-0.012749403856708
16.000000000000000	-0.059703034974015	-0.895541408299480	-0.009438463966682
16.000000000000000	-0.003146126272006	-0.903776609875990	-0.006066163112398
16.000000000000000	0.053814461627756	-0.908423262393468	-0.002646080359166
16.000000000000000	0.110949368541684	-0.909462655422234	0.000808012826865
16.000000000000000	0.168028532365043	-0.906890603693409	0.004282208031535
16.000000000000000	0.224822115450853	-0.900717463951514	0.007762515896951
16.000000000000000	0.281101430084969	-0.890968093251520	0.011234922451692
16.000000000000000	0.336639859330792	-0.877681748868255	0.014685445540125
16.000000000000000	0.391213769535692	-0.860911930221218	0.018100191123615
16.000000000000000	0.444603410824795	-0.840726163451298	0.021465409226910
16.000000000000000	0.496593801956171	-0.817205729516838	0.024767549304440
16.000000000000000	0.546975595974419	-0.790445336903899	0.027993314803583
16.000000000000000	0.595545923176967	-0.760552740268621	0.031129716705188
16.000000000000000	0.642109207998766	-0.727648306547249	0.034164125825771
16.000000000000000	0.686477956526058	-0.691864530280963	0.037084323670779
16.000000000000000	0.728473511468199	-0.653345500107127	0.039878551634156
16.000000000000000	0.767926771547505	-0.612246318565199	0.042535558346098
16.000000000000000	0.804678872410420	-0.568732477553549	0.045044644978350
16.000000000000000	0.838581826318193	-0.522979191951991	0.047395708324612
16.000000000000000	0.869499118041274	-0.475170694093307	0.049579281482580
16.000000000000000	0.897306254557959	-0.425499491924660	0.051586571973826
16.000000000000000	0.921891266343853	-0.374165593846044	0.053409497148003
16.000000000000000	0.943155158233618	-0.321375703347042	0.055040716728824
16.000000000000000	0.961012308039574	-0.267342386684829	0.056473662370766
16.000000000000000	0.975390811322023	-0.212283216954882	0.057702564107478
16.000000000000000	0.986232770923047	-0.156419898000914	0.058722473585399
16.000000000000000	0.993494530097937	-0.099977371691740	0.059529283989033
16.000000000000000	0.997146848305487	-0.043182912159771	0.060119746577643
16.000000000000000	0.997175018949339	0.013734789351709	0.060491483766785
16.000000000000000	0.993578928596253	0.070546545347461	0.060642998702001
16.000000000000000	0.986373057432862	0.127023594937447	0.060573681286121
16.000000000000000	0.975586420959075	0.182938524976189	0.060283810635916
16.000000000000000	0.961262453152895	0.238066185775248	0.059774553958185
16.000000000000000	0.943458831577123	0.292184597701550	0.059047961849831
16.000000000000000	0.922247245132166	0.345075845011024	0.058106960040828
16.000000000000000	0.897713105390142	0.396526953318392	0.056955337613340
16.000000000000000	0.869955202672620	0.446330747169848	0.055597731744425
16.000000000000000	0.839085308256864	0.494286684265489	0.054039609033757
16.000000000000000	0.805227724312350	0.540201662972383	0.052287243491564
16.000000000000000	0.768518783379800	0.583890799876681	0.050347691275397
16.000000000000000	0.729106299408156	0.625178174243878	0.048228762277478
16.000000000000000	0.687148972559982	0.663897536389520	0.045938988677018
16.000000000000000	0.642815750181917	0.699892977108003	0.043487590584146
16.000000000000000	0.596285146513345	0.733019555463921	0.040884438913776
16.000000000000000	0.547744523872553	0.763143882418053	0.038140015638918
16.000000000000000	0.497389338214803	0.790144657937950	0.035265371583473
16.000000000000000	0.445422352100190	0.813913159430347	0.032272081924464
16.000000000000000	0.392052818240376	0.834353679528679	0.029172199582885
16.000000000000000	0.337495636911768	0.851383911472865	0.025978206690842
16.000000000000000	0.281970490627960	0.864935280529580	0.022702964330412
16.000000000000000	0.225700959555781	0.874953220118504	0.019359660746602
16.000000000000000	0.168913621236880	0.881397391532680	0.015961758242948
16.000000000000000	0.111837138239929	0.884241846368255	0.012522938973562
16.000000000000000	0.054701337417169	0.883475131009538	0.009057049849933
16.000000000000000	-0.002263715527213	0.879100332748672	0.005578046784297
16.000000000000000	-0.058828642430470	0.871135067354194	0.002099938494108
16.000000000000000	-0.114765676296201	0.859611408138559	-0.001363269906126
16.000000000000000	-0.169849578431657	0.844575756810223	-0.004797633298497
16.000000000000000	-0.223858545404457	0.826088656630346	-0.008189322713759
16.000000000000000	-0.276575102166730	0.804224548626447	-0.011524681015713
16.000000000000000	-0.327786977750376	0.779071471844655	-0.014790277893671
16.000000000000000	-0.377287960007332	0.750730708847550	-0.017972963941578
16.000000000000000	-0.424878725953111	0.719316377885024	-0.021059923606028
16.000000000000000	-0.470367644370114	0.684954973380373	-0.024038726789976
16.000000000000000	-0.513571547438907	0.647784856581892	-0.026897378904349
16.000000000000000	-0.554316468290380	0.607955698430967	-0.029624369166026
16.000000000000000	-0.592438341508929	0.565627876890020	-0.032208716947699
16.000000000000000	-0.627783663765982	0.520971831157056	-0.034640015992979
16.000000000000000	-0.660210111923720	0.474167375367166	-0.036908476318723
16.000000000000000	-0.689587116120125	0.425402974544477	-0.039004963635839
16.000000000000000	-0.715796385527729	0.374874985720010	-0.040921036129842
16.000000000000000	-0.738732384669025	0.322786867271222	-0.042648978453065
16.000000000000000	-0.758302758370590	0.269348359666929	-0.044181832791638
16.000000000000000	-0.774428703644769	0.214774640916467	-0.045513426882152
16.000000000000000	-0.787045287001495	0.159285460123789	-0.046638398865183
16.000000000000000	-0.796101705912533	0.103104252635386	-0.047552218875605


17.000000000000000	-0.955623296839136	0.644603412667210	0.028278368900394
17.000000000000000	-0.996703886556985	0.579213260340855	0.030494397368998
17.000000000000000	-1.033550139424565	0.511341773514001	0.032581097053091
17.000000000000000	-1.066013688586234	0.441262246709283	0.034530065549532
17.000000000000000	-1.093963814787326	0.369256865447012	0.036333455050064
17.000000000000000	-1.117287972734450	0.295615569983678	0.037984003941662
17.000000000000000	-1.135892244275672	0.220634887824878	0.039475066046490
17.000000000000000	-1.149701716575755	0.144616739713699	0.040800637383714
17.000000000000000	-1.158660783763714	0.067867223902455	0.041955380345411
17.000000000000000	-1.162733370838031	-0.009304616396947	0.042934645189234
17.000000000000000	-1.161903078927952	-0.086588037420941	0.043734488761281
17.000000000000000	-1.156173251325952	-0.163671846109765	0.044351690373788
17.000000000000000	-1.145566960025476	-0.240245653172080	0.044783764773699
17.000000000000000	-1.130126912818169	-0.316001122913093	0.045028972149904
17.000000000000000	-1.109915281324665	-0.390633214793579	0.045086325138842
17.000000000000000	-1.085013450651420	-0.463841411720466	0.044955592800270
17.000000000000000	-1.055521691681607	-0.535330930123106	0.044637301547174
17.000000000000000	-1.021558757319667	-0.604813906942674	0.044132733026091
17.000000000000000	-0.983261404315269	-0.672010558755098	0.043443918956372
17.000000000000000	-0.940783842592149	-0.736650308360172	0.042573632949162
17.000000000000000	-0.894297114299176	-0.798472874300431	0.041525379339051
17.000000000000000	-0.843988405083984	-0.857229318922724	0.040303379073351
17.000000000000000	-0.790060290362438	-0.912683050762278	0.038912552715837
17.000000000000000	-0.732729919618929	-0.964610777213025	0.037358500633364
17.000000000000000	-0.672228142022043	-1.012803403648113	0.035647480445178
17.000000000000000	-0.608798576876440	-1.057066875370177	0.033786381825681
17.000000000000000	-0.542696632653889	-1.097222959001109	0.031782698762151
17.000000000000000	-0.474188478553506	-1.133109960164965	0.029644499379098
17.000000000000000	-0.403549972732328	-1.164583374574153	0.027380393450774
17.000000000000000	-0.331065551521874	-1.191516469897192	0.024999497732648
17.000000000000000	-0.257027084103436	-1.213800796065085	0.022511399251456
17.000000000000000	-0.181732697253891	-1.231346621961467	0.019926116701624
17.000000000000000	-0.105485574894398	-1.244083296738145	0.017254060103518
17.000000000000000	-0.028592737275752	-1.251959534301121	0.014505988885976
17.000000000000000	0.048636195283805	-1.254943619821599	0.011692968561874
17.000000000000000	0.125890249130326	-1.253023537440403	0.008826326171220
17.000000000000000	0.202858349455308	-1.246207018651600	0.005917604671158
17.000000000000000	0.279230572884153	-1.234521511170505	0.002978516456553
17.000000000000000	0.354699395428215	-1.218014068411417	0.000020896198313
17.000000000000000	0.428960930775358	-1.196751160020128	-0.002943346810656
17.000000000000000	0.501716153932886	-1.170818404224119	-0.005902276609969
17.000000000000000	0.572672105295647	-1.140320223078176	-0.008843978633658
17.000000000000000	0.641543070290962	-1.105379421993631	-0.011756607685931
17.000000000000000	0.708051729850376	-1.066136695244312	-0.014628435637587
17.000000000000000	0.771930277075657	-1.022750059440364	-0.017447898651060
17.000000000000000	0.832921495602665	-0.975394217251126	-0.020203643743905
17.000000000000000	0.890779795320863	-0.924259853939145	-0.022884574503258
17.000000000000000	0.945272201278012	-0.869552869537923	-0.025479895767168
17.000000000000000	0.996179291788078	-0.811493549765156	-0.027979157092907
17.000000000000000	1.043296081964916	-0.750315679009892	-0.030372294837216
17.000000000000000	1.086432849124063	-0.686265598965314	-0.032649672679042
17.000000000000000	1.125415896729021	-0.619601216697687	-0.034802120421601
17.000000000000000	1.160088253805909	-0.550590966145623	-0.036820970917528
17.000000000000000	1.190310307010170	-0.479512727231357	-0.038698094968415
17.000000000000000	1.215960362800238	-0.406652706936375	-0.040425934058230
17.000000000000000	1.236935137454472	-0.332304286846917	-0.041997530788788
17.000000000000000	1.253150172958255	-0.256766841809868	-0.043406556894740
17.000000000000000	1.264540177086610	-0.180344534455925	-0.044647338725264
17.000000000000000	1.271059286312944	-0.103345090444024	-0.045714880089855
17.000000000000000	1.272681250485279	-0.026078559358726	-0.046604882376220
17.000000000000000	1.269399538526357	0.051143933750029	-0.047313761859272
17.000000000000000	1.261227364731977	0.128011441157688	-0.047838664131528
17.000000000000000	1.248197635561690	0.204214444541830	-0.048177475596799
17.000000000000000	1.230362817136103	0.279446101303201	-0.048328831980895
17.000000000000000	1.207794723974329	0.353403480112569	-0.048292123825077
17.000000000000000	1.180584229822262	0.425788780708263	-0.048067498940134
17.000000000000000	1.148840901736077	0.496310533032726	-0.047655861811197
17.000000000000000	1.112692558894369	0.564684770879560	-0.047058869955699
17.000000000000000	1.072284757915429	0.630636175325217	-0.046278927249138
17.000000000000000	1.027780206752116	0.693899183341131	-0.045319174245517
17.000000000000000	0.979358109524362	0.754219057122308	-0.044183475531444
17.000000000000000	0.927213444927426	0.811352909826554	-0.042876404164802
17.000000000000000	0.871556181121504	0.865070683594065	-0.041403223260661
17.000000000000000	0.812610430264059	0.915156075909234	-0.039769864798573
17.000000000000000	0.750613546089257	0.961407410574536	-0.037982905736580
17.000000000000000	0.685815168168259	1.003638449789392	-0.036049541528130
17.000000000000000	0.618476216698767	1.041679144064068	-0.033977557148521
17.000000000000000	0.548867841871485	1.075376316948944	-0.031775295747556
17.000000000000000	0.477270332044001	1.104594281822021	-0.029451625054621
17.000000000000000	0.403971985118496	1.129215388251053	-0.027015901671473
17.000000000000000	0.329267947667843	1.149140495730317	-0.024477933396502
17.000000000000000	0.253459026484531	1.164289372884437	-0.021847939732190
17.000000000000000	0.176850477337881	1.174601020531813	-0.019136510734785
17.000000000000000	0.099750775816795	1.180033917306803	-0.016354564371877
17.000000000000000	0.022470375207439	1.180566186851601	-0.013513302559598
17.000000000000000	-0.054679543592570	1.176195685904610	-0.010624166056462
17.000000000000000	-0.131388325089805	1.166940012930603	-0.007698788395463
17.000000000000000	-0.207347090095064	1.152836437257915	-0.004748949039948
17.000000000000000	-0.282249979470843	1.133941749008010	-0.001786525951876
17.000000000000000	-0.355795385718137	1.110332030421708	0.001176552236548
17.000000000000000	-0.427687167443377	1.082102349502853	0.004128354255259
17.000000000000000	-0.497635841815313	1.049366377213016	0.007056994239347
17.000000000000000	-0.565359750210199	1.012255929758649	0.009950679589241
17.000000000000000	-0.630586192351661	0.970920437813751	0.012797758455347
17.000000000000000	-0.693052524378459	0.925526344815280	0.015586766655928
17.000000000000000	-0.752507216418625	0.876256436754177	0.018306473839324
17.000000000000000	-0.808710865411478	0.823309106160698	0.020945928704611
17.000000000000000	-0.861437159099248	0.766897553247714	0.023494503098627
17.000000000000000	-0.910473787306674	0.707248927428697	0.025941934811788
17.000000000000000	-0.955623296839136	0.644603412667211	0.028278368900394


18.000000000000000	nan	nan	nan
18.000000000000000	nan	nan	nan
18.000000000000000	nan	nan	nan
18.000000000000000	nan	nan	nan
18.000000000000000	nan	nan	nan
18.000000000000000	nan	nan	nan
18.000000000000000	nan	nan	nan
18.000000000000000	nan	nan	nan
18.000000000000000	nan	nan	nan
18.000000000000000	nan	nan	nan
18.000000000000000	nan	nan	nan
18.000000000000000	nan	nan	nan
18.000000000000000	nan	nan	nan
18.000000000000000	nan	nan	nan
18.000000000000000	nan	nan	nan
18.000000000000000	nan	nan	nan
18.000000000000000	nan	nan	nan
18.000000000000000	nan	nan	nan
18.000000000000000	nan	nan	nan
18.000000000000000	nan	nan	nan
18.000000000000000	nan	nan	nan
18.000000000000000	nan	nan	nan
18.000000000000000	nan	nan	nan
18.000000000000000	nan	nan	nan
18.000000000000000	nan	nan	nan
18.000000000000000	nan	nan	nan
18.000000000000000	nan	nan	nan
18.000000000000000	nan	nan	nan
18.000000000000000	nan	nan	nan
18.000000000000000	nan	nan	nan
18.000000000000000	nan	nan	nan
18.000000000000000	nan	nan	nan
18.000000000000000	nan	nan	nan
18.000000000000000	nan	nan	nan
18.000000000000000	nan	nan	nan
18.000000000000000	nan	nan	nan
18.000000000000000	nan	nan	nan
18.000000000000000	nan	nan	nan
18.000000000000000	nan	nan	nan
18.000000000000000	nan	nan	nan
18.000000000000000	nan	nan	nan
18.000000000000000	nan	nan	nan
18.000000000000000	nan	nan	nan
18.000000000000000	nan	nan	nan
18.000000000000000	nan	nan	nan
18.000000000000000	nan	nan	nan
18.000000000000000	nan	nan	nan
18.000000000000000	nan	nan	nan
18.000000000000000	nan	nan	nan
18.000000000000000	nan	nan	nan
18.000000000000000	nan	nan	nan
18.000000000000000	nan	nan	nan
18.000000000000000	nan	nan	nan
18.000000000000000	nan	nan	nan
18.000000000000000	nan	nan	nan
18.000000000000000	nan	nan	nan
18.000000000000000	nan	nan	nan
18.000000000000000	nan	nan	nan
18.000000000000000	nan	nan	nan
18.000000000000000	nan	nan	nan
18.000000000000000	nan	nan	nan
18.000000000000000	nan	nan	nan
18.000000000000000	nan	nan	nan
18.000000000000000	nan	nan	nan
18.000000000000000	nan	nan	nan
18.000000000000000	nan	nan	nan
18.000000000000000	nan	nan	nan
18.000000000000000	nan	nan	nan
18.000000000000000	nan	nan	nan
18.000000000000000	nan	nan	nan
18.000000000000000	nan	nan	nan
18.000000000000000	nan	nan	nan
18.000000000000000	nan	nan	nan
18.000000000000000	nan	nan	nan
18.000000000000000	nan	nan	nan
18.000000000000000	nan	nan	nan
18.000000000000000	nan	nan	nan
18.000000000000000	nan	nan	nan
18.000000000000000	nan	nan	nan
18.000000000000000	nan	nan	nan
18.000000000000000	nan	nan	nan
18.000000000000000	nan	nan	nan
18.000000000000000	nan	nan	nan
18.000000000000000	nan	nan	nan
18.000000000000000	nan	nan	nan
18.000000000000000	nan	nan	nan
18.000000000000000	nan	nan	nan
18.000000000000000	nan	nan	nan
18.000000000000000	nan	nan	nan
18.000000000000000	nan	nan	nan
18.000000000000000	nan	nan	nan
18.000000000000000	nan	nan	nan
18.000000000000000	nan	nan	nan
18.000000000000000	nan	nan	nan
18.000000000000000	nan	nan	nan
18.000000000000000	nan	nan	nan
18.000000000000000	nan	nan	nan
18.000000000000000	nan	nan	nan
18.000000000000000	nan	nan	nan
18.000000000000000	nan	nan	nan


