# n	x	y	z
1.000000000000000	-0.145356229411266	-0.348786362798212	0.008317056700322
1.000000000000000	-0.120742828753447	-0.358143091719937	0.007960964823859
1.000000000000000	-0.095583059581574	-0.365913301792673	0.007569373559942
1.000000000000000	-0.069978231406116	-0.372065705122903	0.007143859708381
1.000000000000000	-0.044031445833072	-0.376575528153869	0.006686136663273
1.000000000000000	-0.017847181410189	-0.379424611419939	0.006198047513771
1.000000000000000	0.008469127071276	-0.380601482668368	0.005681557622612
1.000000000000000	0.034811513125245	-0.380101403054006	0.005138746712296
1.000000000000000	0.061073905260459	-0.377926386220961	0.004571800490776
1.000000000000000	0.087150554092938	-0.374085190194362	0.003983001850387
1.000000000000000	0.112936458161424	-0.368593282114880	0.003374721675441
1.000000000000000	0.138327786731207	-0.361472775958018	0.002749409295513
1.000000000000000	0.163222297883849	-0.352752343488930	0.002109582622857
1.000000000000000	0.187519750209299	-0.342467098811348	0.001457818013662
1.000000000000000	0.211122306442678	-0.330658456975474	0.000796739893972
1.000000000000000	0.233934927420409	-0.317373967214197	0.000129010192052
1.000000000000000	0.255865754769388	-0.302667121479105	-0.000542682380260
1.000000000000000	0.276826480788228	-0.286597139047286	-0.001215633154044
1.000000000000000	0.296732704031210	-0.269228728066191	-0.001887132394049
1.000000000000000	0.315504269163111	-0.250631824996770	-0.002554476209836
1.000000000000000	0.333065589716452	-0.230881313004021	-0.003214977443394
1.000000000000000	0.349345952451524	-0.210056720428919	-0.003865976489375
1.000000000000000	0.364279802093645	-0.188241900555855	-0.004504852004387
1.000000000000000	0.377807005301116	-0.165524693965052	-0.005129031462219
1.000000000000000	0.389873092800961	-0.141996574829554	-0.005736001512493
1.000000000000000	0.400429478717470	-0.117752282581018	-0.006323318101044
1.000000000000000	0.409433656210367	-0.092889440427457	-0.006888616311260
1.000000000000000	0.416849368634857	-0.067508162259037	-0.007429619886765
1.000000000000000	0.422646755534336	-0.041710649524778	-0.007944150397106
1.000000000000000	0.426802472877912	-0.015600779703392	-0.008430136009518
1.000000000000000	0.429299787058575	0.010716311974669	-0.008885619831466
1.000000000000000	0.430128642273533	0.037134655869669	-0.009308767790357
1.000000000000000	0.429285701015373	0.063547874634934	-0.009697876018710
1.000000000000000	0.426774357511032	0.089849611560877	-0.010051377715022
1.000000000000000	0.422604724054438	0.115933958835930	-0.010367849452728
1.000000000000000	0.416793590287876	0.141695883999926	-0.010646016911837
1.000000000000000	0.409364355596019	0.167031652872740	-0.010884760010169
1.000000000000000	0.400346934884869	0.191839247255223	-0.011083117413530
1.000000000000000	0.389777638124989	0.216018775720482	-0.011240290406666
1.000000000000000	0.377699024144062	0.239472875841401	-0.011355646109405
1.000000000000000	0.364159729257518	0.262107106234773	-0.011428720025049
1.000000000000000	0.349214271427256	0.283830326843414	-0.011459217910728
1.000000000000000	0.332922830737051	0.304555065925007	-0.011447016962222
1.000000000000000	0.315351007068602	0.324197872269940	-0.011392166308444
1.000000000000000	0.296569555953954	0.342679651229866	-0.011294886813617
1.000000000000000	0.276654103667950	0.359925983203944	-0.011155570187934
1.000000000000000	0.255684842707913	0.375867423300299	-0.010974777410274
1.000000000000000	0.233746208886756	0.390439780966094	-0.010753236469344
1.000000000000000	0.210926541339775	0.403584378460234	-0.010491839432321
1.000000000000000	0.187317726814121	0.415248287127911	-0.010191638852815
1.000000000000000	0.163014829673305	0.425384540525626	-0.009853843532605
1.000000000000000	0.138115709106558	0.433952323538474	-0.009479813654224
1.000000000000000	0.112720625084412	0.440917136728207	-0.009071055303980
1.000000000000000	0.086931834647187	0.446250935250297	-0.008629214407481
1.000000000000000	0.060853180151982	0.449932241780628	-0.008156070102072
1.000000000000000	0.034589671136149	0.451946232997095	-0.007653527572877
1.000000000000000	0.008247061480955	0.452284799267897	-0.007123610381293
1.000000000000000	-0.018068576421980	0.450946577306154	-0.006568452316819
1.000000000000000	-0.044251278786761	0.447936955659390	-0.005990288805041
1.000000000000000	-0.070195617111987	0.443268053011749	-0.005391447906362
1.000000000000000	-0.095797122704114	0.436958669386334	-0.004774340941723
1.000000000000000	-0.120952707336014	0.429034210444145	-0.004141452783067
1.000000000000000	-0.145561078346883	0.419526585184455	-0.003495331847635
1.000000000000000	-0.169523146512030	0.408474077458528	-0.002838579836390
1.000000000000000	-0.192742425040217	0.395921191814062	-0.002173841257884
1.000000000000000	-0.215125418091911	0.381918474291084	-0.001503792779758
1.000000000000000	-0.236581997254031	0.366522308890888	-0.000831132450744
1.000000000000000	-0.257025764455255	0.349794690537560	-0.000158568836575
1.000000000000000	-0.276374399860567	0.331802975446300	0.000511189886451
1.000000000000000	-0.294549993344167	0.312619609903716	0.001175446836344
1.000000000000000	-0.311479358206062	0.292321838552199	0.001831527284813
1.000000000000000	-0.327094325869064	0.270991393353011	0.002476789427450
1.000000000000000	-0.341332020369602	0.248714164480520	0.003108635021349
1.000000000000000	-0.354135111537027	0.225579854472786	0.003724519847309
1.000000000000000	-0.365452045841979	0.201681617031101	0.004321963954508
1.000000000000000	-0.375237253984254	0.177115681922908	0.004898561646391
1.000000000000000	-0.383451334384290	0.151980967498494	0.005451991167559
1.000000000000000	-0.390061211839425	0.126378682381705	0.005980024052660
1.000000000000000	-0.395040270706063	0.100411917938539	0.006480534099632
1.000000000000000	-0.398368462071476	0.074185233164602	0.006951505931168
1.000000000000000	-0.400032384483698	0.047804233662933	0.007391043109928
1.000000000000000	-0.400025337914449	0.021375146407516	0.007797375774825
1.000000000000000	-0.398347350737773	-0.004995607995252	0.008168867767631
1.000000000000000	-0.395005179615798	-0.031201843824787	0.008504023221205
1.000000000000000	-0.390012282292032	-0.057138037818729	0.008801492582829
1.000000000000000	-0.383388763401787	-0.082699754077884	0.009060078048372
1.000000000000000	-0.375161293517904	-0.107784064592723	0.009278738385431
1.000000000000000	-0.365363001757770	-0.132289963698155	0.009456593126003
1.000000000000000	-0.354033342384059	-0.156118774787687	0.009592926111821
1.000000000000000	-0.341217935936335	-0.179174547649292	0.009687188378068
1.000000000000000	-0.326968385533245	-0.201364444823046	0.009739000363868
1.000000000000000	-0.311342069084973	-0.222599115424818	0.009748153440641
1.000000000000000	-0.294401908252645	-0.242793054930739	0.009714610752177
1.000000000000000	-0.276216115085008	-0.261864949473744	0.009638507363044
1.000000000000000	-0.256857917352586	-0.279738003265813	0.009520149714729
1.000000000000000	-0.236405263685293	-0.296340247827510	0.009360014391709
1.000000000000000	-0.214940509700809	-0.311604831779644	0.009158746202411
1.000000000000000	-0.192550086387579	-0.325470290030178	0.008917155582797
1.000000000000000	-0.169324152077726	-0.337880791272465	0.008636215333024
1.000000000000000	-0.145356229411266	-0.348786362798212	0.008317056700322


2.000000000000000	nan	nan	nan
2.000000000000000	nan	nan	nan
2.000000000000000	nan	nan	nan
2.000000000000000	nan	nan	nan
2.000000000000000	nan	nan	nan
2.000000000000000	nan	nan	nan
2.000000000000000	nan	nan	nan
2.000000000000000	nan	nan	nan
2.000000000000000	nan	nan	nan
2.000000000000000	nan	nan	nan
2.000000000000000	nan	nan	nan
2.000000000000000	nan	nan	nan
2.000000000000000	nan	nan	nan
2.000000000000000	nan	nan	nan
2.000000000000000	nan	nan	nan
2.000000000000000	nan	nan	nan
2.000000000000000	nan	nan	nan
2.000000000000000	nan	nan	nan
2.000000000000000	nan	nan	nan
2.000000000000000	nan	nan	nan
2.000000000000000	nan	nan	nan
2.000000000000000	nan	nan	nan
2.000000000000000	nan	nan	nan
2.000000000000000	nan	nan	nan
2.000000000000000	nan	nan	nan
2.000000000000000	nan	nan	nan
2.000000000000000	nan	nan	nan
2.000000000000000	nan	nan	nan
2.000000000000000	nan	nan	nan
2.000000000000000	nan	nan	nan
2.000000000000000	nan	nan	nan
2.000000000000000	nan	nan	nan
2.000000000000000	nan	nan	nan
2.000000000000000	nan	nan	nan
2.000000000000000	nan	nan	nan
2.000000000000000	nan	nan	nan
2.000000000000000	nan	nan	nan
2.000000000000000	nan	nan	nan
2.000000000000000	nan	nan	nan
2.000000000000000	nan	nan	nan
2.000000000000000	nan	nan	nan
2.000000000000000	nan	nan	nan
2.000000000000000	nan	nan	nan
2.000000000000000	nan	nan	nan
2.000000000000000	nan	nan	nan
2.000000000000000	nan	nan	nan
2.000000000000000	nan	nan	nan
2.000000000000000	nan	nan	nan
2.000000000000000	nan	nan	nan
2.000000000000000	nan	nan	nan
2.000000000000000	nan	nan	nan
2.000000000000000	nan	nan	nan
2.000000000000000	nan	nan	nan
2.000000000000000	nan	nan	nan
2.000000000000000	nan	nan	nan
2.000000000000000	nan	nan	nan
2.000000000000000	nan	nan	nan
2.000000000000000	nan	nan	nan
2.000000000000000	nan	nan	nan
2.000000000000000	nan	nan	nan
2.000000000000000	nan	nan	nan
2.000000000000000	nan	nan	nan
2.000000000000000	nan	nan	nan
2.000000000000000	nan	nan	nan
2.000000000000000	nan	nan	nan
2.000000000000000	nan	nan	nan
2.000000000000000	nan	nan	nan
2.000000000000000	nan	nan	nan
2.000000000000000	nan	nan	nan
2.000000000000000	nan	nan	nan
2.000000000000000	nan	nan	nan
2.000000000000000	nan	nan	nan
2.000000000000000	nan	nan	nan
2.000000000000000	nan	nan	nan
2.000000000000000	nan	nan	nan
2.000000000000000	nan	nan	nan
2.000000000000000	nan	nan	nan
2.000000000000000	nan	nan	nan
2.000000000000000	nan	nan	nan
2.000000000000000	nan	nan	nan
2.000000000000000	nan	nan	nan
2.000000000000000	nan	nan	nan
2.000000000000000	nan	nan	nan
2.000000000000000	nan	nan	nan
2.000000000000000	nan	nan	nan
2.000000000000000	nan	nan	nan
2.000000000000000	nan	nan	nan
2.000000000000000	nan	nan	nan
2.000000000000000	nan	nan	nan
2.000000000000000	nan	nan	nan
2.000000000000000	nan	nan	nan
2.000000000000000	nan	nan	nan
2.000000000000000	nan	nan	nan
2.000000000000000	nan	nan	nan
2.000000000000000	nan	nan	nan
2.000000000000000	nan	nan	nan
2.000000000000000	nan	nan	nan
2.000000000000000	nan	nan	nan
2.000000000000000	nan	nan	nan
2.000000000000000	nan	nan	nan


3.000000000000000	nan	nan	nan
3.000000000000000	nan	nan	nan
3.000000000000000	nan	nan	nan
3.000000000000000	nan	nan	nan
3.000000000000000	nan	nan	nan
3.000000000000000	nan	nan	nan
3.000000000000000	nan	nan	nan
3.000000000000000	nan	nan	nan
3.000000000000000	nan	nan	nan
3.000000000000000	nan	nan	nan
3.000000000000000	nan	nan	nan
3.000000000000000	nan	nan	nan
3.000000000000000	nan	nan	nan
3.000000000000000	nan	nan	nan
3.000000000000000	nan	nan	nan
3.000000000000000	nan	nan	nan
3.000000000000000	nan	nan	nan
3.000000000000000	nan	nan	nan
3.000000000000000	nan	nan	nan
3.000000000000000	nan	nan	nan
3.000000000000000	nan	nan	nan
3.000000000000000	nan	nan	nan
3.000000000000000	nan	nan	nan
3.000000000000000	nan	nan	nan
3.000000000000000	nan	nan	nan
3.000000000000000	nan	nan	nan
3.000000000000000	nan	nan	nan
3.000000000000000	nan	nan	nan
3.000000000000000	nan	nan	nan
3.000000000000000	nan	nan	nan
3.000000000000000	nan	nan	nan
3.000000000000000	nan	nan	nan
3.000000000000000	nan	nan	nan
3.000000000000000	nan	nan	nan
3.000000000000000	nan	nan	nan
3.000000000000000	nan	nan	nan
3.000000000000000	nan	nan	nan
3.000000000000000	nan	nan	nan
3.000000000000000	nan	nan	nan
3.000000000000000	nan	nan	nan
3.000000000000000	nan	nan	nan
3.000000000000000	nan	nan	nan
3.000000000000000	nan	nan	nan
3.000000000000000	nan	nan	nan
3.000000000000000	nan	nan	nan
3.000000000000000	nan	nan	nan
3.000000000000000	nan	nan	nan
3.000000000000000	nan	nan	nan
3.000000000000000	nan	nan	nan
3.000000000000000	nan	nan	nan
3.000000000000000	nan	nan	nan
3.000000000000000	nan	nan	nan
3.000000000000000	nan	nan	nan
3.000000000000000	nan	nan	nan
3.000000000000000	nan	nan	nan
3.000000000000000	nan	nan	nan
3.000000000000000	nan	nan	nan
3.000000000000000	nan	nan	nan
3.000000000000000	nan	nan	nan
3.000000000000000	nan	nan	nan
3.000000000000000	nan	nan	nan
3.000000000000000	nan	nan	nan
3.000000000000000	nan	nan	nan
3.000000000000000	nan	nan	nan
3.000000000000000	nan	nan	nan
3.000000000000000	nan	nan	nan
3.000000000000000	nan	nan	nan
3.000000000000000	nan	nan	nan
3.000000000000000	nan	nan	nan
3.000000000000000	nan	nan	nan
3.000000000000000	nan	nan	nan
3.000000000000000	nan	nan	nan
3.000000000000000	nan	nan	nan
3.000000000000000	nan	nan	nan
3.000000000000000	nan	nan	nan
3.000000000000000	nan	nan	nan
3.000000000000000	nan	nan	nan
3.000000000000000	nan	nan	nan
3.000000000000000	nan	nan	nan
3.000000000000000	nan	nan	nan
3.000000000000000	nan	nan	nan
3.000000000000000	nan	nan	nan
3.000000000000000	nan	nan	nan
3.000000000000000	nan	nan	nan
3.000000000000000	nan	nan	nan
3.000000000000000	nan	nan	nan
3.000000000000000	nan	nan	nan
3.000000000000000	nan	nan	nan
3.000000000000000	nan	nan	nan
3.000000000000000	nan	nan	nan
3.000000000000000	nan	nan	nan
3.000000000000000	nan	nan	nan
3.000000000000000	nan	nan	nan
3.000000000000000	nan	nan	nan
3.000000000000000	nan	nan	nan
3.000000000000000	nan	nan	nan
3.000000000000000	nan	nan	nan
3.000000000000000	nan	nan	nan
3.000000000000000	nan	nan	nan
3.000000000000000	nan	nan	nan


4.000000000000000	-0.457493874459203	-0.080679766255677	-0.009244915966673
4.000000000000000	-0.450807902312482	-0.112492542689787	-0.010360456581479
4.000000000000000	-0.442106801036053	-0.143817101355329	-0.011430240074448
4.000000000000000	-0.431425606893756	-0.174527309310367	-0.012449958805026
4.000000000000000	-0.418807329284541	-0.204499507386442	-0.013415506725789
4.000000000000000	-0.404302777558797	-0.233613008120401	-0.014322995916044
4.000000000000000	-0.387970356427034	-0.261750581720218	-0.015168772237114
4.000000000000000	-0.369875830784723	-0.288798928107987	-0.015949430046267
4.000000000000000	-0.350092060900275	-0.314649133139351	-0.016661825910033
4.000000000000000	-0.328698709032457	-0.339197107162317	-0.017303091261704
4.000000000000000	-0.305781918658590	-0.362344004149549	-0.017870643952040
4.000000000000000	-0.281433967605171	-0.383996619716432	-0.018362198646671
4.000000000000000	-0.255752896477635	-0.404067766422234	-0.018775776028332
4.000000000000000	-0.228842113885438	-0.422476624843157	-0.019109710766879
4.000000000000000	-0.200809980052086	-0.439149069003633	-0.019362658224977
4.000000000000000	-0.171769370486759	-0.454017964855461	-0.019533599872491
4.000000000000000	-0.141837221474475	-0.467023440602931	-0.019621847387738
4.000000000000000	-0.111134059214940	-0.478113127785409	-0.019627045429120
4.000000000000000	-0.079783514506083	-0.487242372146648	-0.019549173065960
4.000000000000000	-0.047911824926469	-0.494374413441715	-0.019388543862780
4.000000000000000	-0.015647326521119	-0.499480533457523	-0.019145804616688
4.000000000000000	0.016880062962441	-0.502540171650944	-0.018821932752954
4.000000000000000	0.049539367207101	-0.503541007938851	-0.018418232389265
4.000000000000000	0.082199078721565	-0.502479012306753	-0.017936329084502
4.000000000000000	0.114727688374607	-0.499358461036234	-0.017378163293189
4.000000000000000	0.146994214935923	-0.494191919485884	-0.016745982551966
4.000000000000000	0.178868732491321	-0.487000191495025	-0.016042332429554
4.000000000000000	0.210222893608517	-0.477812235614002	-0.015270046276647
4.000000000000000	0.240930446146948	-0.466665048498316	-0.014432233817008
4.000000000000000	0.270867741630582	-0.453603515936151	-0.013532268625713
4.000000000000000	0.299914233136687	-0.438680232109148	-0.012573774544950
4.000000000000000	0.327952960695747	-0.421955287814200	-0.011560611092087
4.000000000000000	0.354871022247976	-0.403496028499017	-0.010496857918759
4.000000000000000	0.380560028260065	-0.383376783085780	-0.009386798383550
4.000000000000000	0.404916538171577	-0.361678564674807	-0.008234902304420
4.000000000000000	0.427842476913578	-0.338488744333387	-0.007045807960325
4.000000000000000	0.449245529822320	-0.313900699283333	-0.005824303414505
4.000000000000000	0.469039514357815	-0.288013436903863	-0.004575307234644
4.000000000000000	0.487144727130501	-0.260931196063833	-0.003303848687532
4.000000000000000	0.503488264838665	-0.232763027388597	-0.002015047487986
4.000000000000000	0.518004317824305	-0.203622354151630	-0.000714093183562
4.000000000000000	0.530634435065400	-0.173626515559039	0.000593775741921
4.000000000000000	0.541327759537541	-0.142896294265991	0.001903292961902
4.000000000000000	0.550041232997219	-0.111555430027594	0.003209185512724
4.000000000000000	0.556739769362180	-0.079730121442573	0.004506195025992
4.000000000000000	0.561396395990688	-0.047548517796055	0.005789098902165
4.000000000000000	0.563992362290838	-0.015140203047629	0.007052731340128
4.000000000000000	0.564517215222569	0.017364325957527	0.008292004138045
4.000000000000000	0.562968841388369	0.049834184953379	0.009501927181752
4.000000000000000	0.559353475543179	0.082138629277786	0.010677628538187
4.000000000000000	0.553685675489236	0.114147580335105	0.011814374072943
4.000000000000000	0.545988263456944	0.145732149376789	0.012907586512960
4.000000000000000	0.536292234207802	0.176765156490884	0.013952863877584
4.000000000000000	0.524636630229445	0.207121642710647	0.014945997203792
4.000000000000000	0.511068384525319	0.236679373180204	0.015882987494199
4.000000000000000	0.495642131632048	0.265319329351172	0.016760061819612
4.000000000000000	0.478419987625433	0.292926188228343	0.017573688511279
4.000000000000000	0.459471300000940	0.319388786734689	0.018320591381677
4.000000000000000	0.438872368435812	0.344600569325833	0.018997762916563
4.000000000000000	0.416706137557198	0.368460017051622	0.019602476385168
4.000000000000000	0.393061862953411	0.390871056337108	0.020132296819785
4.000000000000000	0.368034751773183	0.411743445836926	0.020585090820520
4.000000000000000	0.341725579360073	0.430993139805338	0.020959035145742
4.000000000000000	0.314240283465730	0.448542626518794	0.021252624053637
4.000000000000000	0.285689537675957	0.464321240388282	0.021464675365291
4.000000000000000	0.256188305767242	0.478265446504710	0.021594335224915
4.000000000000000	0.225855378788204	0.490319096471571	0.021641081538017
4.000000000000000	0.194812896729971	0.500433654494707	0.021604726073693
4.000000000000000	0.163185856711541	0.508568392818830	0.021485415222566
4.000000000000000	0.131101609660502	0.514690555723813	0.021283629407324
4.000000000000000	0.098689347515792	0.518775491420419	0.021000181148226
4.000000000000000	0.066079583017363	0.520806751314348	0.020636211791369
4.000000000000000	0.033403624177436	0.520776156238928	0.020193186912894
4.000000000000000	0.000793045549484	0.518683829389731	0.019672890417623
4.000000000000000	-0.031620841576059	0.514538195828504	0.019077417355906
4.000000000000000	-0.063707517916017	0.508355948558422	0.018409165487595
4.000000000000000	-0.095337781749563	0.500161981307256	0.017670825627109
4.000000000000000	-0.126384269167943	0.489989288289118	0.016865370808473
4.000000000000000	-0.156721966923988	0.477878831348403	0.015996044313961
4.000000000000000	-0.186228715816335	0.463879375020900	0.015066346614544
4.000000000000000	-0.214785702581417	0.448047290176219	0.014080021274726
4.000000000000000	-0.242277938312544	0.430446327032195	0.013041039878532
4.000000000000000	-0.268594721479638	0.411147358455259	0.011953586037345
4.000000000000000	-0.293630083685231	0.390228094580418	0.010822038543971
4.000000000000000	-0.317283216361795	0.367772769899973	0.009650953740794
4.000000000000000	-0.339458876692268	0.343871804080945	0.008445047172990
4.000000000000000	-0.360067771119259	0.318621437876990	0.007209174600689
4.000000000000000	-0.379026914898694	0.292123345600853	0.005948312446548
4.000000000000000	-0.396259966250083	0.264484225717793	0.004667537757446
4.000000000000000	-0.411697533757932	0.235815371208523	0.003372007761017
4.000000000000000	-0.425277455786481	0.206232221431659	0.002066939099305
4.000000000000000	-0.436945050782669	0.175853897290165	0.000757586823197
4.000000000000000	-0.446653337459452	0.144802721573517	-0.000550776767821
4.000000000000000	-0.454363223972862	0.113203726407007	-0.001852883355345
4.000000000000000	-0.460043665331065	0.081184149791503	-0.003143489815718
4.000000000000000	-0.463671788401589	0.048872923260926	-0.004417399332235
4.000000000000000	-0.465232984013352	0.016400152720467	-0.005669482320893
4.000000000000000	-0.464720965782639	-0.016103405443968	-0.006894697085410
4.000000000000000	-0.462137795426152	-0.048506870875580	-0.008088110118363
4.000000000000000	-0.457493874459203	-0.080679766255677	-0.009244915966673


5.000000000000000	nan	nan	nan
5.000000000000000	nan	nan	nan
5.000000000000000	nan	nan	nan
5.000000000000000	nan	nan	nan
5.000000000000000	nan	nan	nan
5.000000000000000	nan	nan	nan
5.000000000000000	nan	nan	nan
5.000000000000000	nan	nan	nan
5.000000000000000	nan	nan	nan
5.000000000000000	nan	nan	nan
5.000000000000000	nan	nan	nan
5.000000000000000	nan	nan	nan
5.000000000000000	nan	nan	nan
5.000000000000000	nan	nan	nan
5.000000000000000	nan	nan	nan
5.000000000000000	nan	nan	nan
5.000000000000000	nan	nan	nan
5.000000000000000	nan	nan	nan
5.000000000000000	nan	nan	nan
5.000000000000000	nan	nan	nan
5.000000000000000	nan	nan	nan
5.000000000000000	nan	nan	nan
5.000000000000000	nan	nan	nan
5.000000000000000	nan	nan	nan
5.000000000000000	nan	nan	nan
5.000000000000000	nan	nan	nan
5.000000000000000	nan	nan	nan
5.000000000000000	nan	nan	nan
5.000000000000000	nan	nan	nan
5.000000000000000	nan	nan	nan
5.000000000000000	nan	nan	nan
5.000000000000000	nan	nan	nan
5.000000000000000	nan	nan	nan
5.000000000000000	nan	nan	nan
5.000000000000000	nan	nan	nan
5.000000000000000	nan	nan	nan
5.000000000000000	nan	nan	nan
5.000000000000000	nan	nan	nan
5.000000000000000	nan	nan	nan
5.000000000000000	nan	nan	nan
5.000000000000000	nan	nan	nan
5.000000000000000	nan	nan	nan
5.000000000000000	nan	nan	nan
5.000000000000000	nan	nan	nan
5.000000000000000	nan	nan	nan
5.000000000000000	nan	nan	nan
5.000000000000000	nan	nan	nan
5.000000000000000	nan	nan	nan
5.000000000000000	nan	nan	nan
5.000000000000000	nan	nan	nan
5.000000000000000	nan	nan	nan
5.000000000000000	nan	nan	nan
5.000000000000000	nan	nan	nan
5.000000000000000	nan	nan	nan
5.000000000000000	nan	nan	nan
5.000000000000000	nan	nan	nan
5.000000000000000	nan	nan	nan
5.000000000000000	nan	nan	nan
5.000000000000000	nan	nan	nan
5.000000000000000	nan	nan	nan
5.000000000000000	nan	nan	nan
5.000000000000000	nan	nan	nan
5.000000000000000	nan	nan	nan
5.000000000000000	nan	nan	nan
5.000000000000000	nan	nan	nan
5.000000000000000	nan	nan	nan
5.000000000000000	nan	nan	nan
5.000000000000000	nan	nan	nan
5.000000000000000	nan	nan	nan
5.000000000000000	nan	nan	nan
5.000000000000000	nan	nan	nan
5.000000000000000	nan	nan	nan
5.000000000000000	nan	nan	nan
5.000000000000000	nan	nan	nan
5.000000000000000	nan	nan	nan
5.000000000000000	nan	nan	nan
5.000000000000000	nan	nan	nan
5.000000000000000	nan	nan	nan
5.000000000000000	nan	nan	nan
5.000000000000000	nan	nan	nan
5.000000000000000	nan	nan	nan
5.000000000000000	nan	nan	nan
5.000000000000000	nan	nan	nan
5.000000000000000	nan	nan	nan
5.000000000000000	nan	nan	nan
5.000000000000000	nan	nan	nan
5.000000000000000	nan	nan	nan
5.000000000000000	nan	nan	nan
5.000000000000000	nan	nan	nan
5.000000000000000	nan	nan	nan
5.000000000000000	nan	nan	nan
5.000000000000000	nan	nan	nan
5.000000000000000	nan	nan	nan
5.000000000000000	nan	nan	nan
5.000000000000000	nan	nan	nan
5.000000000000000	nan	nan	nan
5.000000000000000	nan	nan	nan
5.000000000000000	nan	nan	nan
5.000000000000000	nan	nan	nan
5.000000000000000	nan	nan	nan


6.000000000000000	nan	nan	nan
6.000000000000000	nan	nan	nan
6.000000000000000	nan	nan	nan
6.000000000000000	nan	nan	nan
6.000000000000000	nan	nan	nan
6.000000000000000	nan	nan	nan
6.000000000000000	nan	nan	nan
6.000000000000000	nan	nan	nan
6.000000000000000	nan	nan	nan
6.000000000000000	nan	nan	nan
6.000000000000000	nan	nan	nan
6.000000000000000	nan	nan	nan
6.000000000000000	nan	nan	nan
6.000000000000000	nan	nan	nan
6.000000000000000	nan	nan	nan
6.000000000000000	nan	nan	nan
6.000000000000000	nan	nan	nan
6.000000000000000	nan	nan	nan
6.000000000000000	nan	nan	nan
6.000000000000000	nan	nan	nan
6.000000000000000	nan	nan	nan
6.000000000000000	nan	nan	nan
6.000000000000000	nan	nan	nan
6.000000000000000	nan	nan	nan
6.000000000000000	nan	nan	nan
6.000000000000000	nan	nan	nan
6.000000000000000	nan	nan	nan
6.000000000000000	nan	nan	nan
6.000000000000000	nan	nan	nan
6.000000000000000	nan	nan	nan
6.000000000000000	nan	nan	nan
6.000000000000000	nan	nan	nan
6.000000000000000	nan	nan	nan
6.000000000000000	nan	nan	nan
6.000000000000000	nan	nan	nan
6.000000000000000	nan	nan	nan
6.000000000000000	nan	nan	nan
6.000000000000000	nan	nan	nan
6.000000000000000	nan	nan	nan
6.000000000000000	nan	nan	nan
6.000000000000000	nan	nan	nan
6.000000000000000	nan	nan	nan
6.000000000000000	nan	nan	nan
6.000000000000000	nan	nan	nan
6.000000000000000	nan	nan	nan
6.000000000000000	nan	nan	nan
6.000000000000000	nan	nan	nan
6.000000000000000	nan	nan	nan
6.000000000000000	nan	nan	nan
6.000000000000000	nan	nan	nan
6.000000000000000	nan	nan	nan
6.000000000000000	nan	nan	nan
6.000000000000000	nan	nan	nan
6.000000000000000	nan	nan	nan
6.000000000000000	nan	nan	nan
6.000000000000000	nan	nan	nan
6.000000000000000	nan	nan	nan
6.000000000000000	nan	nan	nan
6.000000000000000	nan	nan	nan
6.000000000000000	nan	nan	nan
6.000000000000000	nan	nan	nan
6.000000000000000	nan	nan	nan
6.000000000000000	nan	nan	nan
6.000000000000000	nan	nan	nan
6.000000000000000	nan	nan	nan
6.000000000000000	nan	nan	nan
6.000000000000000	nan	nan	nan
6.000000000000000	nan	nan	nan
6.000000000000000	nan	nan	nan
6.000000000000000	nan	nan	nan
6.000000000000000	nan	nan	nan
6.000000000000000	nan	nan	nan
6.000000000000000	nan	nan	nan
6.000000000000000	nan	nan	nan
6.000000000000000	nan	nan	nan
6.000000000000000	nan	nan	nan
6.000000000000000	nan	nan	nan
6.000000000000000	nan	nan	nan
6.000000000000000	nan	nan	nan
6.000000000000000	nan	nan	nan
6.000000000000000	nan	nan	nan
6.000000000000000	nan	nan	nan
6.000000000000000	nan	nan	nan
6.000000000000000	nan	nan	nan
6.000000000000000	nan	nan	nan
6.000000000000000	nan	nan	nan
6.000000000000000	nan	nan	nan
6.000000000000000	nan	nan	nan
6.000000000000000	nan	nan	nan
6.000000000000000	nan	nan	nan
6.000000000000000	nan	nan	nan
6.000000000000000	nan	nan	nan
6.000000000000000	nan	nan	nan
6.000000000000000	nan	nan	nan
6.000000000000000	nan	nan	nan
6.000000000000000	nan	nan	nan
6.000000000000000	nan	nan	nan
6.000000000000000	nan	nan	nan
6.000000000000000	nan	nan	nan
6.000000000000000	nan	nan	nan


7.000000000000000	-0.641523550765437	-0.244001462117941	0.004941491916497
7.000000000000000	-0.624081237331237	-0.285803900656004	0.005459714918195
7.000000000000000	-0.604020479942011	-0.326415385320288	0.005955141019491
7.000000000000000	-0.581422056187444	-0.365672387995620	0.006425775314330
7.000000000000000	-0.556376961944024	-0.403416834587740	0.006869722724515
7.000000000000000	-0.528986044966758	-0.439496741531891	0.007285195630515
7.000000000000000	-0.499359598810862	-0.473766827776985	0.007670521069574
7.000000000000000	-0.467616918718535	-0.506089099781128	0.008024147472149
7.000000000000000	-0.433885821259127	-0.536333407162903	0.008344650909525
7.000000000000000	-0.398302129656928	-0.564377966771023	0.008630740827482
7.000000000000000	-0.361009126878976	-0.590109853062099	0.008881265242891
7.000000000000000	-0.322156978685127	-0.613425452811947	0.009095215382355
7.000000000000000	-0.281902128963532	-0.634230882329468	0.009271729744173
7.000000000000000	-0.240406669786323	-0.652442365493144	0.009410097567310
7.000000000000000	-0.197837688722041	-0.667986571087902	0.009509761693379
7.000000000000000	-0.154366596032978	-0.680800908084043	0.009570320810119
7.000000000000000	-0.110168434466539	-0.690833777669225	0.009591531067342
7.000000000000000	-0.065421174419888	-0.698044781018667	0.009573307058827
7.000000000000000	-0.020304997315965	-0.702404881966958	0.009515722166225
7.000000000000000	0.024998429923505	-0.703896523926452	0.009419008263574
7.000000000000000	0.070306686386592	-0.702513700581442	0.009283554783626
7.000000000000000	0.115437331715784	-0.698261980073481	0.009109907149737
7.000000000000000	0.160208640730923	-0.691158482580434	0.008898764579640
7.000000000000000	0.204440335172358	-0.681231811379573	0.008650977269944
7.000000000000000	0.247954309617875	-0.668521937672265	0.008367542972690
7.000000000000000	0.290575348650368	-0.653080039634060	0.008049602977757
7.000000000000000	0.332131832388482	-0.634968296338236	0.007698437517290
7.000000000000000	0.372456427539307	-0.614259637382617	0.007315460610656
7.000000000000000	0.411386761190485	-0.591037449227827	0.006902214370688
7.000000000000000	0.448766074628621	-0.565395239429438	0.006460362794143
7.000000000000000	0.484443854551295	-0.537436260116049	0.005991685061370
7.000000000000000	0.518276439131010	-0.507273092229409	0.005498068372183
7.000000000000000	0.550127596490662	-0.475027192200695	0.004981500346770
7.000000000000000	0.579869073261231	-0.440828402888332	0.004444061022249
7.000000000000000	0.607381111012833	-0.404814430746632	0.003887914477095
7.000000000000000	0.632552928479642	-0.367130291330503	0.003315300117157
7.000000000000000	0.655283167636956	-0.327927725368992	0.002728523658361
7.000000000000000	0.675480301834186	-0.287364587758922	0.002129947842408
7.000000000000000	0.693063004340371	-0.245604211938946	0.001521982922845
7.000000000000000	0.707960475818225	-0.202814752203423	0.000907076959826
7.000000000000000	0.720112729408076	-0.159168506604437	0.000287705962636
7.000000000000000	0.729470832273779	-0.114841223168344	-0.000333636080321
7.000000000000000	0.735997102637979	-0.070011392220503	-0.000954447243939
7.000000000000000	0.739665261513325	-0.024859527667731	-0.001572227740771
7.000000000000000	0.740460538518680	0.020432559867487	-0.002184489986799
7.000000000000000	0.738379731354232	0.065682495134208	-0.002788768618053
7.000000000000000	0.733431218696024	0.110708072613793	-0.003382630417761
7.000000000000000	0.725634926457984	0.155327990197231	-0.003963684114056
7.000000000000000	0.715022247557302	0.199362579224734	-0.004529590008781
7.000000000000000	0.701635915506232	0.242634527948022	-0.005078069398631
7.000000000000000	0.685529832339321	0.284969595502152	-0.005606913750687
7.000000000000000	0.666768851568940	0.326197313511982	-0.006113993595394
7.000000000000000	0.645428517043081	0.366151672508151	-0.006597267101189
7.000000000000000	0.621594758756941	0.404671790388625	-0.007054788296232
7.000000000000000	0.595363546843162	0.441602560234134	-0.007484714904150
7.000000000000000	0.566840505133978	0.476795274868996	-0.007885315762233
7.000000000000000	0.536140485851322	0.510108225652425	-0.008254977792214
7.000000000000000	0.503387107137464	0.541407273089215	-0.008592212495570
7.000000000000000	0.468712255288386	0.570566386962141	-0.008895661947174
7.000000000000000	0.432255553694209	0.597468153811165	-0.009164104263186
7.000000000000000	0.394163800625088	0.622004249715998	-0.009396458521143
7.000000000000000	0.354590378126385	0.644075876478291	-0.009591789112458
7.000000000000000	0.313694634403310	0.663594159447117	-0.009749309509780
7.000000000000000	0.271641242181939	0.680480505385817	-0.009868385434064
7.000000000000000	0.228599535630262	0.694666918939225	-0.009948537408590
7.000000000000000	0.184742828509262	0.706096276426970	-0.009989442689647
7.000000000000000	0.140247716299564	0.714722555860367	-0.009990936566104
7.000000000000000	0.095293365113764	0.720511022256730	-0.009953013022649
7.000000000000000	0.050060790257728	0.723438367504885	-0.009875824764006
7.000000000000000	0.004732127345847	0.723492804218705	-0.009759682600050
7.000000000000000	-0.040510101094804	0.720674113200757	-0.009605054194282
7.000000000000000	-0.085483720578254	0.714993644324931	-0.009412562180718
7.000000000000000	-0.130007638212004	0.706474270834503	-0.009182981656759
7.000000000000000	-0.173902571894182	0.695150297239659	-0.008917237062144
7.000000000000000	-0.216991772219293	0.681067321185341	-0.008616398456563
7.000000000000000	-0.259101734185692	0.664282049845620	-0.008281677210902
7.000000000000000	-0.300062895838989	0.644862071583924	-0.007914421129480
7.000000000000000	-0.339710321038194	0.622885583798554	-0.007516109022915
7.000000000000000	-0.377884363595341	0.598441078049355	-0.007088344753479
7.000000000000000	-0.414431310114343	0.571626983733445	-0.006632850776908
7.000000000000000	-0.449203998940584	0.542551271744765	-0.006151461206682
7.000000000000000	-0.482062412728966	0.511331019713404	-0.005646114428697
7.000000000000000	-0.512874242244334	0.478091940575297	-0.005118845296069
7.000000000000000	-0.541515419124074	0.442967876370609	-0.004571776935499
7.000000000000000	-0.567870615457616	0.406100259309071	-0.004007112198190
7.000000000000000	-0.591833708171227	0.367637542272395	-0.003427124789744
7.000000000000000	-0.613308206348174	0.327734601046911	-0.002834150114753
7.000000000000000	-0.632207639763588	0.286552110693441	-0.002230575872946
7.000000000000000	-0.648455907069542	0.244255898565533	-0.001618832444766
7.000000000000000	-0.661987582228321	0.201016276581242	-0.001001383105089
7.000000000000000	-0.672748177959981	0.157007355437145	-0.000380714104479
7.000000000000000	-0.680694365143394	0.112406343526014	0.000240675342058
7.000000000000000	-0.685794147287332	0.067392833381165	0.000860283118537
7.000000000000000	-0.688026989369036	0.022148078520714	0.001475614283129
7.000000000000000	-0.687383900521511	-0.023145736396369	0.002084191114411
7.000000000000000	-0.683867470236572	-0.068306229163585	0.002683563088278
7.000000000000000	-0.677491857937875	-0.113151554415673	0.003271316745335
7.000000000000000	-0.668282735965912	-0.157501135855722	0.003845085409048
7.000000000000000	-0.656277186204565	-0.201176393372181	0.004402558715518
7.000000000000000	-0.641523550765437	-0.244001462117941	0.004941491916497


8.000000000000000	nan	nan	nan
8.000000000000000	nan	nan	nan
8.000000000000000	nan	nan	nan
8.000000000000000	nan	nan	nan
8.000000000000000	nan	nan	nan
8.000000000000000	nan	nan	nan
8.000000000000000	nan	nan	nan
8.000000000000000	nan	nan	nan
8.000000000000000	nan	nan	nan
8.000000000000000	nan	nan	nan
8.000000000000000	nan	nan	nan
8.000000000000000	nan	nan	nan
8.000000000000000	nan	nan	nan
8.000000000000000	nan	nan	nan
8.000000000000000	nan	nan	nan
8.000000000000000	nan	nan	nan
8.000000000000000	nan	nan	nan
8.000000000000000	nan	nan	nan
8.000000000000000	nan	nan	nan
8.000000000000000	nan	nan	nan
8.000000000000000	nan	nan	nan
8.000000000000000	nan	nan	nan
8.000000000000000	nan	nan	nan
8.000000000000000	nan	nan	nan
8.000000000000000	nan	nan	nan
8.000000000000000	nan	nan	nan
8.000000000000000	nan	nan	nan
8.000000000000000	nan	nan	nan
8.000000000000000	nan	nan	nan
8.000000000000000	nan	nan	nan
8.000000000000000	nan	nan	nan
8.000000000000000	nan	nan	nan
8.000000000000000	nan	nan	nan
8.000000000000000	nan	nan	nan
8.000000000000000	nan	nan	nan
8.000000000000000	nan	nan	nan
8.000000000000000	nan	nan	nan
8.000000000000000	nan	nan	nan
8.000000000000000	nan	nan	nan
8.000000000000000	nan	nan	nan
8.000000000000000	nan	nan	nan
8.000000000000000	nan	nan	nan
8.000000000000000	nan	nan	nan
8.000000000000000	nan	nan	nan
8.000000000000000	nan	nan	nan
8.000000000000000	nan	nan	nan
8.000000000000000	nan	nan	nan
8.000000000000000	nan	nan	nan
8.000000000000000	nan	nan	nan
8.000000000000000	nan	nan	nan
8.000000000000000	nan	nan	nan
8.000000000000000	nan	nan	nan
8.000000000000000	nan	nan	nan
8.000000000000000	nan	nan	nan
8.000000000000000	nan	nan	nan
8.000000000000000	nan	nan	nan
8.000000000000000	nan	nan	nan
8.000000000000000	nan	nan	nan
8.000000000000000	nan	nan	nan
8.000000000000000	nan	nan	nan
8.000000000000000	nan	nan	nan
8.000000000000000	nan	nan	nan
8.000000000000000	nan	nan	nan
8.000000000000000	nan	nan	nan
8.000000000000000	nan	nan	nan
8.000000000000000	nan	nan	nan
8.000000000000000	nan	nan	nan
8.000000000000000	nan	nan	nan
8.000000000000000	nan	nan	nan
8.000000000000000	nan	nan	nan
8.000000000000000	nan	nan	nan
8.000000000000000	nan	nan	nan
8.000000000000000	nan	nan	nan
8.000000000000000	nan	nan	nan
8.000000000000000	nan	nan	nan
8.000000000000000	nan	nan	nan
8.000000000000000	nan	nan	nan
8.000000000000000	nan	nan	nan
8.000000000000000	nan	nan	nan
8.000000000000000	nan	nan	nan
8.000000000000000	nan	nan	nan
8.000000000000000	nan	nan	nan
8.000000000000000	nan	nan	nan
8.000000000000000	nan	nan	nan
8.000000000000000	nan	nan	nan
8.000000000000000	nan	nan	nan
8.000000000000000	nan	nan	nan
8.000000000000000	nan	nan	nan
8.000000000000000	nan	nan	nan
8.000000000000000	nan	nan	nan
8.000000000000000	nan	nan	nan
8.000000000000000	nan	nan	nan
8.000000000000000	nan	nan	nan
8.000000000000000	nan	nan	nan
8.000000000000000	nan	nan	nan
8.000000000000000	nan	nan	nan
8.000000000000000	nan	nan	nan
8.000000000000000	nan	nan	nan
8.000000000000000	nan	nan	nan
8.000000000000000	nan	nan	nan


9.000000000000000	nan	nan	nan
9.000000000000000	nan	nan	nan
9.000000000000000	nan	nan	nan
9.000000000000000	nan	nan	nan
9.000000000000000	nan	nan	nan
9.000000000000000	nan	nan	nan
9.000000000000000	nan	nan	nan
9.000000000000000	nan	nan	nan
9.000000000000000	nan	nan	nan
9.000000000000000	nan	nan	nan
9.000000000000000	nan	nan	nan
9.000000000000000	nan	nan	nan
9.000000000000000	nan	nan	nan
9.000000000000000	nan	nan	nan
9.000000000000000	nan	nan	nan
9.000000000000000	nan	nan	nan
9.000000000000000	nan	nan	nan
9.000000000000000	nan	nan	nan
9.000000000000000	nan	nan	nan
9.000000000000000	nan	nan	nan
9.000000000000000	nan	nan	nan
9.000000000000000	nan	nan	nan
9.000000000000000	nan	nan	nan
9.000000000000000	nan	nan	nan
9.000000000000000	nan	nan	nan
9.000000000000000	nan	nan	nan
9.000000000000000	nan	nan	nan
9.000000000000000	nan	nan	nan
9.000000000000000	nan	nan	nan
9.000000000000000	nan	nan	nan
9.000000000000000	nan	nan	nan
9.000000000000000	nan	nan	nan
9.000000000000000	nan	nan	nan
9.000000000000000	nan	nan	nan
9.000000000000000	nan	nan	nan
9.000000000000000	nan	nan	nan
9.000000000000000	nan	nan	nan
9.000000000000000	nan	nan	nan
9.000000000000000	nan	nan	nan
9.000000000000000	nan	nan	nan
9.000000000000000	nan	nan	nan
9.000000000000000	nan	nan	nan
9.000000000000000	nan	nan	nan
9.000000000000000	nan	nan	nan
9.000000000000000	nan	nan	nan
9.000000000000000	nan	nan	nan
9.000000000000000	nan	nan	nan
9.000000000000000	nan	nan	nan
9.000000000000000	nan	nan	nan
9.000000000000000	nan	nan	nan
9.000000000000000	nan	nan	nan
9.000000000000000	nan	nan	nan
9.000000000000000	nan	nan	nan
9.000000000000000	nan	nan	nan
9.000000000000000	nan	nan	nan
9.000000000000000	nan	nan	nan
9.000000000000000	nan	nan	nan
9.000000000000000	nan	nan	nan
9.000000000000000	nan	nan	nan
9.000000000000000	nan	nan	nan
9.000000000000000	nan	nan	nan
9.000000000000000	nan	nan	nan
9.000000000000000	nan	nan	nan
9.000000000000000	nan	nan	nan
9.000000000000000	nan	nan	nan
9.000000000000000	nan	nan	nan
9.000000000000000	nan	nan	nan
9.000000000000000	nan	nan	nan
9.000000000000000	nan	nan	nan
9.000000000000000	nan	nan	nan
9.000000000000000	nan	nan	nan
9.000000000000000	nan	nan	nan
9.000000000000000	nan	nan	nan
9.000000000000000	nan	nan	nan
9.000000000000000	nan	nan	nan
9.000000000000000	nan	nan	nan
9.000000000000000	nan	nan	nan
9.000000000000000	nan	nan	nan
9.000000000000000	nan	nan	nan
9.000000000000000	nan	nan	nan
9.000000000000000	nan	nan	nan
9.000000000000000	nan	nan	nan
9.000000000000000	nan	nan	nan
9.000000000000000	nan	nan	nan
9.000000000000000	nan	nan	nan
9.000000000000000	nan	nan	nan
9.000000000000000	nan	nan	nan
9.000000000000000	nan	nan	nan
9.000000000000000	nan	nan	nan
9.000000000000000	nan	nan	nan
9.000000000000000	nan	nan	nan
9.000000000000000	nan	nan	nan
9.000000000000000	nan	nan	nan
9.000000000000000	nan	nan	nan
9.000000000000000	nan	nan	nan
9.000000000000000	nan	nan	nan
9.000000000000000	nan	nan	nan
9.000000000000000	nan	nan	nan
9.000000000000000	nan	nan	nan
9.000000000000000	nan	nan	nan


10.000000000000000	-0.939955647289807	0.070969857440914	-0.039457831176908
10.000000000000000	-0.942932549914281	0.003664038332500	-0.038122854085793
10.000000000000000	-0.941607567922116	-0.063694665904709	-0.036613169449007
10.000000000000000	-0.935986036548152	-0.130835025542585	-0.034934856233747
10.000000000000000	-0.926090591715146	-0.197486690049639	-0.033094672414980
10.000000000000000	-0.911961078886907	-0.263381276697189	-0.031100027763464
10.000000000000000	-0.893654392624668	-0.328253451241889	-0.028958954009213
10.000000000000000	-0.871244247492779	-0.391841996333079	-0.026680072500556
10.000000000000000	-0.844820881236163	-0.453890863342856	-0.024272559489013
10.000000000000000	-0.814490691424774	-0.514150203383533	-0.021746109179763
10.000000000000000	-0.780375807028130	-0.572377373360926	-0.019110894696507
10.000000000000000	-0.742613596645061	-0.628337913012450	-0.016377527117887
10.000000000000000	-0.701356115368843	-0.681806488995855	-0.013557012750416
10.000000000000000	-0.656769492515005	-0.732567802227056	-0.010660708809971
10.000000000000000	-0.609033262677207	-0.780417454813558	-0.007700277690285
10.000000000000000	-0.558339642804802	-0.825162773092634	-0.004687640002613
10.000000000000000	-0.504892758213018	-0.866623583460155	-0.001634926575631
10.000000000000000	-0.448907820642363	-0.904632937866106	0.001445570391126
10.000000000000000	-0.390610261676898	-0.939037786055458	0.004541446823616
10.000000000000000	-0.330234825010817	-0.969699591847530	0.007640236720116
10.000000000000000	-0.268024621218440	-0.996494890972290	0.010729462347410
10.000000000000000	-0.204230148833734	-1.019315788217397	0.013796684484221
10.000000000000000	-0.139108285681133	-1.038070391884138	0.016829552509560
10.000000000000000	-0.072921254519196	-1.052683183802869	0.019815854134322
10.000000000000000	-0.005935567162110	-1.063095323418025	0.022743564575859
10.000000000000000	0.061579048669316	-1.069264884718277	0.025600894977542
10.000000000000000	0.129350735445994	-1.071167025057776	0.028376339878320
10.000000000000000	0.197106600504868	-1.068794085188724	0.031058723541152
10.000000000000000	0.264573814891357	-1.062155620102460	0.033637244953760
10.000000000000000	0.331480711945258	-1.051278360554881	0.036101521320487
10.000000000000000	0.397557881206509	-1.036206105431123	0.038441629870157
10.000000000000000	0.462539253236019	-1.016999545382913	0.040648147811566
10.000000000000000	0.526163170983396	-0.993736018448728	0.042712190275741
10.000000000000000	0.588173443387537	-0.966509198640815	0.044625446092170
10.000000000000000	0.648320376967609	-0.935428718753004	0.046380211254951
10.000000000000000	0.706361781250571	-0.900619728908143	0.047969419944108
10.000000000000000	0.762063943986727	-0.862222392622720	0.049386672977150
10.000000000000000	0.815202572226470	-0.820391322417855	0.050626263576325
10.000000000000000	0.865563695468826	-0.775294957249249	0.051683200347795
10.000000000000000	0.912944527245144	-0.727114884262955	0.052553227380220
10.000000000000000	0.957154281668628	-0.676045107608031	0.053232841381812
10.000000000000000	0.998014941661773	-0.622291267250307	0.053719305786852
10.000000000000000	1.035361975768302	-0.566069810932822	0.054010661774875
10.000000000000000	1.069045000663272	-0.507607122617152	0.054105736158150
10.000000000000000	1.098928386693643	-0.447138610915104	0.054004146105691
10.000000000000000	1.124891804011026	-0.384907761181317	0.053706300684785
10.000000000000000	1.146830707097511	-0.321165155083679	0.053213399213817
10.000000000000000	1.164656755733567	-0.256167461599389	0.052527426433046
10.000000000000000	1.178298170712930	-0.190176403499577	0.051651144512749
10.000000000000000	1.187700022872130	-0.123457703484079	0.050588081930942
10.000000000000000	1.192824454270847	-0.056280014209908	0.049342519265440
10.000000000000000	1.193650830632475	0.011086163478177	0.047919471957483
10.000000000000000	1.190175824431071	0.078369569759097	0.046324670116325
10.000000000000000	1.182413428290124	0.145299278103019	0.044564535446105
10.000000000000000	1.170394898639205	0.211605786196865	0.042646155387912
10.000000000000000	1.154168629855355	0.277022101135009	0.040577254581159
10.000000000000000	1.133799959396004	0.341284814505478	0.038366163759189
10.000000000000000	1.109370904708097	0.404135163042652	0.036021786204352
10.000000000000000	1.080979832972779	0.465320070575611	0.033553561897628
10.000000000000000	1.048741065015478	0.524593167076551	0.030971429507156
10.000000000000000	1.012784414976284	0.581715780705934	0.028285786368724
10.000000000000000	0.973254667594231	0.636457898859744	0.025507446619370
10.000000000000000	0.930310995210247	0.688599094349065	0.022647597652666
10.000000000000000	0.884126316836321	0.737929412982573	0.019717755071037
10.000000000000000	0.834886601871671	0.784250218977957	0.016729716316488
10.000000000000000	0.782790121269609	0.827374994798116	0.013695513166474
10.000000000000000	0.728046649170390	0.867130092191442	0.010627363286177
10.000000000000000	0.670876618214791	0.903355431412045	0.007537621032282
10.000000000000000	0.611510231939665	0.935905145804393	0.004438727706339
10.000000000000000	0.550186537829545	0.964648169156846	0.001343161458036
10.000000000000000	0.487152464756796	0.989468763459035	-0.001736612959906
10.000000000000000	0.422661828686200	1.010266984937979	-0.004788194382891
10.000000000000000	0.356974310647645	1.026959086496385	-0.007799295169568
10.000000000000000	0.290354411092271	1.039477854932651	-0.010757790679817
10.000000000000000	0.223070384842509	1.047772881584705	-0.013651768096400
10.000000000000000	0.155393160924591	1.051810765307896	-0.016469574393673
10.000000000000000	0.087595251632978	1.051575246969619	-0.019199863260204
10.000000000000000	0.019949655219539	1.047067274919096	-0.021831640786365
10.000000000000000	-0.047271243374063	1.038305001168714	-0.024354309732929
10.000000000000000	-0.113796769314386	1.025323708302276	-0.026757712202407
10.000000000000000	-0.179359047788240	1.008175667404488	-0.029032170541321
10.000000000000000	-0.243694082640008	0.986929927583753	-0.031168526308696
10.000000000000000	-0.306542819390992	0.961672037935776	-0.033158177153871
10.000000000000000	-0.367652188360364	0.932503703067555	-0.034993111455126
10.000000000000000	-0.426776123687457	0.899542373568823	-0.036665940579660
10.000000000000000	-0.483676554152134	0.862920773079974	-0.038169928635002
10.000000000000000	-0.538124361803564	0.822786363860812	-0.039499019592076
10.000000000000000	-0.589900304537351	0.779300753012074	-0.040647861670693
10.000000000000000	-0.638795898906101	0.732639041740671	-0.041611828889279
10.000000000000000	-0.684614259608688	0.682989120288932	-0.042387039692071
10.000000000000000	-0.727170892277866	0.630550911366914	-0.042970372578772
10.000000000000000	-0.766294436373975	0.575535565134207	-0.043359478673731
10.000000000000000	-0.801827355193352	0.518164608972766	-0.043552791184036
10.000000000000000	-0.833626570213033	0.458669055474331	-0.043549531708436
10.000000000000000	-0.861564037217468	0.397288472234257	-0.043349713371690
10.000000000000000	-0.885527261887385	0.334270017197357	-0.042954140771714
10.000000000000000	-0.905419752774710	0.269867443440091	-0.042364406739754
10.000000000000000	-0.921161409839570	0.204340077396496	-0.041582885926614
10.000000000000000	-0.932688846984885	0.137951774642153	-0.040612725240775
10.000000000000000	-0.939955647289807	0.070969857440914	-0.039457831176908


11.000000000000000	nan	nan	nan
11.000000000000000	nan	nan	nan
11.000000000000000	nan	nan	nan
11.000000000000000	nan	nan	nan
11.000000000000000	nan	nan	nan
11.000000000000000	nan	nan	nan
11.000000000000000	nan	nan	nan
11.000000000000000	nan	nan	nan
11.000000000000000	nan	nan	nan
11.000000000000000	nan	nan	nan
11.000000000000000	nan	nan	nan
11.000000000000000	nan	nan	nan
11.000000000000000	nan	nan	nan
11.000000000000000	nan	nan	nan
11.000000000000000	nan	nan	nan
11.000000000000000	nan	nan	nan
11.000000000000000	nan	nan	nan
11.000000000000000	nan	nan	nan
11.000000000000000	nan	nan	nan
11.000000000000000	nan	nan	nan
11.000000000000000	nan	nan	nan
11.000000000000000	nan	nan	nan
11.000000000000000	nan	nan	nan
11.000000000000000	nan	nan	nan
11.000000000000000	nan	nan	nan
11.000000000000000	nan	nan	nan
11.000000000000000	nan	nan	nan
11.000000000000000	nan	nan	nan
11.000000000000000	nan	nan	nan
11.000000000000000	nan	nan	nan
11.000000000000000	nan	nan	nan
11.000000000000000	nan	nan	nan
11.000000000000000	nan	nan	nan
11.000000000000000	nan	nan	nan
11.000000000000000	nan	nan	nan
11.000000000000000	nan	nan	nan
11.000000000000000	nan	nan	nan
11.000000000000000	nan	nan	nan
11.000000000000000	nan	nan	nan
11.000000000000000	nan	nan	nan
11.000000000000000	nan	nan	nan
11.000000000000000	nan	nan	nan
11.000000000000000	nan	nan	nan
11.000000000000000	nan	nan	nan
11.000000000000000	nan	nan	nan
11.000000000000000	nan	nan	nan
11.000000000000000	nan	nan	nan
11.000000000000000	nan	nan	nan
11.000000000000000	nan	nan	nan
11.000000000000000	nan	nan	nan
11.000000000000000	nan	nan	nan
11.000000000000000	nan	nan	nan
11.000000000000000	nan	nan	nan
11.000000000000000	nan	nan	nan
11.000000000000000	nan	nan	nan
11.000000000000000	nan	nan	nan
11.000000000000000	nan	nan	nan
11.000000000000000	nan	nan	nan
11.000000000000000	nan	nan	nan
11.000000000000000	nan	nan	nan
11.000000000000000	nan	nan	nan
11.000000000000000	nan	nan	nan
11.000000000000000	nan	nan	nan
11.000000000000000	nan	nan	nan
11.000000000000000	nan	nan	nan
11.000000000000000	nan	nan	nan
11.000000000000000	nan	nan	nan
11.000000000000000	nan	nan	nan
11.000000000000000	nan	nan	nan
11.000000000000000	nan	nan	nan
11.000000000000000	nan	nan	nan
11.000000000000000	nan	nan	nan
11.000000000000000	nan	nan	nan
11.000000000000000	nan	nan	nan
11.000000000000000	nan	nan	nan
11.000000000000000	nan	nan	nan
11.000000000000000	nan	nan	nan
11.000000000000000	nan	nan	nan
11.000000000000000	nan	nan	nan
11.000000000000000	nan	nan	nan
11.000000000000000	nan	nan	nan
11.000000000000000	nan	nan	nan
11.000000000000000	nan	nan	nan
11.000000000000000	nan	nan	nan
11.000000000000000	nan	nan	nan
11.000000000000000	nan	nan	nan
11.000000000000000	nan	nan	nan
11.000000000000000	nan	nan	nan
11.000000000000000	nan	nan	nan
11.000000000000000	nan	nan	nan
11.000000000000000	nan	nan	nan
11.000000000000000	nan	nan	nan
11.000000000000000	nan	nan	nan
11.000000000000000	nan	nan	nan
11.000000000000000	nan	nan	nan
11.000000000000000	nan	nan	nan
11.000000000000000	nan	nan	nan
11.000000000000000	nan	nan	nan
11.000000000000000	nan	nan	nan
11.000000000000000	nan	nan	nan


12.000000000000000	nan	nan	nan
12.000000000000000	nan	nan	nan
12.000000000000000	nan	nan	nan
12.000000000000000	nan	nan	nan
12.000000000000000	nan	nan	nan
12.000000000000000	nan	nan	nan
12.000000000000000	nan	nan	nan
12.000000000000000	nan	nan	nan
12.000000000000000	nan	nan	nan
12.000000000000000	nan	nan	nan
12.000000000000000	nan	nan	nan
12.000000000000000	nan	nan	nan
12.000000000000000	nan	nan	nan
12.000000000000000	nan	nan	nan
12.000000000000000	nan	nan	nan
12.000000000000000	nan	nan	nan
12.000000000000000	nan	nan	nan
12.000000000000000	nan	nan	nan
12.000000000000000	nan	nan	nan
12.000000000000000	nan	nan	nan
12.000000000000000	nan	nan	nan
12.000000000000000	nan	nan	nan
12.000000000000000	nan	nan	nan
12.000000000000000	nan	nan	nan
12.000000000000000	nan	nan	nan
12.000000000000000	nan	nan	nan
12.000000000000000	nan	nan	nan
12.000000000000000	nan	nan	nan
12.000000000000000	nan	nan	nan
12.000000000000000	nan	nan	nan
12.000000000000000	nan	nan	nan
12.000000000000000	nan	nan	nan
12.000000000000000	nan	nan	nan
12.000000000000000	nan	nan	nan
12.000000000000000	nan	nan	nan
12.000000000000000	nan	nan	nan
12.000000000000000	nan	nan	nan
12.000000000000000	nan	nan	nan
12.000000000000000	nan	nan	nan
12.000000000000000	nan	nan	nan
12.000000000000000	nan	nan	nan
12.000000000000000	nan	nan	nan
12.000000000000000	nan	nan	nan
12.000000000000000	nan	nan	nan
12.000000000000000	nan	nan	nan
12.000000000000000	nan	nan	nan
12.000000000000000	nan	nan	nan
12.000000000000000	nan	nan	nan
12.000000000000000	nan	nan	nan
12.000000000000000	nan	nan	nan
12.000000000000000	nan	nan	nan
12.000000000000000	nan	nan	nan
12.000000000000000	nan	nan	nan
12.000000000000000	nan	nan	nan
12.000000000000000	nan	nan	nan
12.000000000000000	nan	nan	nan
12.000000000000000	nan	nan	nan
12.000000000000000	nan	nan	nan
12.000000000000000	nan	nan	nan
12.000000000000000	nan	nan	nan
12.000000000000000	nan	nan	nan
12.000000000000000	nan	nan	nan
12.000000000000000	nan	nan	nan
12.000000000000000	nan	nan	nan
12.000000000000000	nan	nan	nan
12.000000000000000	nan	nan	nan
12.000000000000000	nan	nan	nan
12.000000000000000	nan	nan	nan
12.000000000000000	nan	nan	nan
12.000000000000000	nan	nan	nan
12.000000000000000	nan	nan	nan
12.000000000000000	nan	nan	nan
12.000000000000000	nan	nan	nan
12.000000000000000	nan	nan	nan
12.000000000000000	nan	nan	nan
12.000000000000000	nan	nan	nan
12.000000000000000	nan	nan	nan
12.000000000000000	nan	nan	nan
12.000000000000000	nan	nan	nan
12.000000000000000	nan	nan	nan
12.000000000000000	nan	nan	nan
12.000000000000000	nan	nan	nan
12.000000000000000	nan	nan	nan
12.000000000000000	nan	nan	nan
12.000000000000000	nan	nan	nan
12.000000000000000	nan	nan	nan
12.000000000000000	nan	nan	nan
12.000000000000000	nan	nan	nan
12.000000000000000	nan	nan	nan
12.000000000000000	nan	nan	nan
12.000000000000000	nan	nan	nan
12.000000000000000	nan	nan	nan
12.000000000000000	nan	nan	nan
12.000000000000000	nan	nan	nan
12.000000000000000	nan	nan	nan
12.000000000000000	nan	nan	nan
12.000000000000000	nan	nan	nan
12.000000000000000	nan	nan	nan
12.000000000000000	nan	nan	nan
12.000000000000000	nan	nan	nan


13.000000000000000	-0.153697366401674	0.464017934879305	-0.005086246044058
13.000000000000000	-0.188108818167702	0.451398677930330	-0.002936211115208
13.000000000000000	-0.221638762451178	0.436587257190580	-0.000770247643224
13.000000000000000	-0.254152186000657	0.419643313023778	0.001402922801455
13.000000000000000	-0.285518168734914	0.400635072712822	0.003574549628455
13.000000000000000	-0.315610410911909	0.379639075732605	0.005735888463007
13.000000000000000	-0.344307741693263	0.356739865552560	0.007878236356454
13.000000000000000	-0.371494607056463	0.332029649209949	0.009992966829958
13.000000000000000	-0.397061535090128	0.305607926024666	0.012071564610284
13.000000000000000	-0.420905576798753	0.277581086950596	0.014105659917797
13.000000000000000	-0.442930720641984	0.248061986176792	0.016087062168616
13.000000000000000	-0.463048279139200	0.217169486703487	0.018007792955200
13.000000000000000	-0.481177245982702	0.185027981722745	0.019860118172582
13.000000000000000	-0.497244622221516	0.151766893730981	0.021636579160878
13.000000000000000	-0.511185710202408	0.117520153390242	0.023330022738679
13.000000000000000	-0.522944374084500	0.082425660236707	0.024933630006387
13.000000000000000	-0.532473265878485	0.046624727407924	0.026440943803519
13.000000000000000	-0.539734016100273	0.010261512624677	0.027845894709411
13.000000000000000	-0.544697388271356	-0.026517562281272	0.029142825482633
13.000000000000000	-0.547343396643794	-0.063564400956221	0.030326513840705
13.000000000000000	-0.547661386675761	-0.100729828856278	0.031392193488384
13.000000000000000	-0.545650077933633	-0.137864193920595	0.032335573309855
13.000000000000000	-0.541317569247834	-0.174817969167401	0.033152854647536
13.000000000000000	-0.534681306101712	-0.211442354786382	0.033840746597935
13.000000000000000	-0.525768010384726	-0.247589877302998	0.034396479262955
13.000000000000000	-0.514613572792838	-0.283114983402119	0.034817814903295
13.000000000000000	-0.501262908309341	-0.317874626019847	0.035103056949042
13.000000000000000	-0.485769775348076	-0.351728840343561	0.035251056831149
13.000000000000000	-0.468196559287273	-0.384541307400813	0.035261218606328
13.000000000000000	-0.448614021265651	-0.416179902967719	0.035133501356697
13.000000000000000	-0.427101013252291	-0.446517229586576	0.034868419354543
13.000000000000000	-0.403744160537578	-0.475431129550461	0.034467039991530
13.000000000000000	-0.378637512923739	-0.502805176789200	0.033930979480687
13.000000000000000	-0.351882166019481	-0.528529145676062	0.033262396348494
13.000000000000000	-0.323585854163654	-0.552499454867454	0.032463982743251
13.000000000000000	-0.293862516617095	-0.574619584388433	0.031538953594751
13.000000000000000	-0.262831838769436	-0.594800464284581	0.030491033668892
13.000000000000000	-0.230618770208286	-0.612960833275272	0.029324442569359
13.000000000000000	-0.197353021591339	-0.629027565964168	0.028043877746768
13.000000000000000	-0.163168542347337	-0.642935967289385	0.026654495583694
13.000000000000000	-0.128202981308996	-0.654630033027671	0.025161890631731
13.000000000000000	-0.092597132449740	-0.664062675303644	0.023572073084217
13.000000000000000	-0.056494367956064	-0.671195912196051	0.021891444575300
13.000000000000000	-0.020040060918337	-0.676001020677559	0.020126772402816
13.000000000000000	0.016619000035319	-0.678458652272245	0.018285162278775
13.000000000000000	0.053335201805032	-0.678558910965084	0.016374029717162
13.000000000000000	0.089960701205029	-0.676301393049704	0.014401070174280
13.000000000000000	0.126348020275970	-0.671695188753975	0.012374228061863
13.000000000000000	0.162350640126631	-0.664758845636863	0.010301664757739
13.000000000000000	0.197823590913776	-0.655520293903964	0.008191725742833
13.000000000000000	0.232624035584542	-0.644016733942415	0.006052906996869
13.000000000000000	0.266611845030838	-0.630294486528072	0.003893820788055
13.000000000000000	0.299650162339811	-0.614408806308091	0.001723160994517
13.000000000000000	0.331605953868325	-0.596423659309966	-0.000450331902877
13.000000000000000	0.362350544922494	-0.576411465372913	-0.002617906015350
13.000000000000000	0.391760137885252	-0.554452806538737	-0.004770833286983
13.000000000000000	0.419716310705673	-0.530636102576392	-0.006900444639515
13.000000000000000	0.446106493742765	-0.505057254946776	-0.008998164879662
13.000000000000000	0.470824423043688	-0.477819260641400	-0.011055547228396
13.000000000000000	0.493770568231187	-0.449031797449850	-0.013064307333137
13.000000000000000	0.514852533277291	-0.418810782326044	-0.015016356625923
13.000000000000000	0.533985428549506	-0.387277904631565	-0.016903834893217
13.000000000000000	0.551092212631409	-0.354560136135558	-0.018719141926208
13.000000000000000	0.566104002541234	-0.320789219744222	-0.020454968124177
13.000000000000000	0.578960351099333	-0.286101139018631	-0.022104323927674
13.000000000000000	0.589609490327628	-0.250635570616926	-0.023660567963008
13.000000000000000	0.598008539900996	-0.214535321865707	-0.025117433784714
13.000000000000000	0.604123679811198	-0.177945755725340	-0.026469055108321
13.000000000000000	0.607930286548114	-0.141014205464612	-0.027709989431805
13.000000000000000	0.609413032249934	-0.103889381401661	-0.028835239950625
13.000000000000000	0.608565946423042	-0.066720772100015	-0.029840275678093
13.000000000000000	0.605392439983089	-0.029658042430902	-0.030721049690054
13.000000000000000	0.599905291520440	0.007149569074361	-0.031474015420426
13.000000000000000	0.592126595845300	0.043553851155257	-0.032096140941968
13.000000000000000	0.582087675019709	0.079408216616514	-0.032584921174779
13.000000000000000	0.569828952234658	0.114568292582991	-0.032938387973375
13.000000000000000	0.555399789040162	0.148892501838303	-0.033155118051710
13.000000000000000	0.538858286583722	0.182242632906293	-0.033234238714254
13.000000000000000	0.520271051657511	0.214484396579874	-0.033175431370022
13.000000000000000	0.499712928496327	0.245487966656259	-0.032978932815436
13.000000000000000	0.477266697406279	0.275128502701268	-0.032645534280820
13.000000000000000	0.453022741437709	0.303286652737692	-0.032176578244404
13.000000000000000	0.427078682444550	0.329849033833576	-0.031573953026630
13.000000000000000	0.399538987995572	0.354708688655274	-0.030840085186558
13.000000000000000	0.370514550720359	0.377765516146879	-0.029977929750966
13.000000000000000	0.340122241783823	0.398926674601848	-0.028990958315499
13.000000000000000	0.308484440287277	0.418106955503780	-0.027883145065785
13.000000000000000	0.275728540490980	0.435229126631044	-0.026658950774783
13.000000000000000	0.241986438842423	0.450224243043674	-0.025323304840831
13.000000000000000	0.207394002875879	0.463031924700309	-0.023881585438698
13.000000000000000	0.172090524121802	0.473600599587310	-0.022339597863570
13.000000000000000	0.136218157228991	0.481887711381054	-0.020703551155178
13.000000000000000	0.099921347557995	0.487859890807232	-0.018980033096183
13.000000000000000	0.063346249550626	0.491493090007140	-0.017175983685504
13.000000000000000	0.026640138217607	0.492772679369913	-0.015298667193390
13.000000000000000	-0.010049183885917	0.491693506440812	-0.013355642910767
13.000000000000000	-0.046573981809103	0.488259916668333	-0.011354734710644
13.000000000000000	-0.082787183081914	0.482485735906628	-0.009303999544134
13.000000000000000	-0.118542969924048	0.474394214743661	-0.007211694997958
13.000000000000000	-0.153697366401674	0.464017934879305	-0.005086246044058


14.000000000000000	-0.995451517816748	-0.672381432956019	-0.115014181143679
14.000000000000000	-0.946953140605397	-0.738758407789537	-0.119250282528914
14.000000000000000	-0.894329972614836	-0.801950094134916	-0.122970186221992
14.000000000000000	-0.837793908769544	-0.861702041374355	-0.126158913483656
14.000000000000000	-0.777572599844574	-0.917773649505399	-0.128803624434666
14.000000000000000	-0.713908535796231	-0.969939137952228	-0.130893669757456
14.000000000000000	-0.647058069340604	-1.017988454704351	-0.132420633577180
14.000000000000000	-0.577290383711654	-1.061728122121915	-0.133378367349468
14.000000000000000	-0.504886408755338	-1.100982016001872	-0.133763014618446
14.000000000000000	-0.430137689724273	-1.135592074767984	-0.133573026545319
14.000000000000000	-0.353345213327904	-1.165418935929005	-0.132809168145004
14.000000000000000	-0.274818195765252	-1.190342497242245	-0.131474515205679
14.000000000000000	-0.194872837620421	-1.210262400322910	-0.129574441903674
14.000000000000000	-0.113831050634444	-1.225098434751901	-0.127116599163557
14.000000000000000	-0.032019161480320	-1.234790861054857	-0.124110883850561
14.000000000000000	0.050233402239325	-1.239300651251938	-0.120569398919404
14.000000000000000	0.132595438480920	-1.238609646009724	-0.116506404679959
14.000000000000000	0.214735304393690	-1.232720627762438	-0.111938261376019
14.000000000000000	0.296322251728355	-1.221657309508069	-0.106883363308372
14.000000000000000	0.377027758643606	-1.205464239324500	-0.101362064767441
14.000000000000000	0.456526852547598	-1.184206620990116	-0.095396598073743
14.000000000000000	0.534499418647893	-1.157970051431205	-0.089010984056178
14.000000000000000	0.610631488940733	-1.126860176053348	-0.082230935328633
14.000000000000000	0.684616506449391	-1.091002263344655	-0.075083752754358
14.000000000000000	0.756156559620910	-1.050540700463776	-0.067598215515026
14.000000000000000	0.824963581910783	-1.005638411843776	-0.059804465227126
14.000000000000000	0.890760511725260	-0.956476203152946	-0.051733884572312
14.000000000000000	0.953282408050593	-0.903252033254188	-0.043418970930419
14.000000000000000	1.012277517276996	-0.846180217094545	-0.034893205523986
14.000000000000000	1.067508286921568	-0.785490562734550	-0.026190918601190
14.000000000000000	1.118752322168307	-0.721427445992276	-0.017347151200050
14.000000000000000	1.165803281373538	-0.654248826428165	-0.008397514050538
14.000000000000000	1.208471706930884	-0.584225208632928	0.000621955817263
14.000000000000000	1.246585788150180	-0.511638553001025	0.009674940181561
14.000000000000000	1.279992053078484	-0.436781140375680	0.018724985869516
14.000000000000000	1.308555986477463	-0.359954395137077	0.027735651541299
14.000000000000000	1.332162571468781	-0.281467671472771	0.036670654426509
14.000000000000000	1.350716752666475	-0.201637007717557	0.045494016422081
14.000000000000000	1.364143818931445	-0.120783853778643	0.054170208963408
14.000000000000000	1.372389704206841	-0.039233776770324	0.062664296085336
14.000000000000000	1.375421205222993	0.042684849929878	0.070942075096959
14.000000000000000	1.373226115195258	0.124642168924913	0.078970214303788
14.000000000000000	1.365813272976435	0.206308167017510	0.086716387222718
14.000000000000000	1.353212527465822	0.287354004056857	0.094149402749369
14.000000000000000	1.335474617418236	0.367453337061818	0.101239330753652
14.000000000000000	1.312670967136954	0.446283634288945	0.107957622597838
14.000000000000000	1.284893398873252	0.523527473953965	0.114277226091852
14.000000000000000	1.252253763090608	0.598873822377279	0.120172694422886
14.000000000000000	1.214883488082364	0.672019286406811	0.125620288620741
14.000000000000000	1.172933050756371	0.742669335075149	0.130598073146277
14.000000000000000	1.126571370717596	0.810539485571801	0.135086004218086
14.000000000000000	1.075985130088490	0.875356448755062	0.139066010521731
14.000000000000000	1.021378021805966	0.936859229590939	0.142522065976545
14.000000000000000	0.962969929421841	0.994800178088027	0.145440254267004
14.000000000000000	0.900996041709372	1.048945986496625	0.147808824878820
14.000000000000000	0.835705905641080	1.099078628756698	0.149618240414110
14.000000000000000	0.767362421551167	1.144996238411869	0.150861214995137
14.000000000000000	0.696240784528654	1.186513921454389	0.151532743601962
14.000000000000000	0.622627376303893	1.223464500828055	0.151630122225897
14.000000000000000	0.546818612090412	1.255699189591205	0.151152958757593
14.000000000000000	0.469119747025467	1.283088190029223	0.150103174565926
14.000000000000000	0.389843647015344	1.305521216304122	0.148484996761320
14.000000000000000	0.309309528934779	1.322907938536689	0.146304941174669
14.000000000000000	0.227841675253267	1.335178346533030	0.143571786120382
14.000000000000000	0.145768128264011	1.342283031690906	0.140296537049214
14.000000000000000	0.063419369173392	1.344193385950743	0.136492382233195
14.000000000000000	-0.018873012630216	1.340901716990182	0.132174639661117
14.000000000000000	-0.100777654769871	1.332421279198355	0.127360695358398
14.000000000000000	-0.181964756159410	1.318786220305130	0.122069933379692
14.000000000000000	-0.262107404996020	1.300051443880263	0.116323657756146
14.000000000000000	-0.340882895118685	1.276292388256093	0.110145006711584
14.000000000000000	-0.417974025431997	1.247604722764009	0.103558859493047
14.000000000000000	-0.493070377163020	1.214103962507814	0.096591736190844
14.000000000000000	-0.565869563808122	1.175925003225175	0.089271690951509
14.000000000000000	-0.636078448736704	1.133221578110097	0.081628199013658
14.000000000000000	-0.703414325548945	1.086165638783612	0.073692038021601
14.000000000000000	-0.767606056434701	1.034946662905287	0.065495164094634
14.000000000000000	-0.828395163949767	0.979770891213564	0.057070583151027
14.000000000000000	-0.885536871813316	0.920860497067102	0.048452218004835
14.000000000000000	-0.938801090535591	0.858452691831073	0.039674771770704
14.000000000000000	-0.987973343907072	0.792798769710715	0.030773588126674
14.000000000000000	-1.032855632618473	0.724163095878265	0.021784508997662
14.000000000000000	-1.073267231534075	0.652822041967712	0.012743730232682
14.000000000000000	-1.109045417408070	0.579062873223775	0.003687655856932
14.000000000000000	-1.140046124113629	0.503182591786145	-0.005347248514360
14.000000000000000	-1.166144522746355	0.425486740766699	-0.014324602510105
14.000000000000000	-1.187235524266223	0.346288173935227	-0.023208257494262
14.000000000000000	-1.203234202654048	0.265905795967718	-0.031962442123643
14.000000000000000	-1.214076136878597	0.184663278329788	-0.040551906386478
14.000000000000000	-1.219717670297342	0.102887755965923	-0.048942063541779
14.000000000000000	-1.220136086446347	0.020908510042524	-0.057099129387936
14.000000000000000	-1.215329700511460	-0.060944357951141	-0.064990258299772
14.000000000000000	-1.205317866112456	-0.142341255405121	-0.072583675486283
14.000000000000000	-1.190140897372844	-0.222954425741898	-0.079848804936508
14.000000000000000	-1.169859906589123	-0.302459268176439	-0.086756392538335
14.000000000000000	-1.144556558153130	-0.380535644769001	-0.093278623874480
14.000000000000000	-1.114332739718357	-0.456869169507617	-0.099389236221333
14.000000000000000	-1.079310151934332	-0.531152474229604	-0.105063624299676
14.000000000000000	-1.039629818401059	-0.603086446284677	-0.110278939351459
14.000000000000000	-0.995451517816748	-0.672381432956019	-0.115014181143679


15.000000000000000	nan	nan	nan
15.000000000000000	nan	nan	nan
15.000000000000000	nan	nan	nan
15.000000000000000	nan	nan	nan
15.000000000000000	nan	nan	nan
15.000000000000000	nan	nan	nan
15.000000000000000	nan	nan	nan
15.000000000000000	nan	nan	nan
15.000000000000000	nan	nan	nan
15.000000000000000	nan	nan	nan
15.000000000000000	nan	nan	nan
15.000000000000000	nan	nan	nan
15.000000000000000	nan	nan	nan
15.000000000000000	nan	nan	nan
15.000000000000000	nan	nan	nan
15.000000000000000	nan	nan	nan
15.000000000000000	nan	nan	nan
15.000000000000000	nan	nan	nan
15.000000000000000	nan	nan	nan
15.000000000000000	nan	nan	nan
15.000000000000000	nan	nan	nan
15.000000000000000	nan	nan	nan
15.000000000000000	nan	nan	nan
15.000000000000000	nan	nan	nan
15.000000000000000	nan	nan	nan
15.000000000000000	nan	nan	nan
15.000000000000000	nan	nan	nan
15.000000000000000	nan	nan	nan
15.000000000000000	nan	nan	nan
15.000000000000000	nan	nan	nan
15.000000000000000	nan	nan	nan
15.000000000000000	nan	nan	nan
15.000000000000000	nan	nan	nan
15.000000000000000	nan	nan	nan
15.000000000000000	nan	nan	nan
15.000000000000000	nan	nan	nan
15.000000000000000	nan	nan	nan
15.000000000000000	nan	nan	nan
15.000000000000000	nan	nan	nan
15.000000000000000	nan	nan	nan
15.000000000000000	nan	nan	nan
15.000000000000000	nan	nan	nan
15.000000000000000	nan	nan	nan
15.000000000000000	nan	nan	nan
15.000000000000000	nan	nan	nan
15.000000000000000	nan	nan	nan
15.000000000000000	nan	nan	nan
15.000000000000000	nan	nan	nan
15.000000000000000	nan	nan	nan
15.000000000000000	nan	nan	nan
15.000000000000000	nan	nan	nan
15.000000000000000	nan	nan	nan
15.000000000000000	nan	nan	nan
15.000000000000000	nan	nan	nan
15.000000000000000	nan	nan	nan
15.000000000000000	nan	nan	nan
15.000000000000000	nan	nan	nan
15.000000000000000	nan	nan	nan
15.000000000000000	nan	nan	nan
15.000000000000000	nan	nan	nan
15.000000000000000	nan	nan	nan
15.000000000000000	nan	nan	nan
15.000000000000000	nan	nan	nan
15.000000000000000	nan	nan	nan
15.000000000000000	nan	nan	nan
15.000000000000000	nan	nan	nan
15.000000000000000	nan	nan	nan
15.000000000000000	nan	nan	nan
15.000000000000000	nan	nan	nan
15.000000000000000	nan	nan	nan
15.000000000000000	nan	nan	nan
15.000000000000000	nan	nan	nan
15.000000000000000	nan	nan	nan
15.000000000000000	nan	nan	nan
15.000000000000000	nan	nan	nan
15.000000000000000	nan	nan	nan
15.000000000000000	nan	nan	nan
15.000000000000000	nan	nan	nan
15.000000000000000	nan	nan	nan
15.000000000000000	nan	nan	nan
15.000000000000000	nan	nan	nan
15.000000000000000	nan	nan	nan
15.000000000000000	nan	nan	nan
15.000000000000000	nan	nan	nan
15.000000000000000	nan	nan	nan
15.000000000000000	nan	nan	nan
15.000000000000000	nan	nan	nan
15.000000000000000	nan	nan	nan
15.000000000000000	nan	nan	nan
15.000000000000000	nan	nan	nan
15.000000000000000	nan	nan	nan
15.000000000000000	nan	nan	nan
15.000000000000000	nan	nan	nan
15.000000000000000	nan	nan	nan
15.000000000000000	nan	nan	nan
15.000000000000000	nan	nan	nan
15.000000000000000	nan	nan	nan
15.000000000000000	nan	nan	nan
15.000000000000000	nan	nan	nan
15.000000000000000	nan	nan	nan


16.000000000000000	0.594788726917382	0.599921718471529	-0.012610223516823
16.000000000000000	0.552255552670666	0.639480563153579	-0.012922364670144
16.000000000000000	0.507290470418274	0.676254479005106	-0.013178058575960
16.000000000000000	0.460074538676291	0.710095390446099	-0.013376275645158
16.000000000000000	0.410797879337273	0.740867032070125	-0.013516217727559
16.000000000000000	0.359658912116488	0.768445497337023	-0.013597321325790
16.000000000000000	0.306863555585755	0.792719737500811	-0.013619259864285
16.000000000000000	0.252624398012030	0.813592008763790	-0.013581945004293
16.000000000000000	0.197159841339491	0.830978265856323	-0.013485526999584
16.000000000000000	0.140693221761988	0.844808500457470	-0.013330394091435
16.000000000000000	0.083451910427018	0.855027023093786	-0.013117170945312
16.000000000000000	0.025666397892363	0.861592687381179	-0.012846716135569
16.000000000000000	-0.032430633978036	0.864479055706875	-0.012520118688271
16.000000000000000	-0.090605248941824	0.863674505684350	-0.012138693696066
16.000000000000000	-0.148623198356907	0.859182276952586	-0.011703977022777
16.000000000000000	-0.206250864418067	0.851020458131180	-0.011217719119016
16.000000000000000	-0.263256200853400	0.839221913983864	-0.010681877973740
16.000000000000000	-0.319409667292759	0.823834153083695	-0.010098611230120
16.000000000000000	-0.374485153545809	0.804919136512805	-0.009470267497471
16.000000000000000	-0.428260890067959	0.782553028366988	-0.008799376894235
16.000000000000000	-0.480520340948045	0.756825889069768	-0.008088640860085
16.000000000000000	-0.531053075822020	0.727841312730861	-0.007340921278180
16.000000000000000	-0.579655617201762	0.695716010009259	-0.006559228951374
16.000000000000000	-0.626132259807097	0.660579338160596	-0.005746711478773
16.000000000000000	-0.670295858601896	0.622572780161137	-0.004906640581466
16.000000000000000	-0.711968582361079	0.581849375005769	-0.004042398928459
16.000000000000000	-0.750982629734196	0.538573101473979	-0.003157466515861
16.000000000000000	-0.787180904922240	0.492918217845190	-0.002255406654164
16.000000000000000	-0.820417650246984	0.445068560222167	-0.001339851620057
16.000000000000000	-0.850559033065709	0.395216802287921	-0.000414488030521
16.000000000000000	-0.877483684668016	0.343563679476785	0.000516958001870
16.000000000000000	-0.901083188984791	0.290317180683671	0.001450735872691
16.000000000000000	-0.921262519141448	0.235691710766200	0.002383085588027
16.000000000000000	-0.937940420097616	0.179907227212010	0.003310252904642
16.000000000000000	-0.951049735832504	0.123188354447588	0.004228504446990
16.000000000000000	-0.960537679758500	0.065763479354984	0.005134142740200
16.000000000000000	-0.966366047274125	0.007863831638443	0.006023521098507
16.000000000000000	-0.968511369600478	-0.050277447256000	0.006893058309160
16.000000000000000	-0.966965008281731	-0.108426242918839	0.007739253052711
16.000000000000000	-0.961733189969135	-0.166348410673195	0.008558698001586
16.000000000000000	-0.952836981348497	-0.223810718392788	0.009348093540195
16.000000000000000	-0.940312204312071	-0.280581785645397	0.010104261051315
16.000000000000000	-0.924209291716440	-0.336433015380189	0.010824155715264
16.000000000000000	-0.904593084307206	-0.391139514407365	0.011504878770313
16.000000000000000	-0.881542569628186	-0.444480998963661	0.012143689184976
16.000000000000000	-0.855150563966457	-0.496242681717314	0.012738014695177
16.000000000000000	-0.825523338613926	-0.546216136640837	0.013285462161849
16.000000000000000	-0.792780191950342	-0.594200138269075	0.013783827207264
16.000000000000000	-0.757052969070829	-0.640001471963122	0.014231103091278
16.000000000000000	-0.718485530892224	-0.683435711917490	0.014625488791769
16.000000000000000	-0.677233174875934	-0.724327963777727	0.014965396256717
16.000000000000000	-0.633462009699876	-0.762513568878255	0.015249456798729
16.000000000000000	-0.587348286397452	-0.797838767264709	0.015476526606260
16.000000000000000	-0.539077688656851	-0.830161316830992	0.015645691349338
16.000000000000000	-0.488844585138366	-0.859351066078046	0.015756269861248
16.000000000000000	-0.436851246820408	-0.885290478187991	0.015807816881351
16.000000000000000	-0.383307032525656	-0.907875104303415	0.015800124847989
16.000000000000000	-0.328427545906979	-0.927014004106054	0.015733224734267
16.000000000000000	-0.272433767287617	-0.942630112001359	0.015607385923330
16.000000000000000	-0.215551163851417	-0.954660547434443	0.015423115123656
16.000000000000000	-0.158008781766054	-0.963056868087884	0.015181154328719
16.000000000000000	-0.100038323894961	-0.967785264941839	0.014882477829239
16.000000000000000	-0.041873216811674	-0.968826698411037	0.014528288290066
16.000000000000000	0.016252329126596	-0.966176975010465	0.014120011907465
16.000000000000000	0.074104262861404	-0.959846764241052	0.013659292666328
16.000000000000000	0.131449635074079	-0.949861555627359	0.013147985720434
16.000000000000000	0.188057536190415	-0.936261556080255	0.012588149922389
16.000000000000000	0.243700026172019	-0.919101527997883	0.011982039533363
16.000000000000000	0.298153052350407	-0.898450568756806	0.011332095145968
16.000000000000000	0.351197351608014	-0.874391832481258	0.010640933856860
16.000000000000000	0.402619333273387	-0.847022195210841	0.009911338728608
16.000000000000000	0.452211939175424	-0.816451864814900	0.009146247583287
16.000000000000000	0.499775477393561	-0.782803937224332	0.008348741172907
16.000000000000000	0.545118426346647	-0.746213900767718	0.007522030774306
16.000000000000000	0.588058205982761	-0.706829090607642	0.006669445258477
16.000000000000000	0.628421912964633	-0.664808095473997	0.005794417686378
16.000000000000000	0.666047016890368	-0.620320119083137	0.004900471485207
16.000000000000000	0.700782014746003	-0.573544298814234	0.003991206260802
16.000000000000000	0.732487040954674	-0.524668984386276	0.003070283303302
16.000000000000000	0.761034430565930	-0.473890979440228	0.002141410844425
16.000000000000000	0.786309233317430	-0.421414749080227	0.001208329125721
16.000000000000000	0.808209676499077	-0.367451596564773	0.000274795337946
16.000000000000000	0.826647574755805	-0.312218812463089	-0.000655431507820
16.000000000000000	0.841548685178874	-0.255938799702685	-0.001578605716389
16.000000000000000	0.852853006255866	-0.198838178031266	-0.002491009991050
16.000000000000000	0.860515019475592	-0.141146871498995	-0.003388970401816
16.000000000000000	0.864503872615076	-0.083097182635491	-0.004268871179044
16.000000000000000	0.864803503970567	-0.024922857049531	-0.005127169272859
16.000000000000000	0.861412707032350	0.033141857782016	-0.005960408619768
16.000000000000000	0.854345135342933	0.090863155746104	-0.006765234059008
16.000000000000000	0.843629247519055	0.148008613548201	-0.007538404842593
16.000000000000000	0.829308192658877	0.204348126598874	-0.008276807684663
16.000000000000000	0.811439636595793	0.259654835563748	-0.008977469297587
16.000000000000000	0.790095529698474	0.313706039845978	-0.009637568364346
16.000000000000000	0.765361817152126	0.366284094322956	-0.010254446898975
16.000000000000000	0.737338092887564	0.417177285726400	-0.010825620949338
16.000000000000000	0.706137198551601	0.466180685136964	-0.011348790599127
16.000000000000000	0.671884769133568	0.513096973160665	-0.011821849228811
16.000000000000000	0.634718727077550	0.557737234464442	-0.012242891998252
16.000000000000000	0.594788726917382	0.599921718471529	-0.012610223516823


17.000000000000000	-0.282842204790684	-1.410016230271112	0.013889493118734
17.000000000000000	-0.190771142427607	-1.425464986111660	0.013711349441576
17.000000000000000	-0.097905430446808	-1.435041882513200	0.013476694573306
17.000000000000000	-0.004619006294059	-1.438708356694030	0.013186473386259
17.000000000000000	0.088712498525439	-1.436449645056682	0.012841854498722
17.000000000000000	0.181713270982550	-1.428274842635723	0.012444225569326
17.000000000000000	0.274008829790633	-1.414216866475256	0.011995187709427
17.000000000000000	0.365227533309510	-1.394332323083603	0.011496549036003
17.000000000000000	0.455002076015183	-1.368701280498878	0.010950317391000
17.000000000000000	0.542970967509543	-1.337426945883252	0.010358692256463
17.000000000000000	0.628779988114613	-1.300635249944141	0.009724055897999
17.000000000000000	0.712083615190177	-1.258474339855692	0.009048963772233
17.000000000000000	0.792546414431497	-1.211113982722400	0.008336134236884
17.000000000000000	0.869844390544871	-1.158744881986898	0.007588437604905
17.000000000000000	0.943666291862330	-1.101577909534502	0.006808884586735
17.000000000000000	1.013714863642249	-1.039843256586549	0.006000614167243
17.000000000000000	1.079708045009278	-0.973789506801599	0.005166880966131
17.000000000000000	1.141380104713932	-0.903682635316778	0.004311042132741
17.000000000000000	1.198482711138551	-0.829804937759771	0.003436543827992
17.000000000000000	1.250785932241073	-0.752453893543969	0.002546907347908
17.000000000000000	1.298079161410212	-0.671940968023857	0.001645714944603
17.000000000000000	1.340171965503955	-0.588590358333971	0.000736595401814
17.000000000000000	1.376894851656610	-0.502737687961453	-0.000176790576927
17.000000000000000	1.408099949766754	-0.414728655308729	-0.001090765108658
17.000000000000000	1.433661607917943	-0.324917641688051	-0.002001647940522
17.000000000000000	1.453476898334629	-0.233666284353033	-0.002905771268845
17.000000000000000	1.467466031835988	-0.141342020313064	-0.003799494508089
17.000000000000000	1.475572679118786	-0.048316606794159	-0.004679218950202
17.000000000000000	1.477764197575608	0.045035375696180	-0.005541402255351
17.000000000000000	1.474031762735110	0.138338031672466	-0.006382572715667
17.000000000000000	1.464390403795056	0.231215664269673	-0.007199343234592
17.000000000000000	1.448878943105038	0.323294288041915	-0.007988424965522
17.000000000000000	1.427559839842584	0.414203134869836	-0.008746640554826
17.000000000000000	1.400518938512085	0.503576146912971	-0.009470936935935
17.000000000000000	1.367865123279282	0.591053450595472	-0.010158397622957
17.000000000000000	1.329729879533158	0.676282805689977	-0.010806254454341
17.000000000000000	1.286266764440681	0.758921023664689	-0.011411898739284
17.000000000000000	1.237650788626292	0.838635349582472	-0.011972891762008
17.000000000000000	1.184077711465891	0.915104801987526	-0.012486974601611
17.000000000000000	1.125763252832918	0.988021465384434	-0.012952077227939
17.000000000000000	1.062942224470566	1.057091730105179	-0.013366326836872
17.000000000000000	0.995867584487756	1.122037474571649	-0.013728055391440
17.000000000000000	0.924809418786124	1.182597185193075	-0.014035806338425
17.000000000000000	0.850053853519415	1.238527009388955	-0.014288340473382
17.000000000000000	0.771901902964445	1.289601737497336	-0.014484640930480
17.000000000000000	0.690668257442856	1.335615709614634	-0.014623917277060
17.000000000000000	0.606680016174255	1.376383643715475	-0.014705608696433
17.000000000000000	0.520275370163103	1.411741381718024	-0.014729386246085
17.000000000000000	0.431802240422906	1.441546550490640	-0.014695154182214
17.000000000000000	0.341616877021089	1.465679135138221	-0.014603050345262
17.000000000000000	0.250082424585707	1.484041962259839	-0.014453445604871
17.000000000000000	0.157567460050204	1.496561091231719	-0.014246942366529
17.000000000000000	0.064444508524184	1.503186111940042	-0.013984372145893
17.000000000000000	-0.028911456733723	1.503890347764673	-0.013666792220569
17.000000000000000	-0.122124524200831	1.498670962996503	-0.013295481372827
17.000000000000000	-0.214819357753419	1.487548974255844	-0.012871934740401
17.000000000000000	-0.306622708012836	1.470569165865918	-0.012397857796091
17.000000000000000	-0.397164915289008	1.447799909522194	-0.011875159480429
17.000000000000000	-0.486081398069541	1.419332888983700	-0.011305944515050
17.000000000000000	-0.573014121060796	1.385282730894888	-0.010692504927717
17.000000000000000	-0.657613036869652	1.345786543224590	-0.010037310823139
17.000000000000000	-0.739537495520805	1.301003363180621	-0.009343000436729
17.000000000000000	-0.818457616133994	1.251113516823074	-0.008612369511361
17.000000000000000	-0.894055615237876	1.196317892954921	-0.007848360039899
17.000000000000000	-0.966027086371901	1.136837134213703	-0.007054048418832
17.000000000000000	-1.034082225823695	1.072910748621510	-0.006232633060711
17.000000000000000	-1.097946999566324	1.004796145170701	-0.005387421515270
17.000000000000000	-1.157364246696599	0.932767597328748	-0.004521817151090
17.000000000000000	-1.212094714931273	0.857115138635784	-0.003639305451437
17.000000000000000	-1.261918023991544	0.778143394841901	-0.002743439979447
17.000000000000000	-1.306633552996653	0.696170357286770	-0.001837828069185
17.000000000000000	-1.346061248293363	0.611526102460757	-0.000926116300186
17.000000000000000	-1.380042348468474	0.524551462903382	-0.000011975813959
17.000000000000000	-1.408440023624997	0.435596654790985	0.000900912468398
17.000000000000000	-1.431139926347862	0.345019867739788	0.001808872667969
17.000000000000000	-1.448050652140590	0.253185822502737	0.002708248749491
17.000000000000000	-1.459104107478951	0.160464302367746	0.003595419242912
17.000000000000000	-1.464255783999545	0.067228664170916	0.004466811825776
17.000000000000000	-1.463484937719276	-0.026145665079674	0.005318917707705
17.000000000000000	-1.456794672564049	-0.119282699916016	0.006148305759057
17.000000000000000	-1.444211927870356	-0.211807410370963	0.006951636326878
17.000000000000000	-1.425787369910078	-0.303347232091532	0.007725674682501
17.000000000000000	-1.401595187875289	-0.393533566524062	0.008467304046660
17.000000000000000	-1.371732795144562	-0.482003265130501	0.009173538139658
17.000000000000000	-1.336320437033678	-0.568400091659387	0.009841533206066
17.000000000000000	-1.295500706610179	-0.652376156583513	0.010468599465513
17.000000000000000	-1.249437970521410	-0.733593317928256	0.011052211943494
17.000000000000000	-1.198317707148047	-0.811724542849972	0.011590020638542
17.000000000000000	-1.142345759748114	-0.886455224481830	0.012079859984857
17.000000000000000	-1.081747507598841	-0.957484448744629	0.012519757572279
17.000000000000000	-1.016766958473857	-1.024526206021582	0.012907942088481
17.000000000000000	-0.947665766110011	-1.087310542818106	0.013242850451424
17.000000000000000	-0.874722176620114	-1.145584648769264	0.013523134103334
17.000000000000000	-0.798229908094057	-1.199113874617871	0.013747664440870
17.000000000000000	-0.718496967899726	-1.247682677064241	0.013915537359609
17.000000000000000	-0.635844412446039	-1.291095486682980	0.014026076894556
17.000000000000000	-0.550605054402102	-1.329177495412034	0.014078837942020
17.000000000000000	-0.463122122578060	-1.361775360443058	0.014073608051882
17.000000000000000	-0.373747879863811	-1.388757821678785	0.014010408283066
17.000000000000000	-0.282842204790685	-1.410016230271112	0.013889493118734


18.000000000000000	nan	nan	nan
18.000000000000000	nan	nan	nan
18.000000000000000	nan	nan	nan
18.000000000000000	nan	nan	nan
18.000000000000000	nan	nan	nan
18.000000000000000	nan	nan	nan
18.000000000000000	nan	nan	nan
18.000000000000000	nan	nan	nan
18.000000000000000	nan	nan	nan
18.000000000000000	nan	nan	nan
18.000000000000000	nan	nan	nan
18.000000000000000	nan	nan	nan
18.000000000000000	nan	nan	nan
18.000000000000000	nan	nan	nan
18.000000000000000	nan	nan	nan
18.000000000000000	nan	nan	nan
18.000000000000000	nan	nan	nan
18.000000000000000	nan	nan	nan
18.000000000000000	nan	nan	nan
18.000000000000000	nan	nan	nan
18.000000000000000	nan	nan	nan
18.000000000000000	nan	nan	nan
18.000000000000000	nan	nan	nan
18.000000000000000	nan	nan	nan
18.000000000000000	nan	nan	nan
18.000000000000000	nan	nan	nan
18.000000000000000	nan	nan	nan
18.000000000000000	nan	nan	nan
18.000000000000000	nan	nan	nan
18.000000000000000	nan	nan	nan
18.000000000000000	nan	nan	nan
18.000000000000000	nan	nan	nan
18.000000000000000	nan	nan	nan
18.000000000000000	nan	nan	nan
18.000000000000000	nan	nan	nan
18.000000000000000	nan	nan	nan
18.000000000000000	nan	nan	nan
18.000000000000000	nan	nan	nan
18.000000000000000	nan	nan	nan
18.000000000000000	nan	nan	nan
18.000000000000000	nan	nan	nan
18.000000000000000	nan	nan	nan
18.000000000000000	nan	nan	nan
18.000000000000000	nan	nan	nan
18.000000000000000	nan	nan	nan
18.000000000000000	nan	nan	nan
18.000000000000000	nan	nan	nan
18.000000000000000	nan	nan	nan
18.000000000000000	nan	nan	nan
18.000000000000000	nan	nan	nan
18.000000000000000	nan	nan	nan
18.000000000000000	nan	nan	nan
18.000000000000000	nan	nan	nan
18.000000000000000	nan	nan	nan
18.000000000000000	nan	nan	nan
18.000000000000000	nan	nan	nan
18.000000000000000	nan	nan	nan
18.000000000000000	nan	nan	nan
18.000000000000000	nan	nan	nan
18.000000000000000	nan	nan	nan
18.000000000000000	nan	nan	nan
18.000000000000000	nan	nan	nan
18.000000000000000	nan	nan	nan
18.000000000000000	nan	nan	nan
18.000000000000000	nan	nan	nan
18.000000000000000	nan	nan	nan
18.000000000000000	nan	nan	nan
18.000000000000000	nan	nan	nan
18.000000000000000	nan	nan	nan
18.000000000000000	nan	nan	nan
18.000000000000000	nan	nan	nan
18.000000000000000	nan	nan	nan
18.000000000000000	nan	nan	nan
18.000000000000000	nan	nan	nan
18.000000000000000	nan	nan	nan
18.000000000000000	nan	nan	nan
18.000000000000000	nan	nan	nan
18.000000000000000	nan	nan	nan
18.000000000000000	nan	nan	nan
18.000000000000000	nan	nan	nan
18.000000000000000	nan	nan	nan
18.000000000000000	nan	nan	nan
18.000000000000000	nan	nan	nan
18.000000000000000	nan	nan	nan
18.000000000000000	nan	nan	nan
18.000000000000000	nan	nan	nan
18.000000000000000	nan	nan	nan
18.000000000000000	nan	nan	nan
18.000000000000000	nan	nan	nan
18.000000000000000	nan	nan	nan
18.000000000000000	nan	nan	nan
18.000000000000000	nan	nan	nan
18.000000000000000	nan	nan	nan
18.000000000000000	nan	nan	nan
18.000000000000000	nan	nan	nan
18.000000000000000	nan	nan	nan
18.000000000000000	nan	nan	nan
18.000000000000000	nan	nan	nan
18.000000000000000	nan	nan	nan
18.000000000000000	nan	nan	nan


