# n	x	y	z
1.000000000000000	0.353396177864031	-0.067173399005906	0.020102402611786
1.000000000000000	0.357152698645779	-0.042465785162718	0.022297970421249
1.000000000000000	0.359325828154247	-0.017559564981828	0.024395489086182
1.000000000000000	0.359906815963898	0.007444972978589	0.026386512639229
1.000000000000000	0.358893322641877	0.032447144269364	0.028263023931259
1.000000000000000	0.356289429168088	0.057346273971068	0.030017466913603
1.000000000000000	0.352105620502520	0.082042102076387	0.031642777063590
1.000000000000000	0.346358743366021	0.106435187201777	0.033132409830891
1.000000000000000	0.339071938404494	0.130427307002828	0.034480366990107
1.000000000000000	0.330274547009688	0.153921853680968	0.035681220793511
1.000000000000000	0.320001993171765	0.176824222988980	0.036730135826672
1.000000000000000	0.308295640839397	0.199042195168908	0.037622888478957
1.000000000000000	0.295202627361741	0.220486306288478	0.038355883950529
1.000000000000000	0.280775673682975	0.241070208480778	0.038926170727330
1.000000000000000	0.265072872053660	0.260711017636639	0.039331452465787
1.000000000000000	0.248157452113751	0.279329647149692	0.039570097239383
1.000000000000000	0.230097526289153	0.296851126370216	0.039641144109842
1.000000000000000	0.210965815527025	0.313204902485488	0.039544306996492
1.000000000000000	0.190839356474187	0.328325124611055	0.039279975828212
1.000000000000000	0.169799191277737	0.342150908949005	0.038849214973320
1.000000000000000	0.147930041256926	0.354626583945534	0.038253758953746
1.000000000000000	0.125319965760307	0.365701914460642	0.037496005460718
1.000000000000000	0.102060007581820	0.375332304047315	0.036579005700108
1.000000000000000	0.078243826363592	0.383478974525673	0.035506452106303
1.000000000000000	0.053967321461616	0.390109122129015	0.034282663474074
1.000000000000000	0.029328245792892	0.395196049593013	0.032912567568314
1.000000000000000	0.004425812218929	0.398719273656168	0.031401681281669
1.000000000000000	-0.020639705949429	0.400664607538678	0.029756088419957
1.000000000000000	-0.045767378717236	0.401024218067591	0.027982415204831
1.000000000000000	-0.070856025814913	0.399796657218231	0.026087803592321
1.000000000000000	-0.095804624115478	0.396986867944877	0.024079882514699
1.000000000000000	-0.120512714419028	0.392606164277235	0.021966737161462
1.000000000000000	-0.144880805966476	0.386672185762834	0.019756876423126
1.000000000000000	-0.168810777053728	0.379208826438789	0.017459198628927
1.000000000000000	-0.192206270133148	0.370246138618953	0.015082955716392
1.000000000000000	-0.214973079811400	0.359820211883851	0.012637715977048
1.000000000000000	-0.237019532181313	0.347973027760679	0.010133325528296
1.000000000000000	-0.258256853960351	0.334752290678513	0.007579868666561
1.000000000000000	-0.278599529949290	0.320211235879404	0.004987627261401
1.000000000000000	-0.297965647371744	0.304408415058855	0.002367039354038
1.000000000000000	-0.316277225708003	0.287407460598802	-0.000271342872945
1.000000000000000	-0.333460530695064	0.269276829342475	-0.002916895585520
1.000000000000000	-0.349446371228485	0.250089526942851	-0.005558966076646
1.000000000000000	-0.364170377970541	0.229922813894653	-0.008186915660957
1.000000000000000	-0.377573262542827	0.208857894433610	-0.010790162512995
1.000000000000000	-0.389601056259636	0.186979589555662	-0.013358224276487
1.000000000000000	-0.400205327440805	0.164375995472739	-0.015880760273093
1.000000000000000	-0.409343376428999	0.141138128880415	-0.018347613140668
1.000000000000000	-0.416978407526160	0.117359560465799	-0.020748849733373
1.000000000000000	-0.423079677156796	0.093136038131397	-0.023074801118953
1.000000000000000	-0.427622617661509	0.068565101452110	-0.025316101512108
1.000000000000000	-0.430588936222290	0.043745688917786	-0.027463725987206
1.000000000000000	-0.431966688521239	0.018777739542844	-0.029509026818478
1.000000000000000	-0.431750326836116	-0.006238209552866	-0.031443768301352
1.000000000000000	-0.429940722379064	-0.031201427971559	-0.033260159914732
1.000000000000000	-0.426545161788542	-0.056011397643275	-0.034950887690675
1.000000000000000	-0.421577317788608	-0.080568217576669	-0.036509143665158
1.000000000000000	-0.415057194133678	-0.104773006125048	-0.037928653291350
1.000000000000000	-0.407011045060475	-0.128528299147856	-0.039203700704993
1.000000000000000	-0.397471269571478	-0.151738442464372	-0.040329151740171
1.000000000000000	-0.386476280975577	-0.174309977019336	-0.041300474602788
1.000000000000000	-0.374070352211235	-0.196152015209579	-0.042113758118497
1.000000000000000	-0.360303437574990	-0.217176606856319	-0.042765727481625
1.000000000000000	-0.345230971573137	-0.237299093349494	-0.043253757441655
1.000000000000000	-0.328913645706531	-0.256438448538101	-0.043575882874184
1.000000000000000	-0.311417164087339	-0.274517604993913	-0.043730806693788
1.000000000000000	-0.292811978871767	-0.291463764334807	-0.043717905076926
1.000000000000000	-0.273173006574094	-0.307208690358159	-0.043537229973854
1.000000000000000	-0.252579326404311	-0.321688983803946	-0.043189508899444
1.000000000000000	-0.231113861844049	-0.334846337641192	-0.042676142003737
1.000000000000000	-0.208863046742991	-0.346627771849801	-0.041999196434033
1.000000000000000	-0.185916477280262	-0.356985846752397	-0.041161398011217
1.000000000000000	-0.162366551192240	-0.365878854037166	-0.040166120253842
1.000000000000000	-0.138308095719482	-0.373270984702503	-0.039017370794159
1.000000000000000	-0.113837985770894	-0.379132473247227	-0.037719775240800
1.000000000000000	-0.089054753842667	-0.383439717525743	-0.036278558553078
1.000000000000000	-0.064058193262688	-0.386175373785557	-0.034699524001928
1.000000000000000	-0.038948956358034	-0.387328426504442	-0.032989029802175
1.000000000000000	-0.013828149163569	-0.386894232746064	-0.031153963510255
1.000000000000000	0.011203075696366	-0.384874540855441	-0.029201714290450
1.000000000000000	0.036043926313875	-0.381277483418978	-0.027140143161333
1.000000000000000	0.060594377350945	-0.376117544517414	-0.024977551342223
1.000000000000000	0.084755572806178	-0.369415501403537	-0.022722646827102
1.000000000000000	0.108430224073020	-0.361198340839522	-0.020384509320598
1.000000000000000	0.131523001686639	-0.351499150430765	-0.017972553677219
1.000000000000000	0.153940919182038	-0.340356985393773	-0.015496491991055
1.000000000000000	0.175593707517726	-0.327816711294592	-0.012966294488607
1.000000000000000	0.196394178557293	-0.313928823391008	-0.010392149382199
1.000000000000000	0.216258576145259	-0.298749243305965	-0.007784421845647
1.000000000000000	0.235106913363552	-0.282339093850927	-0.005153612277358
1.000000000000000	0.252863294610598	-0.264764452905891	-0.002510314018937
1.000000000000000	0.269456221206119	-0.246096087347081	0.000134829300465
1.000000000000000	0.284818879291085	-0.226409168093720	0.002771166622289
1.000000000000000	0.298889408863542	-0.205782967421266	0.005388082346617
1.000000000000000	0.311611152867007	-0.184300539759936	0.007975039077453
1.000000000000000	0.322932885328439	-0.162048387263836	0.010521620053091
1.000000000000000	0.332809017627151	-0.139116111497307	0.013017571090742
1.000000000000000	0.341199782064095	-0.115596052641058	0.015452841876509
1.000000000000000	0.348071391992351	-0.091582917670845	0.017817626434449
1.000000000000000	0.353396177864031	-0.067173399005906	0.020102402611786


2.000000000000000	nan	nan	nan
2.000000000000000	nan	nan	nan
2.000000000000000	nan	nan	nan
2.000000000000000	nan	nan	nan
2.000000000000000	nan	nan	nan
2.000000000000000	nan	nan	nan
2.000000000000000	nan	nan	nan
2.000000000000000	nan	nan	nan
2.000000000000000	nan	nan	nan
2.000000000000000	nan	nan	nan
2.000000000000000	nan	nan	nan
2.000000000000000	nan	nan	nan
2.000000000000000	nan	nan	nan
2.000000000000000	nan	nan	nan
2.000000000000000	nan	nan	nan
2.000000000000000	nan	nan	nan
2.000000000000000	nan	nan	nan
2.000000000000000	nan	nan	nan
2.000000000000000	nan	nan	nan
2.000000000000000	nan	nan	nan
2.000000000000000	nan	nan	nan
2.000000000000000	nan	nan	nan
2.000000000000000	nan	nan	nan
2.000000000000000	nan	nan	nan
2.000000000000000	nan	nan	nan
2.000000000000000	nan	nan	nan
2.000000000000000	nan	nan	nan
2.000000000000000	nan	nan	nan
2.000000000000000	nan	nan	nan
2.000000000000000	nan	nan	nan
2.000000000000000	nan	nan	nan
2.000000000000000	nan	nan	nan
2.000000000000000	nan	nan	nan
2.000000000000000	nan	nan	nan
2.000000000000000	nan	nan	nan
2.000000000000000	nan	nan	nan
2.000000000000000	nan	nan	nan
2.000000000000000	nan	nan	nan
2.000000000000000	nan	nan	nan
2.000000000000000	nan	nan	nan
2.000000000000000	nan	nan	nan
2.000000000000000	nan	nan	nan
2.000000000000000	nan	nan	nan
2.000000000000000	nan	nan	nan
2.000000000000000	nan	nan	nan
2.000000000000000	nan	nan	nan
2.000000000000000	nan	nan	nan
2.000000000000000	nan	nan	nan
2.000000000000000	nan	nan	nan
2.000000000000000	nan	nan	nan
2.000000000000000	nan	nan	nan
2.000000000000000	nan	nan	nan
2.000000000000000	nan	nan	nan
2.000000000000000	nan	nan	nan
2.000000000000000	nan	nan	nan
2.000000000000000	nan	nan	nan
2.000000000000000	nan	nan	nan
2.000000000000000	nan	nan	nan
2.000000000000000	nan	nan	nan
2.000000000000000	nan	nan	nan
2.000000000000000	nan	nan	nan
2.000000000000000	nan	nan	nan
2.000000000000000	nan	nan	nan
2.000000000000000	nan	nan	nan
2.000000000000000	nan	nan	nan
2.000000000000000	nan	nan	nan
2.000000000000000	nan	nan	nan
2.000000000000000	nan	nan	nan
2.000000000000000	nan	nan	nan
2.000000000000000	nan	nan	nan
2.000000000000000	nan	nan	nan
2.000000000000000	nan	nan	nan
2.000000000000000	nan	nan	nan
2.000000000000000	nan	nan	nan
2.000000000000000	nan	nan	nan
2.000000000000000	nan	nan	nan
2.000000000000000	nan	nan	nan
2.000000000000000	nan	nan	nan
2.000000000000000	nan	nan	nan
2.000000000000000	nan	nan	nan
2.000000000000000	nan	nan	nan
2.000000000000000	nan	nan	nan
2.000000000000000	nan	nan	nan
2.000000000000000	nan	nan	nan
2.000000000000000	nan	nan	nan
2.000000000000000	nan	nan	nan
2.000000000000000	nan	nan	nan
2.000000000000000	nan	nan	nan
2.000000000000000	nan	nan	nan
2.000000000000000	nan	nan	nan
2.000000000000000	nan	nan	nan
2.000000000000000	nan	nan	nan
2.000000000000000	nan	nan	nan
2.000000000000000	nan	nan	nan
2.000000000000000	nan	nan	nan
2.000000000000000	nan	nan	nan
2.000000000000000	nan	nan	nan
2.000000000000000	nan	nan	nan
2.000000000000000	nan	nan	nan
2.000000000000000	nan	nan	nan


3.000000000000000	nan	nan	nan
3.000000000000000	nan	nan	nan
3.000000000000000	nan	nan	nan
3.000000000000000	nan	nan	nan
3.000000000000000	nan	nan	nan
3.000000000000000	nan	nan	nan
3.000000000000000	nan	nan	nan
3.000000000000000	nan	nan	nan
3.000000000000000	nan	nan	nan
3.000000000000000	nan	nan	nan
3.000000000000000	nan	nan	nan
3.000000000000000	nan	nan	nan
3.000000000000000	nan	nan	nan
3.000000000000000	nan	nan	nan
3.000000000000000	nan	nan	nan
3.000000000000000	nan	nan	nan
3.000000000000000	nan	nan	nan
3.000000000000000	nan	nan	nan
3.000000000000000	nan	nan	nan
3.000000000000000	nan	nan	nan
3.000000000000000	nan	nan	nan
3.000000000000000	nan	nan	nan
3.000000000000000	nan	nan	nan
3.000000000000000	nan	nan	nan
3.000000000000000	nan	nan	nan
3.000000000000000	nan	nan	nan
3.000000000000000	nan	nan	nan
3.000000000000000	nan	nan	nan
3.000000000000000	nan	nan	nan
3.000000000000000	nan	nan	nan
3.000000000000000	nan	nan	nan
3.000000000000000	nan	nan	nan
3.000000000000000	nan	nan	nan
3.000000000000000	nan	nan	nan
3.000000000000000	nan	nan	nan
3.000000000000000	nan	nan	nan
3.000000000000000	nan	nan	nan
3.000000000000000	nan	nan	nan
3.000000000000000	nan	nan	nan
3.000000000000000	nan	nan	nan
3.000000000000000	nan	nan	nan
3.000000000000000	nan	nan	nan
3.000000000000000	nan	nan	nan
3.000000000000000	nan	nan	nan
3.000000000000000	nan	nan	nan
3.000000000000000	nan	nan	nan
3.000000000000000	nan	nan	nan
3.000000000000000	nan	nan	nan
3.000000000000000	nan	nan	nan
3.000000000000000	nan	nan	nan
3.000000000000000	nan	nan	nan
3.000000000000000	nan	nan	nan
3.000000000000000	nan	nan	nan
3.000000000000000	nan	nan	nan
3.000000000000000	nan	nan	nan
3.000000000000000	nan	nan	nan
3.000000000000000	nan	nan	nan
3.000000000000000	nan	nan	nan
3.000000000000000	nan	nan	nan
3.000000000000000	nan	nan	nan
3.000000000000000	nan	nan	nan
3.000000000000000	nan	nan	nan
3.000000000000000	nan	nan	nan
3.000000000000000	nan	nan	nan
3.000000000000000	nan	nan	nan
3.000000000000000	nan	nan	nan
3.000000000000000	nan	nan	nan
3.000000000000000	nan	nan	nan
3.000000000000000	nan	nan	nan
3.000000000000000	nan	nan	nan
3.000000000000000	nan	nan	nan
3.000000000000000	nan	nan	nan
3.000000000000000	nan	nan	nan
3.000000000000000	nan	nan	nan
3.000000000000000	nan	nan	nan
3.000000000000000	nan	nan	nan
3.000000000000000	nan	nan	nan
3.000000000000000	nan	nan	nan
3.000000000000000	nan	nan	nan
3.000000000000000	nan	nan	nan
3.000000000000000	nan	nan	nan
3.000000000000000	nan	nan	nan
3.000000000000000	nan	nan	nan
3.000000000000000	nan	nan	nan
3.000000000000000	nan	nan	nan
3.000000000000000	nan	nan	nan
3.000000000000000	nan	nan	nan
3.000000000000000	nan	nan	nan
3.000000000000000	nan	nan	nan
3.000000000000000	nan	nan	nan
3.000000000000000	nan	nan	nan
3.000000000000000	nan	nan	nan
3.000000000000000	nan	nan	nan
3.000000000000000	nan	nan	nan
3.000000000000000	nan	nan	nan
3.000000000000000	nan	nan	nan
3.000000000000000	nan	nan	nan
3.000000000000000	nan	nan	nan
3.000000000000000	nan	nan	nan
3.000000000000000	nan	nan	nan


4.000000000000000	nan	nan	nan
4.000000000000000	nan	nan	nan
4.000000000000000	nan	nan	nan
4.000000000000000	nan	nan	nan
4.000000000000000	nan	nan	nan
4.000000000000000	nan	nan	nan
4.000000000000000	nan	nan	nan
4.000000000000000	nan	nan	nan
4.000000000000000	nan	nan	nan
4.000000000000000	nan	nan	nan
4.000000000000000	nan	nan	nan
4.000000000000000	nan	nan	nan
4.000000000000000	nan	nan	nan
4.000000000000000	nan	nan	nan
4.000000000000000	nan	nan	nan
4.000000000000000	nan	nan	nan
4.000000000000000	nan	nan	nan
4.000000000000000	nan	nan	nan
4.000000000000000	nan	nan	nan
4.000000000000000	nan	nan	nan
4.000000000000000	nan	nan	nan
4.000000000000000	nan	nan	nan
4.000000000000000	nan	nan	nan
4.000000000000000	nan	nan	nan
4.000000000000000	nan	nan	nan
4.000000000000000	nan	nan	nan
4.000000000000000	nan	nan	nan
4.000000000000000	nan	nan	nan
4.000000000000000	nan	nan	nan
4.000000000000000	nan	nan	nan
4.000000000000000	nan	nan	nan
4.000000000000000	nan	nan	nan
4.000000000000000	nan	nan	nan
4.000000000000000	nan	nan	nan
4.000000000000000	nan	nan	nan
4.000000000000000	nan	nan	nan
4.000000000000000	nan	nan	nan
4.000000000000000	nan	nan	nan
4.000000000000000	nan	nan	nan
4.000000000000000	nan	nan	nan
4.000000000000000	nan	nan	nan
4.000000000000000	nan	nan	nan
4.000000000000000	nan	nan	nan
4.000000000000000	nan	nan	nan
4.000000000000000	nan	nan	nan
4.000000000000000	nan	nan	nan
4.000000000000000	nan	nan	nan
4.000000000000000	nan	nan	nan
4.000000000000000	nan	nan	nan
4.000000000000000	nan	nan	nan
4.000000000000000	nan	nan	nan
4.000000000000000	nan	nan	nan
4.000000000000000	nan	nan	nan
4.000000000000000	nan	nan	nan
4.000000000000000	nan	nan	nan
4.000000000000000	nan	nan	nan
4.000000000000000	nan	nan	nan
4.000000000000000	nan	nan	nan
4.000000000000000	nan	nan	nan
4.000000000000000	nan	nan	nan
4.000000000000000	nan	nan	nan
4.000000000000000	nan	nan	nan
4.000000000000000	nan	nan	nan
4.000000000000000	nan	nan	nan
4.000000000000000	nan	nan	nan
4.000000000000000	nan	nan	nan
4.000000000000000	nan	nan	nan
4.000000000000000	nan	nan	nan
4.000000000000000	nan	nan	nan
4.000000000000000	nan	nan	nan
4.000000000000000	nan	nan	nan
4.000000000000000	nan	nan	nan
4.000000000000000	nan	nan	nan
4.000000000000000	nan	nan	nan
4.000000000000000	nan	nan	nan
4.000000000000000	nan	nan	nan
4.000000000000000	nan	nan	nan
4.000000000000000	nan	nan	nan
4.000000000000000	nan	nan	nan
4.000000000000000	nan	nan	nan
4.000000000000000	nan	nan	nan
4.000000000000000	nan	nan	nan
4.000000000000000	nan	nan	nan
4.000000000000000	nan	nan	nan
4.000000000000000	nan	nan	nan
4.000000000000000	nan	nan	nan
4.000000000000000	nan	nan	nan
4.000000000000000	nan	nan	nan
4.000000000000000	nan	nan	nan
4.000000000000000	nan	nan	nan
4.000000000000000	nan	nan	nan
4.000000000000000	nan	nan	nan
4.000000000000000	nan	nan	nan
4.000000000000000	nan	nan	nan
4.000000000000000	nan	nan	nan
4.000000000000000	nan	nan	nan
4.000000000000000	nan	nan	nan
4.000000000000000	nan	nan	nan
4.000000000000000	nan	nan	nan
4.000000000000000	nan	nan	nan


5.000000000000000	nan	nan	nan
5.000000000000000	nan	nan	nan
5.000000000000000	nan	nan	nan
5.000000000000000	nan	nan	nan
5.000000000000000	nan	nan	nan
5.000000000000000	nan	nan	nan
5.000000000000000	nan	nan	nan
5.000000000000000	nan	nan	nan
5.000000000000000	nan	nan	nan
5.000000000000000	nan	nan	nan
5.000000000000000	nan	nan	nan
5.000000000000000	nan	nan	nan
5.000000000000000	nan	nan	nan
5.000000000000000	nan	nan	nan
5.000000000000000	nan	nan	nan
5.000000000000000	nan	nan	nan
5.000000000000000	nan	nan	nan
5.000000000000000	nan	nan	nan
5.000000000000000	nan	nan	nan
5.000000000000000	nan	nan	nan
5.000000000000000	nan	nan	nan
5.000000000000000	nan	nan	nan
5.000000000000000	nan	nan	nan
5.000000000000000	nan	nan	nan
5.000000000000000	nan	nan	nan
5.000000000000000	nan	nan	nan
5.000000000000000	nan	nan	nan
5.000000000000000	nan	nan	nan
5.000000000000000	nan	nan	nan
5.000000000000000	nan	nan	nan
5.000000000000000	nan	nan	nan
5.000000000000000	nan	nan	nan
5.000000000000000	nan	nan	nan
5.000000000000000	nan	nan	nan
5.000000000000000	nan	nan	nan
5.000000000000000	nan	nan	nan
5.000000000000000	nan	nan	nan
5.000000000000000	nan	nan	nan
5.000000000000000	nan	nan	nan
5.000000000000000	nan	nan	nan
5.000000000000000	nan	nan	nan
5.000000000000000	nan	nan	nan
5.000000000000000	nan	nan	nan
5.000000000000000	nan	nan	nan
5.000000000000000	nan	nan	nan
5.000000000000000	nan	nan	nan
5.000000000000000	nan	nan	nan
5.000000000000000	nan	nan	nan
5.000000000000000	nan	nan	nan
5.000000000000000	nan	nan	nan
5.000000000000000	nan	nan	nan
5.000000000000000	nan	nan	nan
5.000000000000000	nan	nan	nan
5.000000000000000	nan	nan	nan
5.000000000000000	nan	nan	nan
5.000000000000000	nan	nan	nan
5.000000000000000	nan	nan	nan
5.000000000000000	nan	nan	nan
5.000000000000000	nan	nan	nan
5.000000000000000	nan	nan	nan
5.000000000000000	nan	nan	nan
5.000000000000000	nan	nan	nan
5.000000000000000	nan	nan	nan
5.000000000000000	nan	nan	nan
5.000000000000000	nan	nan	nan
5.000000000000000	nan	nan	nan
5.000000000000000	nan	nan	nan
5.000000000000000	nan	nan	nan
5.000000000000000	nan	nan	nan
5.000000000000000	nan	nan	nan
5.000000000000000	nan	nan	nan
5.000000000000000	nan	nan	nan
5.000000000000000	nan	nan	nan
5.000000000000000	nan	nan	nan
5.000000000000000	nan	nan	nan
5.000000000000000	nan	nan	nan
5.000000000000000	nan	nan	nan
5.000000000000000	nan	nan	nan
5.000000000000000	nan	nan	nan
5.000000000000000	nan	nan	nan
5.000000000000000	nan	nan	nan
5.000000000000000	nan	nan	nan
5.000000000000000	nan	nan	nan
5.000000000000000	nan	nan	nan
5.000000000000000	nan	nan	nan
5.000000000000000	nan	nan	nan
5.000000000000000	nan	nan	nan
5.000000000000000	nan	nan	nan
5.000000000000000	nan	nan	nan
5.000000000000000	nan	nan	nan
5.000000000000000	nan	nan	nan
5.000000000000000	nan	nan	nan
5.000000000000000	nan	nan	nan
5.000000000000000	nan	nan	nan
5.000000000000000	nan	nan	nan
5.000000000000000	nan	nan	nan
5.000000000000000	nan	nan	nan
5.000000000000000	nan	nan	nan
5.000000000000000	nan	nan	nan
5.000000000000000	nan	nan	nan


6.000000000000000	nan	nan	nan
6.000000000000000	nan	nan	nan
6.000000000000000	nan	nan	nan
6.000000000000000	nan	nan	nan
6.000000000000000	nan	nan	nan
6.000000000000000	nan	nan	nan
6.000000000000000	nan	nan	nan
6.000000000000000	nan	nan	nan
6.000000000000000	nan	nan	nan
6.000000000000000	nan	nan	nan
6.000000000000000	nan	nan	nan
6.000000000000000	nan	nan	nan
6.000000000000000	nan	nan	nan
6.000000000000000	nan	nan	nan
6.000000000000000	nan	nan	nan
6.000000000000000	nan	nan	nan
6.000000000000000	nan	nan	nan
6.000000000000000	nan	nan	nan
6.000000000000000	nan	nan	nan
6.000000000000000	nan	nan	nan
6.000000000000000	nan	nan	nan
6.000000000000000	nan	nan	nan
6.000000000000000	nan	nan	nan
6.000000000000000	nan	nan	nan
6.000000000000000	nan	nan	nan
6.000000000000000	nan	nan	nan
6.000000000000000	nan	nan	nan
6.000000000000000	nan	nan	nan
6.000000000000000	nan	nan	nan
6.000000000000000	nan	nan	nan
6.000000000000000	nan	nan	nan
6.000000000000000	nan	nan	nan
6.000000000000000	nan	nan	nan
6.000000000000000	nan	nan	nan
6.000000000000000	nan	nan	nan
6.000000000000000	nan	nan	nan
6.000000000000000	nan	nan	nan
6.000000000000000	nan	nan	nan
6.000000000000000	nan	nan	nan
6.000000000000000	nan	nan	nan
6.000000000000000	nan	nan	nan
6.000000000000000	nan	nan	nan
6.000000000000000	nan	nan	nan
6.000000000000000	nan	nan	nan
6.000000000000000	nan	nan	nan
6.000000000000000	nan	nan	nan
6.000000000000000	nan	nan	nan
6.000000000000000	nan	nan	nan
6.000000000000000	nan	nan	nan
6.000000000000000	nan	nan	nan
6.000000000000000	nan	nan	nan
6.000000000000000	nan	nan	nan
6.000000000000000	nan	nan	nan
6.000000000000000	nan	nan	nan
6.000000000000000	nan	nan	nan
6.000000000000000	nan	nan	nan
6.000000000000000	nan	nan	nan
6.000000000000000	nan	nan	nan
6.000000000000000	nan	nan	nan
6.000000000000000	nan	nan	nan
6.000000000000000	nan	nan	nan
6.000000000000000	nan	nan	nan
6.000000000000000	nan	nan	nan
6.000000000000000	nan	nan	nan
6.000000000000000	nan	nan	nan
6.000000000000000	nan	nan	nan
6.000000000000000	nan	nan	nan
6.000000000000000	nan	nan	nan
6.000000000000000	nan	nan	nan
6.000000000000000	nan	nan	nan
6.000000000000000	nan	nan	nan
6.000000000000000	nan	nan	nan
6.000000000000000	nan	nan	nan
6.000000000000000	nan	nan	nan
6.000000000000000	nan	nan	nan
6.000000000000000	nan	nan	nan
6.000000000000000	nan	nan	nan
6.000000000000000	nan	nan	nan
6.000000000000000	nan	nan	nan
6.000000000000000	nan	nan	nan
6.000000000000000	nan	nan	nan
6.000000000000000	nan	nan	nan
6.000000000000000	nan	nan	nan
6.000000000000000	nan	nan	nan
6.000000000000000	nan	nan	nan
6.000000000000000	nan	nan	nan
6.000000000000000	nan	nan	nan
6.000000000000000	nan	nan	nan
6.000000000000000	nan	nan	nan
6.000000000000000	nan	nan	nan
6.000000000000000	nan	nan	nan
6.000000000000000	nan	nan	nan
6.000000000000000	nan	nan	nan
6.000000000000000	nan	nan	nan
6.000000000000000	nan	nan	nan
6.000000000000000	nan	nan	nan
6.000000000000000	nan	nan	nan
6.000000000000000	nan	nan	nan
6.000000000000000	nan	nan	nan
6.000000000000000	nan	nan	nan


7.000000000000000	-0.201728882868375	0.593834880487456	0.049339423620899
7.000000000000000	-0.242151897340540	0.578472448498286	0.051392474726360
7.000000000000000	-0.281528337243241	0.560570193376354	0.053221095292990
7.000000000000000	-0.319699647550660	0.540200201184548	0.054817922111168
7.000000000000000	-0.356512125868515	0.517444494691961	0.056176525322886
7.000000000000000	-0.391817541339353	0.492394703097156	0.057291434312521
7.000000000000000	-0.425473731515902	0.465151693069715	0.058158159735074
7.000000000000000	-0.457345174799062	0.435825162595770	0.058773211593171
7.000000000000000	-0.487303536135559	0.404533199262923	0.059134113290060
7.000000000000000	-0.515228183777908	0.371401804763210	0.059239411601985
7.000000000000000	-0.541006675025884	0.336564387528765	0.059088682529808
7.000000000000000	-0.564535208993590	0.300161225543139	0.058682533006305
7.000000000000000	-0.585719044578985	0.262338901491381	0.058022598452257
7.000000000000000	-0.604472881952872	0.223249712523293	0.057111536191196
7.000000000000000	-0.620721206031196	0.183051057006564	0.055953014749291
7.000000000000000	-0.634398590547637	0.141904800739094	0.054551699083498
7.000000000000000	-0.645449961502095	0.099976625172559	0.052913231797415
7.000000000000000	-0.653830818924251	0.057435360271675	0.051044210420518
7.000000000000000	-0.659507416059235	0.014452304695526	0.048952160842233
7.000000000000000	-0.662456895253905	-0.028799463961686	0.046645507007834
7.000000000000000	-0.662667379996544	-0.072145786093021	0.044133536998193
7.000000000000000	-0.660138022739384	-0.115412121358069	0.041426365629957
7.000000000000000	-0.654879008311377	-0.158424251495302	0.038534893726744
7.000000000000000	-0.646911512907489	-0.201008981837521	0.035470764225383
7.000000000000000	-0.636267618819633	-0.242994838705652	0.032246315293909
7.000000000000000	-0.622990185252606	-0.284212759872735	0.028874530650121
7.000000000000000	-0.607132675745194	-0.324496775317838	0.025368987280730
7.000000000000000	-0.588758942891374	-0.363684675528755	0.021743800771623
7.000000000000000	-0.567942971228455	-0.401618664662462	0.018013568469386
7.000000000000000	-0.544768579327455	-0.438145995933284	0.014193310702938
7.000000000000000	-0.519329082285302	-0.473119586670286	0.010298410301968
7.000000000000000	-0.491726915977873	-0.506398610567282	0.006344550655710
7.000000000000000	-0.462073224586876	-0.537849064740662	0.002347652561470
7.000000000000000	-0.430487413061456	-0.567344309311713	-0.001676189882808
7.000000000000000	-0.397096666316612	-0.594765577340708	-0.005710774083790
7.000000000000000	-0.362035437104427	-0.620002453059462	-0.009739854194881
7.000000000000000	-0.325444904620299	-0.642953316476652	-0.013747206532511
7.000000000000000	-0.287472406024139	-0.663525752565662	-0.017716694903188
7.000000000000000	-0.248270843165638	-0.681636923387275	-0.021632335578248
7.000000000000000	-0.207998066902479	-0.697213901648817	-0.025478361654694
7.000000000000000	-0.166816241490650	-0.710193964356626	-0.029239286542947
7.000000000000000	-0.124891191606214	-0.720524845379409	-0.032899966325878
7.000000000000000	-0.082391734627871	-0.728164945905509	-0.036445660738014
7.000000000000000	-0.039489000868955	-0.733083501946633	-0.039862092519389
7.000000000000000	0.003644255503940	-0.735260708213576	-0.043135504905027
7.000000000000000	0.046834352091015	-0.734687797865133	-0.046252717018581
7.000000000000000	0.089907377616988	-0.731367077809073	-0.049201176947072
7.000000000000000	0.132689892210424	-0.725311919413033	-0.051969012283008
7.000000000000000	0.175009625784874	-0.716546704662744	-0.054545077930380
7.000000000000000	0.216696171709723	-0.705106727984376	-0.056919000982034
7.000000000000000	0.257581672977536	-0.691038054126347	-0.059081222487702
7.000000000000000	0.297501498104992	-0.674397332672831	-0.061023035944523
7.000000000000000	0.336294904045755	-0.655251569935882	-0.062736622355057
7.000000000000000	0.373805683445993	-0.633677859144665	-0.064215081711629
7.000000000000000	0.409882793636258	-0.609763070018229	-0.065452460780223
7.000000000000000	0.444380964827004	-0.583603498971810	-0.066443777072055
7.000000000000000	0.477161285058760	-0.555304481365155	-0.067185038906296
7.000000000000000	0.508091759551564	-0.524979967354203	-0.067673261483164
7.000000000000000	0.537047842201350	-0.492752063054030	-0.067906478902657
7.000000000000000	0.563912937083157	-0.458750538860612	-0.067883752080540
7.000000000000000	0.588578867941765	-0.423112306911252	-0.067605172529703
7.000000000000000	0.610946313779291	-0.385980869787717	-0.067071861991675
7.000000000000000	0.630925208785799	-0.347505742681994	-0.066285967919764
7.000000000000000	0.648435105002524	-0.307841851351383	-0.065250654832021
7.000000000000000	0.663405496257410	-0.267148908287147	-0.063970091568843
7.000000000000000	0.675776102068580	-0.225590769608686	-0.062449434506525
7.000000000000000	0.685497110372561	-0.183334775272772	-0.060694806794349
7.000000000000000	0.692529378099881	-0.140551075254606	-0.058713273698827
7.000000000000000	0.696844588790399	-0.097411944413921	-0.056512814154367
7.000000000000000	0.698425366613689	-0.054091088804925	-0.054102288634914
7.000000000000000	0.697265346335384	-0.010762946223328	-0.051491403475955
7.000000000000000	0.693369198947722	0.032398016193090	-0.048690671790531
7.000000000000000	0.686752612861112	0.075218004482072	-0.045711371136637
7.000000000000000	0.677442230732442	0.117524597663826	-0.042565498106481
7.000000000000000	0.665475542184503	0.159147442019458	-0.039265720020439
7.000000000000000	0.650900732848509	0.199918937045270	-0.035825323920228
7.000000000000000	0.633776490337569	0.239674910320839	-0.032258163066677
7.000000000000000	0.614171767932379	0.278255278573408	-0.028578601157535
7.000000000000000	0.592165506930700	0.315504692276724	-0.024801454489933
7.000000000000000	0.567846318778614	0.351273161188751	-0.020941932300381
7.000000000000000	0.541312128263502	0.385416658309440	-0.017015575522541
7.000000000000000	0.512669779205492	0.417797699826621	-0.013038194209374
7.000000000000000	0.482034604235103	0.448285898714789	-0.009025803871638
7.000000000000000	0.449529960389445	0.476758489757643	-0.004994560989074
7.000000000000000	0.415286732396973	0.503100823880276	-0.000960697953967
7.000000000000000	0.379442805650880	0.527206829800539	0.003059542290966
7.000000000000000	0.342142510993281	0.548979441140657	0.007049971657178
7.000000000000000	0.303536043545856	0.568330987279269	0.010994522094009
7.000000000000000	0.263778857927104	0.585183546370083	0.014877310289053
7.000000000000000	0.223031042291459	0.599469259105647	0.018682701624656
7.000000000000000	0.181456673710800	0.611130601962827	0.022395373132998
7.000000000000000	0.139223157493986	0.620120618829736	0.026000375196278
7.000000000000000	0.096500553104767	0.626403110081421	0.029483191743553
7.000000000000000	0.053460889392340	0.629952778342978	0.032829798701823
7.000000000000000	0.010277471891894	0.630755330353150	0.036026720466031
7.000000000000000	-0.032875815015614	0.628807534518250	0.039061084160568
7.000000000000000	-0.075825208274492	0.624117233924640	0.041920671473795
7.000000000000000	-0.118397765836807	0.616703314757400	0.044593967856875
7.000000000000000	-0.160422063038974	0.606595630252320	0.047070208888797
7.000000000000000	-0.201728882868374	0.593834880487456	0.049339423620899


8.000000000000000	nan	nan	nan
8.000000000000000	nan	nan	nan
8.000000000000000	nan	nan	nan
8.000000000000000	nan	nan	nan
8.000000000000000	nan	nan	nan
8.000000000000000	nan	nan	nan
8.000000000000000	nan	nan	nan
8.000000000000000	nan	nan	nan
8.000000000000000	nan	nan	nan
8.000000000000000	nan	nan	nan
8.000000000000000	nan	nan	nan
8.000000000000000	nan	nan	nan
8.000000000000000	nan	nan	nan
8.000000000000000	nan	nan	nan
8.000000000000000	nan	nan	nan
8.000000000000000	nan	nan	nan
8.000000000000000	nan	nan	nan
8.000000000000000	nan	nan	nan
8.000000000000000	nan	nan	nan
8.000000000000000	nan	nan	nan
8.000000000000000	nan	nan	nan
8.000000000000000	nan	nan	nan
8.000000000000000	nan	nan	nan
8.000000000000000	nan	nan	nan
8.000000000000000	nan	nan	nan
8.000000000000000	nan	nan	nan
8.000000000000000	nan	nan	nan
8.000000000000000	nan	nan	nan
8.000000000000000	nan	nan	nan
8.000000000000000	nan	nan	nan
8.000000000000000	nan	nan	nan
8.000000000000000	nan	nan	nan
8.000000000000000	nan	nan	nan
8.000000000000000	nan	nan	nan
8.000000000000000	nan	nan	nan
8.000000000000000	nan	nan	nan
8.000000000000000	nan	nan	nan
8.000000000000000	nan	nan	nan
8.000000000000000	nan	nan	nan
8.000000000000000	nan	nan	nan
8.000000000000000	nan	nan	nan
8.000000000000000	nan	nan	nan
8.000000000000000	nan	nan	nan
8.000000000000000	nan	nan	nan
8.000000000000000	nan	nan	nan
8.000000000000000	nan	nan	nan
8.000000000000000	nan	nan	nan
8.000000000000000	nan	nan	nan
8.000000000000000	nan	nan	nan
8.000000000000000	nan	nan	nan
8.000000000000000	nan	nan	nan
8.000000000000000	nan	nan	nan
8.000000000000000	nan	nan	nan
8.000000000000000	nan	nan	nan
8.000000000000000	nan	nan	nan
8.000000000000000	nan	nan	nan
8.000000000000000	nan	nan	nan
8.000000000000000	nan	nan	nan
8.000000000000000	nan	nan	nan
8.000000000000000	nan	nan	nan
8.000000000000000	nan	nan	nan
8.000000000000000	nan	nan	nan
8.000000000000000	nan	nan	nan
8.000000000000000	nan	nan	nan
8.000000000000000	nan	nan	nan
8.000000000000000	nan	nan	nan
8.000000000000000	nan	nan	nan
8.000000000000000	nan	nan	nan
8.000000000000000	nan	nan	nan
8.000000000000000	nan	nan	nan
8.000000000000000	nan	nan	nan
8.000000000000000	nan	nan	nan
8.000000000000000	nan	nan	nan
8.000000000000000	nan	nan	nan
8.000000000000000	nan	nan	nan
8.000000000000000	nan	nan	nan
8.000000000000000	nan	nan	nan
8.000000000000000	nan	nan	nan
8.000000000000000	nan	nan	nan
8.000000000000000	nan	nan	nan
8.000000000000000	nan	nan	nan
8.000000000000000	nan	nan	nan
8.000000000000000	nan	nan	nan
8.000000000000000	nan	nan	nan
8.000000000000000	nan	nan	nan
8.000000000000000	nan	nan	nan
8.000000000000000	nan	nan	nan
8.000000000000000	nan	nan	nan
8.000000000000000	nan	nan	nan
8.000000000000000	nan	nan	nan
8.000000000000000	nan	nan	nan
8.000000000000000	nan	nan	nan
8.000000000000000	nan	nan	nan
8.000000000000000	nan	nan	nan
8.000000000000000	nan	nan	nan
8.000000000000000	nan	nan	nan
8.000000000000000	nan	nan	nan
8.000000000000000	nan	nan	nan
8.000000000000000	nan	nan	nan
8.000000000000000	nan	nan	nan


9.000000000000000	nan	nan	nan
9.000000000000000	nan	nan	nan
9.000000000000000	nan	nan	nan
9.000000000000000	nan	nan	nan
9.000000000000000	nan	nan	nan
9.000000000000000	nan	nan	nan
9.000000000000000	nan	nan	nan
9.000000000000000	nan	nan	nan
9.000000000000000	nan	nan	nan
9.000000000000000	nan	nan	nan
9.000000000000000	nan	nan	nan
9.000000000000000	nan	nan	nan
9.000000000000000	nan	nan	nan
9.000000000000000	nan	nan	nan
9.000000000000000	nan	nan	nan
9.000000000000000	nan	nan	nan
9.000000000000000	nan	nan	nan
9.000000000000000	nan	nan	nan
9.000000000000000	nan	nan	nan
9.000000000000000	nan	nan	nan
9.000000000000000	nan	nan	nan
9.000000000000000	nan	nan	nan
9.000000000000000	nan	nan	nan
9.000000000000000	nan	nan	nan
9.000000000000000	nan	nan	nan
9.000000000000000	nan	nan	nan
9.000000000000000	nan	nan	nan
9.000000000000000	nan	nan	nan
9.000000000000000	nan	nan	nan
9.000000000000000	nan	nan	nan
9.000000000000000	nan	nan	nan
9.000000000000000	nan	nan	nan
9.000000000000000	nan	nan	nan
9.000000000000000	nan	nan	nan
9.000000000000000	nan	nan	nan
9.000000000000000	nan	nan	nan
9.000000000000000	nan	nan	nan
9.000000000000000	nan	nan	nan
9.000000000000000	nan	nan	nan
9.000000000000000	nan	nan	nan
9.000000000000000	nan	nan	nan
9.000000000000000	nan	nan	nan
9.000000000000000	nan	nan	nan
9.000000000000000	nan	nan	nan
9.000000000000000	nan	nan	nan
9.000000000000000	nan	nan	nan
9.000000000000000	nan	nan	nan
9.000000000000000	nan	nan	nan
9.000000000000000	nan	nan	nan
9.000000000000000	nan	nan	nan
9.000000000000000	nan	nan	nan
9.000000000000000	nan	nan	nan
9.000000000000000	nan	nan	nan
9.000000000000000	nan	nan	nan
9.000000000000000	nan	nan	nan
9.000000000000000	nan	nan	nan
9.000000000000000	nan	nan	nan
9.000000000000000	nan	nan	nan
9.000000000000000	nan	nan	nan
9.000000000000000	nan	nan	nan
9.000000000000000	nan	nan	nan
9.000000000000000	nan	nan	nan
9.000000000000000	nan	nan	nan
9.000000000000000	nan	nan	nan
9.000000000000000	nan	nan	nan
9.000000000000000	nan	nan	nan
9.000000000000000	nan	nan	nan
9.000000000000000	nan	nan	nan
9.000000000000000	nan	nan	nan
9.000000000000000	nan	nan	nan
9.000000000000000	nan	nan	nan
9.000000000000000	nan	nan	nan
9.000000000000000	nan	nan	nan
9.000000000000000	nan	nan	nan
9.000000000000000	nan	nan	nan
9.000000000000000	nan	nan	nan
9.000000000000000	nan	nan	nan
9.000000000000000	nan	nan	nan
9.000000000000000	nan	nan	nan
9.000000000000000	nan	nan	nan
9.000000000000000	nan	nan	nan
9.000000000000000	nan	nan	nan
9.000000000000000	nan	nan	nan
9.000000000000000	nan	nan	nan
9.000000000000000	nan	nan	nan
9.000000000000000	nan	nan	nan
9.000000000000000	nan	nan	nan
9.000000000000000	nan	nan	nan
9.000000000000000	nan	nan	nan
9.000000000000000	nan	nan	nan
9.000000000000000	nan	nan	nan
9.000000000000000	nan	nan	nan
9.000000000000000	nan	nan	nan
9.000000000000000	nan	nan	nan
9.000000000000000	nan	nan	nan
9.000000000000000	nan	nan	nan
9.000000000000000	nan	nan	nan
9.000000000000000	nan	nan	nan
9.000000000000000	nan	nan	nan
9.000000000000000	nan	nan	nan


10.000000000000000	-0.837278179671043	-0.139823822326206	0.101171284795049
10.000000000000000	-0.826780611344793	-0.195959293703919	0.095041896646487
10.000000000000000	-0.812749851548149	-0.251271632261430	0.088505153720669
10.000000000000000	-0.795242397198743	-0.305538114733515	0.081587377174255
10.000000000000000	-0.774328744636092	-0.358540229148276	0.074316422451812
10.000000000000000	-0.750093105757724	-0.410064554697728	0.066721567121769
10.000000000000000	-0.722633068927583	-0.459903621108076	0.058833392985983
10.000000000000000	-0.692059206022136	-0.507856744049272	0.050683662937617
10.000000000000000	-0.658494627196449	-0.553730833219989	0.042305193063179
10.000000000000000	-0.622074485163043	-0.597341169854108	0.033731720503725
10.000000000000000	-0.582945430979625	-0.638512150518002	0.024997767607298
10.000000000000000	-0.541265023537037	-0.677077994203578	0.016138502919618
10.000000000000000	-0.497201095125208	-0.712883409869889	0.007189599572759
10.000000000000000	-0.450931075631764	-0.745784221745344	-0.001812908357959
10.000000000000000	-0.402641278094492	-0.775647949872657	-0.010832770950480
10.000000000000000	-0.352526148484489	-0.802354343558878	-0.019833668401647
10.000000000000000	-0.300787482740873	-0.825795865582486	-0.028779357274236
10.000000000000000	-0.247633614209753	-0.845878125207831	-0.037633816436481
10.000000000000000	-0.193278574759378	-0.862520258263311	-0.046361392106462
10.000000000000000	-0.137941232949342	-0.875655252752849	-0.054926941417300
10.000000000000000	-0.081844412724144	-0.885230218689549	-0.063295973925077
10.000000000000000	-0.025213996179808	-0.891206601065009	-0.071434790489683
10.000000000000000	0.031721985983595	-0.893560335096730	-0.079310618969355
10.000000000000000	0.088734272661093	-0.892281943128502	-0.086891746182532
10.000000000000000	0.145593295496367	-0.887376572793581	-0.094147645605638
10.000000000000000	0.202070103272498	-0.878863976286985	-0.101049100292619
10.000000000000000	0.257937283817707	-0.866778430830379	-0.107568320521277
10.000000000000000	0.312969879713914	-0.851168600649797	-0.113679055692669
10.000000000000000	0.366946294120854	-0.832097341021987	-0.119356700033007
10.000000000000000	0.419649183068352	-0.809641445178385	-0.124578391672420
10.000000000000000	0.470866330623772	-0.783891335085886	-0.129323104701640
10.000000000000000	0.520391503410680	-0.754950697349492	-0.133571733835915
10.000000000000000	0.568025281037866	-0.722936065702949	-0.137307171345250
10.000000000000000	0.613575859094870	-0.687976351768533	-0.140514375941193
10.000000000000000	0.656859821480648	-0.650212325975445	-0.143180433342799
10.000000000000000	0.697702878955479	-0.609796050726975	-0.145294608277880
10.000000000000000	0.735940570942212	-0.566890268098878	-0.146848387710158
10.000000000000000	0.771418927750974	-0.521667744534467	-0.147835515118255
10.000000000000000	0.803995090560760	-0.474310575175129	-0.148252015688500
10.000000000000000	0.833537886661489	-0.425009450627456	-0.148096212320098
10.000000000000000	0.859928357640209	-0.373962889119477	-0.147368732378223
10.000000000000000	0.883060238384641	-0.321376437137818	-0.146072505167841
10.000000000000000	0.902840384975280	-0.267461841764550	-0.144212750138435
10.000000000000000	0.919189149743086	-0.212436198046419	-0.141796955867117
10.000000000000000	0.932040701982532	-0.156521074829721	-0.138834849904779
10.000000000000000	0.941343293028627	-0.099941622580754	-0.135338359606675
10.000000000000000	0.947059464630519	-0.042925666784362	-0.131321564105171
10.000000000000000	0.949166199782653	0.014297209428892	-0.126800637618048
10.000000000000000	0.947655015406133	0.071496589732954	-0.121793784320637
10.000000000000000	0.942531996507078	0.128442152411503	-0.116321165044029
10.000000000000000	0.933817771674458	0.184904597782215	-0.110404816094524
10.000000000000000	0.921547430016042	0.240656571505651	-0.104068560521203
10.000000000000000	0.905770379866948	0.295473580060937	-0.097337912188918
10.000000000000000	0.886550149839716	0.349134894701944	-0.090239973042964
10.000000000000000	0.863964133017003	0.401424440254039	-0.082803323979106
10.000000000000000	0.838103275316962	0.452131665172552	-0.075057909758407
10.000000000000000	0.809071709286122	0.501052389359536	-0.067034918430237
10.000000000000000	0.776986334794379	0.547989626324954	-0.058766655749010
10.000000000000000	0.741976348320477	0.592754376381753	-0.050286415090312
10.000000000000000	0.704182722723392	0.635166387680893	-0.041628343390227
10.000000000000000	0.663757639594377	0.675054882021927	-0.032827303647679
10.000000000000000	0.620863876475412	0.712259242516540	-0.023918734543439
10.000000000000000	0.575674151411491	0.746629660336067	-0.014938507741066
10.000000000000000	0.528370427476013	0.778027737938774	-0.005922783444378
10.000000000000000	0.479143180069714	0.806327046347910	0.003092135206926
10.000000000000000	0.428190629943447	0.831413634236577	0.012069948317196
10.000000000000000	0.375717945033186	0.853186486769501	0.020974505401702
10.000000000000000	0.321936414321158	0.871557932354125	0.029769950951870
10.000000000000000	0.267062597049684	0.886453995663168	0.038420868812769
10.000000000000000	0.211317450713544	0.897814695507155	0.046892424791461
10.000000000000000	0.154925441342131	0.905594286357505	0.055150506922001
10.000000000000000	0.098113639653977	0.909761442547620	0.063161862822289
10.000000000000000	0.041110806723107	0.910299384410294	0.070894233589673
10.000000000000000	-0.015853527161059	0.907205945843511	0.078316483696164
10.000000000000000	-0.072549986731179	0.900493583032569	0.085398726360220
10.000000000000000	-0.128750275355224	0.890189324293420	0.092112443890268
10.000000000000000	-0.184228094306447	0.876334661239183	0.098430602515377
10.000000000000000	-0.238760053988482	0.858985381708061	0.104327761240720
10.000000000000000	-0.292126573446406	0.838211345125405	0.109780174289474
10.000000000000000	-0.344112764541741	0.814096201204467	0.114765886718688
10.000000000000000	-0.394509297231148	0.786737053118527	0.119264822824086
10.000000000000000	-0.443113242464631	0.756244066500686	0.123258866977842
10.000000000000000	-0.489728889309192	0.722740025845745	0.126731936573823
10.000000000000000	-0.534168533007692	0.686359840100378	0.129670046786563
10.000000000000000	-0.576253230799650	0.647249999432423	0.132061366883223
10.000000000000000	-0.615813522460593	0.605567985366673	0.133896267861777
10.000000000000000	-0.652690112658558	0.561481636662367	0.135167361223599
10.000000000000000	-0.686734512380182	0.515168473485732	0.135869528724347
10.000000000000000	-0.717809636843544	0.466814982598941	0.135999942983320
10.000000000000000	-0.745790357490202	0.416615866443728	0.135558078868327
10.000000000000000	-0.770564005833733	0.364773259143389	0.134545715610206
10.000000000000000	-0.792030827135962	0.311495912579994	0.132966929638489
10.000000000000000	-0.810104382084086	0.256998355824248	0.130828078167062
10.000000000000000	-0.824711894851277	0.201500031302632	0.128137773595907
10.000000000000000	-0.835794546139253	0.145224411180208	0.124906848832004
10.000000000000000	-0.843307710022830	0.088398097517080	0.121148313669044
10.000000000000000	-0.847221133642772	0.031249909821874	0.116877302401576
10.000000000000000	-0.847519059023381	-0.025990036323656	0.112111012884548
10.000000000000000	-0.844200286524300	-0.083091255858866	0.106868637283612
10.000000000000000	-0.837278179671043	-0.139823822326206	0.101171284795049


11.000000000000000	nan	nan	nan
11.000000000000000	nan	nan	nan
11.000000000000000	nan	nan	nan
11.000000000000000	nan	nan	nan
11.000000000000000	nan	nan	nan
11.000000000000000	nan	nan	nan
11.000000000000000	nan	nan	nan
11.000000000000000	nan	nan	nan
11.000000000000000	nan	nan	nan
11.000000000000000	nan	nan	nan
11.000000000000000	nan	nan	nan
11.000000000000000	nan	nan	nan
11.000000000000000	nan	nan	nan
11.000000000000000	nan	nan	nan
11.000000000000000	nan	nan	nan
11.000000000000000	nan	nan	nan
11.000000000000000	nan	nan	nan
11.000000000000000	nan	nan	nan
11.000000000000000	nan	nan	nan
11.000000000000000	nan	nan	nan
11.000000000000000	nan	nan	nan
11.000000000000000	nan	nan	nan
11.000000000000000	nan	nan	nan
11.000000000000000	nan	nan	nan
11.000000000000000	nan	nan	nan
11.000000000000000	nan	nan	nan
11.000000000000000	nan	nan	nan
11.000000000000000	nan	nan	nan
11.000000000000000	nan	nan	nan
11.000000000000000	nan	nan	nan
11.000000000000000	nan	nan	nan
11.000000000000000	nan	nan	nan
11.000000000000000	nan	nan	nan
11.000000000000000	nan	nan	nan
11.000000000000000	nan	nan	nan
11.000000000000000	nan	nan	nan
11.000000000000000	nan	nan	nan
11.000000000000000	nan	nan	nan
11.000000000000000	nan	nan	nan
11.000000000000000	nan	nan	nan
11.000000000000000	nan	nan	nan
11.000000000000000	nan	nan	nan
11.000000000000000	nan	nan	nan
11.000000000000000	nan	nan	nan
11.000000000000000	nan	nan	nan
11.000000000000000	nan	nan	nan
11.000000000000000	nan	nan	nan
11.000000000000000	nan	nan	nan
11.000000000000000	nan	nan	nan
11.000000000000000	nan	nan	nan
11.000000000000000	nan	nan	nan
11.000000000000000	nan	nan	nan
11.000000000000000	nan	nan	nan
11.000000000000000	nan	nan	nan
11.000000000000000	nan	nan	nan
11.000000000000000	nan	nan	nan
11.000000000000000	nan	nan	nan
11.000000000000000	nan	nan	nan
11.000000000000000	nan	nan	nan
11.000000000000000	nan	nan	nan
11.000000000000000	nan	nan	nan
11.000000000000000	nan	nan	nan
11.000000000000000	nan	nan	nan
11.000000000000000	nan	nan	nan
11.000000000000000	nan	nan	nan
11.000000000000000	nan	nan	nan
11.000000000000000	nan	nan	nan
11.000000000000000	nan	nan	nan
11.000000000000000	nan	nan	nan
11.000000000000000	nan	nan	nan
11.000000000000000	nan	nan	nan
11.000000000000000	nan	nan	nan
11.000000000000000	nan	nan	nan
11.000000000000000	nan	nan	nan
11.000000000000000	nan	nan	nan
11.000000000000000	nan	nan	nan
11.000000000000000	nan	nan	nan
11.000000000000000	nan	nan	nan
11.000000000000000	nan	nan	nan
11.000000000000000	nan	nan	nan
11.000000000000000	nan	nan	nan
11.000000000000000	nan	nan	nan
11.000000000000000	nan	nan	nan
11.000000000000000	nan	nan	nan
11.000000000000000	nan	nan	nan
11.000000000000000	nan	nan	nan
11.000000000000000	nan	nan	nan
11.000000000000000	nan	nan	nan
11.000000000000000	nan	nan	nan
11.000000000000000	nan	nan	nan
11.000000000000000	nan	nan	nan
11.000000000000000	nan	nan	nan
11.000000000000000	nan	nan	nan
11.000000000000000	nan	nan	nan
11.000000000000000	nan	nan	nan
11.000000000000000	nan	nan	nan
11.000000000000000	nan	nan	nan
11.000000000000000	nan	nan	nan
11.000000000000000	nan	nan	nan
11.000000000000000	nan	nan	nan


12.000000000000000	nan	nan	nan
12.000000000000000	nan	nan	nan
12.000000000000000	nan	nan	nan
12.000000000000000	nan	nan	nan
12.000000000000000	nan	nan	nan
12.000000000000000	nan	nan	nan
12.000000000000000	nan	nan	nan
12.000000000000000	nan	nan	nan
12.000000000000000	nan	nan	nan
12.000000000000000	nan	nan	nan
12.000000000000000	nan	nan	nan
12.000000000000000	nan	nan	nan
12.000000000000000	nan	nan	nan
12.000000000000000	nan	nan	nan
12.000000000000000	nan	nan	nan
12.000000000000000	nan	nan	nan
12.000000000000000	nan	nan	nan
12.000000000000000	nan	nan	nan
12.000000000000000	nan	nan	nan
12.000000000000000	nan	nan	nan
12.000000000000000	nan	nan	nan
12.000000000000000	nan	nan	nan
12.000000000000000	nan	nan	nan
12.000000000000000	nan	nan	nan
12.000000000000000	nan	nan	nan
12.000000000000000	nan	nan	nan
12.000000000000000	nan	nan	nan
12.000000000000000	nan	nan	nan
12.000000000000000	nan	nan	nan
12.000000000000000	nan	nan	nan
12.000000000000000	nan	nan	nan
12.000000000000000	nan	nan	nan
12.000000000000000	nan	nan	nan
12.000000000000000	nan	nan	nan
12.000000000000000	nan	nan	nan
12.000000000000000	nan	nan	nan
12.000000000000000	nan	nan	nan
12.000000000000000	nan	nan	nan
12.000000000000000	nan	nan	nan
12.000000000000000	nan	nan	nan
12.000000000000000	nan	nan	nan
12.000000000000000	nan	nan	nan
12.000000000000000	nan	nan	nan
12.000000000000000	nan	nan	nan
12.000000000000000	nan	nan	nan
12.000000000000000	nan	nan	nan
12.000000000000000	nan	nan	nan
12.000000000000000	nan	nan	nan
12.000000000000000	nan	nan	nan
12.000000000000000	nan	nan	nan
12.000000000000000	nan	nan	nan
12.000000000000000	nan	nan	nan
12.000000000000000	nan	nan	nan
12.000000000000000	nan	nan	nan
12.000000000000000	nan	nan	nan
12.000000000000000	nan	nan	nan
12.000000000000000	nan	nan	nan
12.000000000000000	nan	nan	nan
12.000000000000000	nan	nan	nan
12.000000000000000	nan	nan	nan
12.000000000000000	nan	nan	nan
12.000000000000000	nan	nan	nan
12.000000000000000	nan	nan	nan
12.000000000000000	nan	nan	nan
12.000000000000000	nan	nan	nan
12.000000000000000	nan	nan	nan
12.000000000000000	nan	nan	nan
12.000000000000000	nan	nan	nan
12.000000000000000	nan	nan	nan
12.000000000000000	nan	nan	nan
12.000000000000000	nan	nan	nan
12.000000000000000	nan	nan	nan
12.000000000000000	nan	nan	nan
12.000000000000000	nan	nan	nan
12.000000000000000	nan	nan	nan
12.000000000000000	nan	nan	nan
12.000000000000000	nan	nan	nan
12.000000000000000	nan	nan	nan
12.000000000000000	nan	nan	nan
12.000000000000000	nan	nan	nan
12.000000000000000	nan	nan	nan
12.000000000000000	nan	nan	nan
12.000000000000000	nan	nan	nan
12.000000000000000	nan	nan	nan
12.000000000000000	nan	nan	nan
12.000000000000000	nan	nan	nan
12.000000000000000	nan	nan	nan
12.000000000000000	nan	nan	nan
12.000000000000000	nan	nan	nan
12.000000000000000	nan	nan	nan
12.000000000000000	nan	nan	nan
12.000000000000000	nan	nan	nan
12.000000000000000	nan	nan	nan
12.000000000000000	nan	nan	nan
12.000000000000000	nan	nan	nan
12.000000000000000	nan	nan	nan
12.000000000000000	nan	nan	nan
12.000000000000000	nan	nan	nan
12.000000000000000	nan	nan	nan
12.000000000000000	nan	nan	nan


13.000000000000000	-0.395400075016476	-0.353923536171199	0.020847455467973
13.000000000000000	-0.371009945298800	-0.379485060198747	0.020897828808252
13.000000000000000	-0.345046957865473	-0.403447879954780	0.020859892301151
13.000000000000000	-0.317615656503416	-0.425715505621669	0.020733798703594
13.000000000000000	-0.288826497381506	-0.446198273330073	0.020520055749995
13.000000000000000	-0.258795404282574	-0.464813706203696	0.020219524107787
13.000000000000000	-0.227643301819240	-0.481486846464556	0.019833413911825
13.000000000000000	-0.195495628513185	-0.496150557261504	0.019363279891591
13.000000000000000	-0.162481831698491	-0.508745793006626	0.018811015110855
13.000000000000000	-0.128734846282918	-0.519221837130986	0.018178843344970
13.000000000000000	-0.094390559465944	-0.527536506302351	0.017469310126516
13.000000000000000	-0.059587263568981	-0.533656320282577	0.016685272495338
13.000000000000000	-0.024465099180999	-0.537556636740716	0.015829887494257
13.000000000000000	0.010834509138161	-0.539221750478984	0.014906599456768
13.000000000000000	0.046169422324574	-0.538644956672049	0.013919126137930
13.000000000000000	0.081397359154077	-0.535828577864995	0.012871443744275
13.000000000000000	0.116376469158536	-0.530783954621255	0.011767770923029
13.000000000000000	0.150965903807624	-0.523531399858163	0.010612551775110
13.000000000000000	0.185026383656134	-0.514100117054005	0.009410437960298
13.000000000000000	0.218420759173151	-0.502528082655923	0.008166269966648
13.000000000000000	0.251014562994802	-0.488861893162159	0.006885057619547
13.000000000000000	0.282676551376880	-0.473156577494409	0.005571959908923
13.000000000000000	0.313279232667071	-0.455475375415773	0.004232264215806
13.000000000000000	0.342699380668845	-0.435889482886551	0.002871365021915
13.000000000000000	0.370818530829856	-0.414477765383241	0.001494742187983
13.000000000000000	0.397523457256886	-0.391326440335095	0.000107938888291
13.000000000000000	0.422706628636550	-0.366528729956968	-0.001283460709735
13.000000000000000	0.446266641225945	-0.340184485876353	-0.002673853931001
13.000000000000000	0.468108627169733	-0.312399787066127	-0.004057642152735
13.000000000000000	0.488144636499512	-0.283286512701963	-0.005429253348167
13.000000000000000	0.506293991277296	-0.252961891664375	-0.006783164523116
13.000000000000000	0.522483610457095	-0.221548030499398	-0.008113923955134
13.000000000000000	0.536648304156499	-0.189171421738614	-0.009416173145672
13.000000000000000	0.548731036153319	-0.155962434558382	-0.010684668396860
13.000000000000000	0.558683153550330	-0.122054789829172	-0.011914301926029
13.000000000000000	0.566464582683312	-0.087585021668815	-0.013100122432949
13.000000000000000	0.572043990483553	-0.052691927667804	-0.014237355036966
13.000000000000000	0.575398910645059	-0.017516010000381	-0.015321420503763
13.000000000000000	0.576515834088438	0.017801090328129	-0.016347953684320
13.000000000000000	0.575390263357194	0.053117163819653	-0.017312821091826
13.000000000000000	0.572026730727398	0.088290005110828	-0.018212137545776
13.000000000000000	0.566438779957814	0.123177985583811	-0.019042281816218
13.000000000000000	0.558648911753958	0.157640623654732	-0.019799911205169
13.000000000000000	0.548688493165701	0.191539150443452	-0.020481975006480
13.000000000000000	0.536597631283230	0.224737068546868	-0.021085726789954
13.000000000000000	0.522425011739953	0.257100701665775	-0.021608735460248
13.000000000000000	0.506227702672631	0.288499732872146	-0.022048895046041
13.000000000000000	0.488070924928140	0.318807729349406	-0.022404433180032
13.000000000000000	0.468027789442136	0.347902651492759	-0.022673918235640
13.000000000000000	0.446179002847120	0.375667344319605	-0.022856265091659
13.000000000000000	0.422612542495317	0.401990009211305	-0.022950739501659
13.000000000000000	0.397423302204930	0.426764654086762	-0.022956961050534
13.000000000000000	0.370712710156222	0.449891520195119	-0.022874904686303
13.000000000000000	0.342588320476036	0.471277483809040	-0.022704900820984
13.000000000000000	0.313163380155285	0.490836431201095	-0.022447634000140
13.000000000000000	0.282556373043294	0.508489605393344	-0.022104140146459
13.000000000000000	0.250890542755148	0.524165923283894	-0.021675802388454
13.000000000000000	0.218293396413162	0.537802261873457	-0.021164345491098
13.000000000000000	0.184896191220694	0.549343712439395	-0.020571828910802
13.000000000000000	0.150833405935718	0.558743801633761	-0.019900638502709
13.000000000000000	0.116242199372331	0.565964678615072	-0.019153476913700
13.000000000000000	0.081261858110611	0.570977267460289	-0.018333352699788
13.000000000000000	0.046033235638727	0.573761384243293	-0.017443568211725
13.000000000000000	0.010698185185649	0.574305818308437	-0.016487706297600
13.000000000000000	-0.024601011471733	0.572608377411894	-0.015469615875976
13.000000000000000	-0.059722216927112	0.568675896549053	-0.014393396437653
13.000000000000000	-0.094524010481931	0.562524210432405	-0.013263381538462
13.000000000000000	-0.128866257596618	0.554178089730742	-0.012084121349572
13.000000000000000	-0.162610674162926	0.543671141326419	-0.010860364335551
13.000000000000000	-0.195621383325224	0.531045672992297	-0.009597038133977
13.000000000000000	-0.227765462608640	0.516352523033278	-0.008299229713581
13.000000000000000	-0.258913479150952	0.499650855578391	-0.006972164890817
13.000000000000000	-0.288940010883041	0.481007922347728	-0.005621187287348
13.000000000000000	-0.317724151559300	0.460498791853500	-0.004251736813164
13.000000000000000	-0.345149997604410	0.438206047125639	-0.002869327761986
13.000000000000000	-0.371107114816127	0.414219453179079	-0.001479526607150
13.000000000000000	-0.395490983044844	0.388635595561723	-0.000087929587385
13.000000000000000	-0.418203417059336	0.361557491438533	0.001299859827266
13.000000000000000	-0.439152961904041	0.333094174777765	0.002678253498642
13.000000000000000	-0.458255261155879	0.303360257309662	0.004041701121924
13.000000000000000	-0.475433396597802	0.272475467025467	0.005384712574753
13.000000000000000	-0.490618197941300	0.240564166075060	0.006701880024016
13.000000000000000	-0.503748521350743	0.207754850004474	0.007987899701281
13.000000000000000	-0.514771495648029	0.174179630349682	0.009237593259200
13.000000000000000	-0.523642735206152	0.139973702670068	0.010445928622887
13.000000000000000	-0.530326518674459	0.105274802163629	0.011608040252307
13.000000000000000	-0.534795932815925	0.070222649055944	0.012719248734088
13.000000000000000	-0.537032980877253	0.034958385996139	0.013775079623868
13.000000000000000	-0.537028655055452	-0.000375990274747	0.014771281463303
13.000000000000000	-0.534782972769081	-0.035638200694518	0.015703842899190
13.000000000000000	-0.530304976588105	-0.070686256787392	0.016569008835766
13.000000000000000	-0.523612697822667	-0.105379032401475	0.017363295555161
13.000000000000000	-0.514733083917355	-0.139576831973969	0.018083504745095
13.000000000000000	-0.503701889943363	-0.173141953035895	0.018726736377352
13.000000000000000	-0.490563534625432	-0.205939240691338	0.019290400385174
13.000000000000000	-0.475370921483326	-0.237836631838506	0.019772227092543
13.000000000000000	-0.458185225808032	-0.268705686941237	0.020170276353367
13.000000000000000	-0.439075648330449	-0.298422107209672	0.020482945363761
13.000000000000000	-0.418119136574473	-0.326866235107615	0.020708975115976
13.000000000000000	-0.395400075016476	-0.353923536171199	0.020847455467973


14.000000000000000	-0.720065866233417	1.087683586598061	-0.012336779240472
14.000000000000000	-0.798650833806779	1.031915010824649	-0.015230655649317
14.000000000000000	-0.873503314041462	0.971210932434578	-0.018054352714431
14.000000000000000	-0.944321902418277	0.905815785326399	-0.020796500404339
14.000000000000000	-1.010821437476810	0.835992892676706	-0.023446057058118
14.000000000000000	-1.072734149059978	0.762023406630645	-0.025992353846267
14.000000000000000	-1.129810736529939	0.684205176201455	-0.028425137730320
14.000000000000000	-1.181821372613779	0.602851547937614	-0.030734612748212
14.000000000000000	-1.228556628836818	0.518290104186884	-0.032911479459160
14.000000000000000	-1.269828318817164	0.430861344037815	-0.034946972389232
14.000000000000000	-1.305470256025850	0.340917312250092	-0.036832895326811
14.000000000000000	-1.335338922961338	0.248820181694537	-0.038561654325855
14.000000000000000	-1.359314049043838	0.154940795010790	-0.040126288284027
14.000000000000000	-1.377299094902488	0.059657171354882	-0.041520496972606
14.000000000000000	-1.389221641105324	-0.036647015750487	-0.042738666405282
14.000000000000000	-1.395033679766776	-0.133583983333805	-0.043775891443692
14.000000000000000	-1.394711807858477	-0.230763400439914	-0.044627995548691
14.000000000000000	-1.388257321444998	-0.327793959854997	-0.045291547597791
14.000000000000000	-1.375696210465058	-0.424284953762620	-0.045763875701089
14.000000000000000	-1.357079054079205	-0.519847846986213	-0.046043077960016
14.000000000000000	-1.332480817005397	-0.614097841483091	-0.046128030125620
14.000000000000000	-1.302000547662534	-0.706655425790365	-0.046018390125512
14.000000000000000	-1.265760979337440	-0.797147903183652	-0.045714599441276
14.000000000000000	-1.223908035981231	-0.885210892395244	-0.045217881330777
14.000000000000000	-1.176610244625064	-0.970489794848870	-0.044530235902532
14.000000000000000	-1.124058056781273	-1.052641222503007	-0.043654432061980
14.000000000000000	-1.066463081562335	-1.131334380553325	-0.042593996362079
14.000000000000000	-1.004057233605671	-1.206252399426616	-0.041353198803116
14.000000000000000	-0.937091799235246	-1.277093610702725	-0.039937035638930
14.000000000000000	-0.865836424620237	-1.343572761826808	-0.038351209258758
14.000000000000000	-0.790578030005079	-1.405422164720689	-0.036602105225725
14.000000000000000	-0.711619654382905	-1.462392773668277	-0.034696766564437
14.000000000000000	-0.629279235264480	-1.514255188134760	-0.032642865401204
14.000000000000000	-0.543888328456054	-1.560800576481600	-0.030448672071101
14.000000000000000	-0.455790773001159	-1.601841516857826	-0.028123021816240
14.000000000000000	-0.365341306662125	-1.637212751881689	-0.025675279209374
14.000000000000000	-0.272904137516327	-1.666771854073804	-0.023115300446065
14.000000000000000	-0.178851477418790	-1.690399799362346	-0.020453393657265
14.000000000000000	-0.083562043236428	-1.708001446350972	-0.017700277402108
14.000000000000000	0.012580468111119	-1.719505919419651	-0.014867037508059
14.000000000000000	0.109188924663555	-1.724866894115768	-0.011965082432197
14.000000000000000	0.205874318263697	-1.724062783686344	-0.009006097323386
14.000000000000000	0.302247330956023	-1.717096826000274	-0.006001996970303
14.000000000000000	0.397919902632676	-1.703997070510566	-0.002964877824791
14.000000000000000	0.492506793614551	-1.684816265309101	0.000093030706282
14.000000000000000	0.585627135875520	-1.659631644728680	0.003159415504532
14.000000000000000	0.676905966663540	-1.628544618347625	0.006221929320638
14.000000000000000	0.765975738343324	-1.591680362649200	0.009268240492357
14.000000000000000	0.852477798380939	-1.549187316980094	0.012286082599777
14.000000000000000	0.936063833510974	-1.501236585837561	0.015263303857861
14.000000000000000	1.016397272271134	-1.448021249892000	0.018187916047393
14.000000000000000	1.093154640256715	-1.389755588519241	0.021048142787311
14.000000000000000	1.166026862637876	-1.326674216973132	0.023832466954032
14.000000000000000	1.234720508694884	-1.259031141672711	0.026529677056846
14.000000000000000	1.298958973360063	-1.187098737408011	0.029128912382632
14.000000000000000	1.358483591008770	-1.111166650582913	0.031619706728118
14.000000000000000	1.413054677014578	-1.031540632911304	0.033992030543585
14.000000000000000	1.462452492874666	-0.948541310262841	0.036236331318324
14.000000000000000	1.506478131019218	-0.862502891615735	0.038343572045229
14.000000000000000	1.544954315741998	-0.773771823315155	0.040305267609628
14.000000000000000	1.577726117027060	-0.682705394056069	0.042113518955853
14.000000000000000	1.604661574397229	-0.589670296207775	0.043761044893943
14.000000000000000	1.625652228272379	-0.495041149273151	0.045241211418430
14.000000000000000	1.640613556697875	-0.399198991428133	0.046548058421135
14.000000000000000	1.649485315684656	-0.302529745215472	0.047676323690421
14.000000000000000	1.652231781790512	-0.205422663570858	0.048621464100264
14.000000000000000	1.648841895965785	-0.108268762438734	0.049379673903815
14.000000000000000	1.639329308084251	-0.011459246289095	0.049947900057799
14.000000000000000	1.623732321979901	0.084616067124839	0.050323854516047
14.000000000000000	1.602113741210917	0.179570316425133	0.050506023442646
14.000000000000000	1.574560616171914	0.273021154363368	0.050493673307624
14.000000000000000	1.541183893572719	0.364592287398055	0.050286853840617
14.000000000000000	1.502117969695133	0.453914990895924	0.049886397830621
14.000000000000000	1.457520149226537	0.540629593855882	0.049293917772651
14.000000000000000	1.407570011849435	0.624386927177189	0.048511799374788
14.000000000000000	1.352468689137454	0.704849729640187	0.047543191951776
14.000000000000000	1.292438054669488	0.781694005938202	0.046391995743844
14.000000000000000	1.227719830623101	0.854610331292292	0.045062846211815
14.000000000000000	1.158574614444632	0.923305097395618	0.043561095371737
14.000000000000000	1.085280829515261	0.987501694670471	0.041892790244211
14.000000000000000	1.008133604038313	1.046941626077415	0.040064648505167
14.000000000000000	0.927443582662150	1.101385547991629	0.038084031436157
14.000000000000000	0.843535675623815	1.150614233955204	0.035958914283072
14.000000000000000	0.756747750450179	1.194429457424725	0.033697854142640
14.000000000000000	0.667429271484657	1.232654789959589	0.031309955506019
14.000000000000000	0.575939892717642	1.265136311637073	0.028804833598226
14.000000000000000	0.482648009586826	1.291743230833530	0.026192575661016
14.000000000000000	0.387929275578785	1.312368410876105	0.023483700335122
14.000000000000000	0.292165089604984	1.326928801444293	0.020689115305400
14.000000000000000	0.195741060242965	1.335365772984276	0.017820073379434
14.000000000000000	0.099045453026711	1.337645352789439	0.014888127176450
14.000000000000000	0.002467627038368	1.333758361796469	0.011905082608994
14.000000000000000	-0.093603532903349	1.323720451546208	0.008882951344692
14.000000000000000	-0.188781182145076	1.307572041160413	0.005833902439504
14.000000000000000	-0.282682073885670	1.285378154588229	0.002770213337229
14.000000000000000	-0.374928102375828	1.257228158777687	-0.000295779567430
14.000000000000000	-0.465147825416484	1.223235403826550	-0.003351730603168
14.000000000000000	-0.552977960025437	1.183536766561477	-0.006385334533743
14.000000000000000	-0.638064845249719	1.138292099383346	-0.009384376106818
14.000000000000000	-0.720065866233417	1.087683586598062	-0.012336779240472


15.000000000000000	nan	nan	nan
15.000000000000000	nan	nan	nan
15.000000000000000	nan	nan	nan
15.000000000000000	nan	nan	nan
15.000000000000000	nan	nan	nan
15.000000000000000	nan	nan	nan
15.000000000000000	nan	nan	nan
15.000000000000000	nan	nan	nan
15.000000000000000	nan	nan	nan
15.000000000000000	nan	nan	nan
15.000000000000000	nan	nan	nan
15.000000000000000	nan	nan	nan
15.000000000000000	nan	nan	nan
15.000000000000000	nan	nan	nan
15.000000000000000	nan	nan	nan
15.000000000000000	nan	nan	nan
15.000000000000000	nan	nan	nan
15.000000000000000	nan	nan	nan
15.000000000000000	nan	nan	nan
15.000000000000000	nan	nan	nan
15.000000000000000	nan	nan	nan
15.000000000000000	nan	nan	nan
15.000000000000000	nan	nan	nan
15.000000000000000	nan	nan	nan
15.000000000000000	nan	nan	nan
15.000000000000000	nan	nan	nan
15.000000000000000	nan	nan	nan
15.000000000000000	nan	nan	nan
15.000000000000000	nan	nan	nan
15.000000000000000	nan	nan	nan
15.000000000000000	nan	nan	nan
15.000000000000000	nan	nan	nan
15.000000000000000	nan	nan	nan
15.000000000000000	nan	nan	nan
15.000000000000000	nan	nan	nan
15.000000000000000	nan	nan	nan
15.000000000000000	nan	nan	nan
15.000000000000000	nan	nan	nan
15.000000000000000	nan	nan	nan
15.000000000000000	nan	nan	nan
15.000000000000000	nan	nan	nan
15.000000000000000	nan	nan	nan
15.000000000000000	nan	nan	nan
15.000000000000000	nan	nan	nan
15.000000000000000	nan	nan	nan
15.000000000000000	nan	nan	nan
15.000000000000000	nan	nan	nan
15.000000000000000	nan	nan	nan
15.000000000000000	nan	nan	nan
15.000000000000000	nan	nan	nan
15.000000000000000	nan	nan	nan
15.000000000000000	nan	nan	nan
15.000000000000000	nan	nan	nan
15.000000000000000	nan	nan	nan
15.000000000000000	nan	nan	nan
15.000000000000000	nan	nan	nan
15.000000000000000	nan	nan	nan
15.000000000000000	nan	nan	nan
15.000000000000000	nan	nan	nan
15.000000000000000	nan	nan	nan
15.000000000000000	nan	nan	nan
15.000000000000000	nan	nan	nan
15.000000000000000	nan	nan	nan
15.000000000000000	nan	nan	nan
15.000000000000000	nan	nan	nan
15.000000000000000	nan	nan	nan
15.000000000000000	nan	nan	nan
15.000000000000000	nan	nan	nan
15.000000000000000	nan	nan	nan
15.000000000000000	nan	nan	nan
15.000000000000000	nan	nan	nan
15.000000000000000	nan	nan	nan
15.000000000000000	nan	nan	nan
15.000000000000000	nan	nan	nan
15.000000000000000	nan	nan	nan
15.000000000000000	nan	nan	nan
15.000000000000000	nan	nan	nan
15.000000000000000	nan	nan	nan
15.000000000000000	nan	nan	nan
15.000000000000000	nan	nan	nan
15.000000000000000	nan	nan	nan
15.000000000000000	nan	nan	nan
15.000000000000000	nan	nan	nan
15.000000000000000	nan	nan	nan
15.000000000000000	nan	nan	nan
15.000000000000000	nan	nan	nan
15.000000000000000	nan	nan	nan
15.000000000000000	nan	nan	nan
15.000000000000000	nan	nan	nan
15.000000000000000	nan	nan	nan
15.000000000000000	nan	nan	nan
15.000000000000000	nan	nan	nan
15.000000000000000	nan	nan	nan
15.000000000000000	nan	nan	nan
15.000000000000000	nan	nan	nan
15.000000000000000	nan	nan	nan
15.000000000000000	nan	nan	nan
15.000000000000000	nan	nan	nan
15.000000000000000	nan	nan	nan
15.000000000000000	nan	nan	nan


16.000000000000000	-0.414158239621100	-0.793937093914683	-0.016381375541900
16.000000000000000	-0.359579435328864	-0.820283728026279	-0.013905381432825
16.000000000000000	-0.303436764229013	-0.843105060892472	-0.011368808355706
16.000000000000000	-0.245956293042860	-0.862309199060457	-0.008781870195058
16.000000000000000	-0.187369475340497	-0.877818814243812	-0.006154983637809
16.000000000000000	-0.127912219558960	-0.889571454696216	-0.003498726228983
16.000000000000000	-0.067823939082213	-0.897519796682589	-0.000823793779655
16.000000000000000	-0.007346588207952	-0.901631835035068	0.001859042701303
16.000000000000000	0.053276312116957	-0.901891012026528	0.004538980378271
16.000000000000000	0.113800654869380	-0.898296284042697	0.007205228088093
16.000000000000000	0.173982729882743	-0.890862125784431	0.009847049792275
16.000000000000000	0.233580205181855	-0.879618471983196	0.012453807807230
16.000000000000000	0.292353102768245	-0.864610596864471	0.015015005638471
16.000000000000000	0.350064764926860	-0.845898931844423	0.017520330246289
16.000000000000000	0.406482807163159	-0.823558822193923	0.019959693572729
16.000000000000000	0.461380053933452	-0.797680223649731	0.022323273162632
16.000000000000000	0.514535453400637	-0.768367340194495	0.024601551715201
16.000000000000000	0.565734967531927	-0.735738204464088	0.026785355406808
16.000000000000000	0.614772433954465	-0.699924202471847	0.028865890830748
16.000000000000000	0.661450396098434	-0.661069544563466	0.030834780405181
16.000000000000000	0.705580898284977	-0.619330684732833	0.032684096106696
16.000000000000000	0.746986242557375	-0.574875690637015	0.034406391393669
16.000000000000000	0.785499704208001	-0.527883566847122	0.035994731190853
16.000000000000000	0.820966203119874	-0.478543534060080	0.037442719814479
16.000000000000000	0.853242928219557	-0.427054267173665	0.038744526725418
16.000000000000000	0.882199912526940	-0.373623095292812	0.039894910006704
16.000000000000000	0.907720556486407	-0.318465166888487	0.040889237470885
16.000000000000000	0.929702097472083	-0.261802583470726	0.041723505312204
16.000000000000000	0.948056023576669	-0.203863505264247	0.042394354228512
16.000000000000000	0.962708430017644	-0.144881232487752	0.042899082947997
16.000000000000000	0.973600316725747	-0.085093265936284	0.043235659106246
16.000000000000000	0.980687825917427	-0.024740350649357	0.043402727429862
16.000000000000000	0.983942418694661	0.035934493484353	0.043399615193672
16.000000000000000	0.983350989961025	0.096686950282330	0.043226334929552
16.000000000000000	0.978915921191286	0.157272391043248	0.042883584375967
16.000000000000000	0.970655070842052	0.217446859580418	0.042372743668426
16.000000000000000	0.958601702442063	0.276968054547242	0.041695869782159
16.000000000000000	0.942804350651704	0.335596305099226	0.040855688249408
16.000000000000000	0.923326625831058	0.393095535963872	0.039855582184669
16.000000000000000	0.900246957903436	0.449234218032483	0.038699578662083
16.000000000000000	0.873658280545758	0.503786300646166	0.037392332499832
16.000000000000000	0.843667656977436	0.556532121822056	0.035939107516825
16.000000000000000	0.810395848854575	0.607259292754583	0.034345755337164
16.000000000000000	0.773976830005408	0.655763553030244	0.032618691827712
16.000000000000000	0.734557246964975	0.701849593112183	0.030764871263665
16.000000000000000	0.692295828481285	0.745331840782772	0.028791758326140
16.000000000000000	0.647362746370666	0.786035208377429	0.026707298044540
16.000000000000000	0.599938930295927	0.823795797800851	0.024519883804719
16.000000000000000	0.550215339226460	0.858461560486795	0.022238323551789
16.000000000000000	0.498392192513871	0.889892909643988	0.019871804323624
16.000000000000000	0.444678163679313	0.917963282322874	0.017429855257910
16.000000000000000	0.389289540158873	0.942559649039938	0.014922309221662
16.000000000000000	0.332449352390398	0.963582968907545	0.012359263217745
16.000000000000000	0.274386475748641	0.980948588436638	0.009751037727808
16.000000000000000	0.215334708944907	0.994586582406460	0.007108135155339
16.000000000000000	0.155531832602163	1.004442035428739	0.004441197536204
16.000000000000000	0.095218651796388	1.010475263072576	0.001760963686915
16.000000000000000	0.034638026419526	1.012661971659640	-0.000921774036789
16.000000000000000	-0.025966106731586	1.010993356086234	-0.003596213196950
16.000000000000000	-0.086349716202598	1.005476135278347	-0.006251584770996
16.000000000000000	-0.146269658510189	0.996132525136902	-0.008877196514796
16.000000000000000	-0.205484657195058	0.983000149082170	-0.011462476016551
16.000000000000000	-0.263756274357065	0.966131886557533	-0.013997013268165
16.000000000000000	-0.320849870760502	0.945595660102630	-0.016470602582675
16.000000000000000	-0.376535550643483	0.921474161853261	-0.018873283688950
16.000000000000000	-0.430589087427032	0.893864520569345	-0.021195381838187
16.000000000000000	-0.482792826596381	0.862877910531680	-0.023427546760707
16.000000000000000	-0.532936562118879	0.828639103882358	-0.025560790316197
16.000000000000000	-0.580818382869495	0.791285968211382	-0.027586522685774
16.000000000000000	-0.626245485655659	0.750968911412542	-0.029496586960156
16.000000000000000	-0.669034951567663	0.707850276043913	-0.031283291984654
16.000000000000000	-0.709014482528554	0.662103685631672	-0.032939443328741
16.000000000000000	-0.746023095077679	0.613913345549433	-0.034458372255483
16.000000000000000	-0.779911768594262	0.563473301288229	-0.035833962574189
16.000000000000000	-0.810544045350849	0.510986657103799	-0.037060675268152
16.000000000000000	-0.837796579980411	0.456664758187441	-0.038133570798312
16.000000000000000	-0.861559636144607	0.400726339653515	-0.039048328993042
16.000000000000000	-0.881737528403287	0.343396645770340	-0.039801266443950
16.000000000000000	-0.898249007505986	0.284906522981025	-0.040389351337666
16.000000000000000	-0.911027587553982	0.225491490366321	-0.040810215663884
16.000000000000000	-0.920021813715542	0.165390791292399	-0.041062164750503
16.000000000000000	-0.925195469416369	0.104846430062263	-0.041144184087476
16.000000000000000	-0.926527722170964	0.044102197449833	-0.041055943411880
16.000000000000000	-0.924013207467697	-0.016597310959459	-0.040797798037773
16.000000000000000	-0.917662050369794	-0.077007679668764	-0.040370787425465
16.000000000000000	-0.907499824745288	-0.136885657444752	-0.039776630995981
16.000000000000000	-0.893567450290074	-0.195990136804478	-0.039017721207559
16.000000000000000	-0.875921027758739	-0.254083124870118	-0.038097113922064
16.000000000000000	-0.854631613066621	-0.310930701682289	-0.037018516100112
16.000000000000000	-0.829784931172719	-0.366303962113169	-0.035786270874449
16.000000000000000	-0.801481030895538	-0.419979937586648	-0.034405340061684
16.000000000000000	-0.769833882051811	-0.471742493894095	-0.032881284182809
16.000000000000000	-0.734970916540265	-0.521383201490532	-0.031220240072944
16.000000000000000	-0.697032515218350	-0.568702174766848	-0.029428896170462
16.000000000000000	-0.656171442638067	-0.613508876918595	-0.027514465585016
16.000000000000000	-0.612552231917036	-0.655622887170454	-0.025484657052887
16.000000000000000	-0.566350522221700	-0.694874627267019	-0.023347643896626
16.000000000000000	-0.517752351530400	-0.731106044304577	-0.021112031113967
16.000000000000000	-0.466953407524086	-0.764171247154371	-0.018786820728540
16.000000000000000	-0.414158239621101	-0.793937093914683	-0.016381375541900


17.000000000000000	-1.244479231681094	0.371661152916108	0.006368789008994
17.000000000000000	-1.266691386369558	0.287527022935512	0.011097543638865
17.000000000000000	-1.283507297481708	0.202146805622759	0.015780098967945
17.000000000000000	-1.294859253278567	0.115864296978552	0.020397599998601
17.000000000000000	-1.300701543440742	0.029026926212328	0.024931453683902
17.000000000000000	-1.301010643127750	-0.058015643232548	0.029363403795252
17.000000000000000	-1.295785307704247	-0.144912921650053	0.033675604433781
17.000000000000000	-1.285046577751734	-0.231315004369853	0.037850691889483
17.000000000000000	-1.268837694345561	-0.316873980699911	0.041871854558745
17.000000000000000	-1.247223924938381	-0.401245334840054	0.045722900638742
17.000000000000000	-1.220292300551152	-0.484089333125504	0.049388323326112
17.000000000000000	-1.188151265329931	-0.565072392014438	0.052853363257382
17.000000000000000	-1.150930239879576	-0.643868421311177	0.056104067939712
17.000000000000000	-1.108779100132647	-0.720160137216309	0.059127347932664
17.000000000000000	-1.061867573851923	-0.793640339916571	0.061911029554752
17.000000000000000	-1.010384557196605	-0.864013150570068	0.064443903902568
17.000000000000000	-0.954537354104154	-0.930995202705944	0.066715771985076
17.000000000000000	-0.894550841550502	-0.994316783241145	0.068717485791349
17.000000000000000	-0.830666564049835	-1.053722918519814	0.070440985126381
17.000000000000000	-0.763141761040093	-1.108974401002208	0.071879330066649
17.000000000000000	-0.692248331070535	-1.159848752469038	0.073026728904733
17.000000000000000	-0.618271736962256	-1.206141119862732	0.073878561470479
17.000000000000000	-0.541509856350151	-1.247665100158397	0.074431397734795
17.000000000000000	-0.462271782234819	-1.284253490943015	0.074683011621163
17.000000000000000	-0.380876578374136	-1.315758963680538	0.074632389969270
17.000000000000000	-0.297651994526120	-1.342054656951915	0.074279736614640
17.000000000000000	-0.212933146716329	-1.363034687281241	0.073626471567866
17.000000000000000	-0.127061167843902	-1.378614575491151	0.072675225296725
17.000000000000000	-0.040381834059781	-1.388731586870650	0.071429828134215
17.000000000000000	0.046755827551818	-1.393344983785648	0.069895294855155
17.000000000000000	0.134000944382280	-1.392436189715037	0.068077804483454
17.000000000000000	0.221002211138748	-1.386008864051787	0.065984675411368
17.000000000000000	0.307409304426549	-1.374088887367860	0.063624335930914
17.000000000000000	0.392874293377858	-1.356724257202279	0.061006290296111
17.000000000000000	0.477053040646504	-1.333984894791984	0.058141080452709
17.000000000000000	0.559606588127600	-1.305962363523684	0.055040243589488
17.000000000000000	0.640202521822199	-1.272769500240420	0.051716265682077
17.000000000000000	0.718516310351148	-1.234539960887419	0.048182531216330
17.000000000000000	0.794232611728402	-1.191427682326778	0.044453269293733
17.000000000000000	0.867046543131912	-1.143606262488049	0.040543496335827
17.000000000000000	0.936664908559141	-1.091268261350653	0.036468955618383
17.000000000000000	1.002807379423880	-1.034624425572797	0.032246053878788
17.000000000000000	1.065207623340530	-0.973902839889070	0.027891795251900
17.000000000000000	1.123614376550618	-0.909348008693715	0.023423712800400
17.000000000000000	1.177792455673263	-0.841219871507731	0.018859797915339
17.000000000000000	1.227523704705657	-0.769792756294163	0.014218427871155
17.000000000000000	1.272607873460278	-0.695354274836223	0.009518291826872
17.000000000000000	1.312863423901730	-0.618204164626141	0.004778315571456
17.000000000000000	1.348128261136330	-0.538653081928085	0.000017585316344
17.000000000000000	1.378260386111038	-0.457021350875021	-0.004744729157998
17.000000000000000	1.403138467393528	-0.373637673636487	-0.009489451692010
17.000000000000000	1.422662329731038	-0.288837806850975	-0.014197476962668
17.000000000000000	1.436753357420762	-0.202963209652444	-0.018849847413876
17.000000000000000	1.445354810867532	-0.116359668734910	-0.023427829591852
17.000000000000000	1.448432055054148	-0.029375905991467	-0.027912989578135
17.000000000000000	1.445972699004366	0.057637825665693	-0.032287267216469
17.000000000000000	1.437986645676982	0.144331152650143	-0.036533048834680
17.000000000000000	1.424506052090118	0.230354991531984	-0.040633238168712
17.000000000000000	1.405585199836258	0.315362954673619	-0.044571325203255
17.000000000000000	1.381300276509430	0.399012745010505	-0.048331452651743
17.000000000000000	1.351749068924660	0.480967534360631	-0.051898479808054
17.000000000000000	1.317050569364977	0.560897319712712	-0.055258043512791
17.000000000000000	1.277344496441488	0.638480252031859	-0.058396615988650
17.000000000000000	1.232790732495845	0.713403932232032	-0.061301559312013
17.000000000000000	1.183568679810484	0.785366669096913	-0.063961176301396
17.000000000000000	1.129876538218953	0.854078694083946	-0.066364757617879
17.000000000000000	1.071930507025132	0.919263328119990	-0.068502624887831
17.000000000000000	1.009963914444950	0.980658095690290	-0.070366169674300
17.000000000000000	0.944226278076004	1.038015781734744	-0.071947888140159
17.000000000000000	0.874982300178263	1.091105427095687	-0.073241411263404
17.000000000000000	0.802510801811490	1.139713258508911	-0.074241530482958
17.000000000000000	0.727103600121244	1.183643549393145	-0.074944218671710
17.000000000000000	0.649064333294231	1.222719407971921	-0.075346646352333
17.000000000000000	0.568707237914490	1.256783489554324	-0.075447193090592
17.000000000000000	0.486355883643577	1.285698630106527	-0.075245454020259
17.000000000000000	0.402341870319747	1.309348398562943	-0.074742241473367
17.000000000000000	0.317003492722430	1.327637565653038	-0.073939581709238
17.000000000000000	0.230684378378564	1.340492487355988	-0.072840706755447
17.000000000000000	0.143732103895815	1.347861401439159	-0.071450041393593
17.000000000000000	0.056496795394264	1.349714635886350	-0.069773185342261
17.000000000000000	-0.030670281327911	1.346044728376531	-0.067816890708934
17.000000000000000	-0.117418135217830	1.336866456331972	-0.065589034801638
17.000000000000000	-0.203397463284989	1.322216777414783	-0.063098588409804
17.000000000000000	-0.288262057121131	1.302154680711451	-0.060355579682065
17.000000000000000	-0.371670196959307	1.276760949204608	-0.057371053746439
17.000000000000000	-0.453286027658774	1.246137834488471	-0.054157028235499
17.000000000000000	-0.532780911075101	1.210408645037767	-0.050726444895607
17.000000000000000	-0.609834749369996	1.169717249688018	-0.047093117475071
17.000000000000000	-0.684137273932318	1.124227498326523	-0.043271676101052
17.000000000000000	-0.755389294720268	1.074122562126691	-0.039277508369209
17.000000000000000	-0.823303904994086	1.019604195982373	-0.035126697383283
17.000000000000000	-0.887607636588242	0.960891926112115	-0.030835956994111
17.000000000000000	-0.948041561071206	0.898222166104554	-0.026422564498849
17.000000000000000	-1.004362332358862	0.831847264964340	-0.021904291071397
17.000000000000000	-1.056343166583300	0.762034490991757	-0.017299330204151
17.000000000000000	-1.103774755271410	0.689064955587608	-0.012626224449231
17.000000000000000	-1.146466108156229	0.613232481316823	-0.007903790754167
17.000000000000000	-1.184245322227336	0.534842418788693	-0.003151044692698
17.000000000000000	-1.216960273923605	0.454210417117732	0.001612876104240
17.000000000000000	-1.244479231681094	0.371661152916109	0.006368789008994


18.000000000000000	nan	nan	nan
18.000000000000000	nan	nan	nan
18.000000000000000	nan	nan	nan
18.000000000000000	nan	nan	nan
18.000000000000000	nan	nan	nan
18.000000000000000	nan	nan	nan
18.000000000000000	nan	nan	nan
18.000000000000000	nan	nan	nan
18.000000000000000	nan	nan	nan
18.000000000000000	nan	nan	nan
18.000000000000000	nan	nan	nan
18.000000000000000	nan	nan	nan
18.000000000000000	nan	nan	nan
18.000000000000000	nan	nan	nan
18.000000000000000	nan	nan	nan
18.000000000000000	nan	nan	nan
18.000000000000000	nan	nan	nan
18.000000000000000	nan	nan	nan
18.000000000000000	nan	nan	nan
18.000000000000000	nan	nan	nan
18.000000000000000	nan	nan	nan
18.000000000000000	nan	nan	nan
18.000000000000000	nan	nan	nan
18.000000000000000	nan	nan	nan
18.000000000000000	nan	nan	nan
18.000000000000000	nan	nan	nan
18.000000000000000	nan	nan	nan
18.000000000000000	nan	nan	nan
18.000000000000000	nan	nan	nan
18.000000000000000	nan	nan	nan
18.000000000000000	nan	nan	nan
18.000000000000000	nan	nan	nan
18.000000000000000	nan	nan	nan
18.000000000000000	nan	nan	nan
18.000000000000000	nan	nan	nan
18.000000000000000	nan	nan	nan
18.000000000000000	nan	nan	nan
18.000000000000000	nan	nan	nan
18.000000000000000	nan	nan	nan
18.000000000000000	nan	nan	nan
18.000000000000000	nan	nan	nan
18.000000000000000	nan	nan	nan
18.000000000000000	nan	nan	nan
18.000000000000000	nan	nan	nan
18.000000000000000	nan	nan	nan
18.000000000000000	nan	nan	nan
18.000000000000000	nan	nan	nan
18.000000000000000	nan	nan	nan
18.000000000000000	nan	nan	nan
18.000000000000000	nan	nan	nan
18.000000000000000	nan	nan	nan
18.000000000000000	nan	nan	nan
18.000000000000000	nan	nan	nan
18.000000000000000	nan	nan	nan
18.000000000000000	nan	nan	nan
18.000000000000000	nan	nan	nan
18.000000000000000	nan	nan	nan
18.000000000000000	nan	nan	nan
18.000000000000000	nan	nan	nan
18.000000000000000	nan	nan	nan
18.000000000000000	nan	nan	nan
18.000000000000000	nan	nan	nan
18.000000000000000	nan	nan	nan
18.000000000000000	nan	nan	nan
18.000000000000000	nan	nan	nan
18.000000000000000	nan	nan	nan
18.000000000000000	nan	nan	nan
18.000000000000000	nan	nan	nan
18.000000000000000	nan	nan	nan
18.000000000000000	nan	nan	nan
18.000000000000000	nan	nan	nan
18.000000000000000	nan	nan	nan
18.000000000000000	nan	nan	nan
18.000000000000000	nan	nan	nan
18.000000000000000	nan	nan	nan
18.000000000000000	nan	nan	nan
18.000000000000000	nan	nan	nan
18.000000000000000	nan	nan	nan
18.000000000000000	nan	nan	nan
18.000000000000000	nan	nan	nan
18.000000000000000	nan	nan	nan
18.000000000000000	nan	nan	nan
18.000000000000000	nan	nan	nan
18.000000000000000	nan	nan	nan
18.000000000000000	nan	nan	nan
18.000000000000000	nan	nan	nan
18.000000000000000	nan	nan	nan
18.000000000000000	nan	nan	nan
18.000000000000000	nan	nan	nan
18.000000000000000	nan	nan	nan
18.000000000000000	nan	nan	nan
18.000000000000000	nan	nan	nan
18.000000000000000	nan	nan	nan
18.000000000000000	nan	nan	nan
18.000000000000000	nan	nan	nan
18.000000000000000	nan	nan	nan
18.000000000000000	nan	nan	nan
18.000000000000000	nan	nan	nan
18.000000000000000	nan	nan	nan
18.000000000000000	nan	nan	nan


