# n	x	y	z
1.000000000000000	-0.429129313455836	0.105823249333274	0.008387509678770
1.000000000000000	-0.435607921324587	0.075038266022572	0.011990502332931
1.000000000000000	-0.440095589957543	0.043892710609784	0.015540583160134
1.000000000000000	-0.442574249097014	0.012511995253927	0.019023457237866
1.000000000000000	-0.443033918057472	-0.018977520979887	0.022425100261474
1.000000000000000	-0.441472745914252	-0.050449040923815	0.025731815015092
1.000000000000000	-0.437897018956568	-0.081775839874719	0.028930286525490
1.000000000000000	-0.432321135374847	-0.112831775869821	0.032007635676778
1.000000000000000	-0.424767547284301	-0.143491797615869	0.034951471070053
1.000000000000000	-0.415266670318178	-0.173632448026556	0.037749938919196
1.000000000000000	-0.403856761154745	-0.203132361340631	0.040391770781880
1.000000000000000	-0.390583763471147	-0.231872751818990	0.042866328933612
1.000000000000000	-0.375501122944434	-0.259737892052919	0.045163649202094
1.000000000000000	-0.358669572044684	-0.286615578957522	0.047274481089431
1.000000000000000	-0.340156885486778	-0.312397585573947	0.049190325020617
1.000000000000000	-0.320037607325548	-0.336980096861149	0.050903466568327
1.000000000000000	-0.298392750793174	-0.360264127722417	0.052407007516190
1.000000000000000	-0.275309472087497	-0.382155921583428	0.053694893635475
1.000000000000000	-0.250880719424764	-0.402567327916874	0.054761939063331
1.000000000000000	-0.225204858769972	-0.421416157193531	0.055603847184427
1.000000000000000	-0.198385277751842	-0.438626511830477	0.056217227931905
1.000000000000000	-0.170529969357332	-0.454129091803878	0.056599611437984
1.000000000000000	-0.141751097081987	-0.467861473695719	0.056749457979246
1.000000000000000	-0.112164543287138	-0.479768362050880	0.056666164176556
1.000000000000000	-0.081889442582526	-0.489801812032418	0.056350065424659
1.000000000000000	-0.051047702113280	-0.497921422478500	0.055802434541664
1.000000000000000	-0.019763510682871	-0.504094498583626	0.055025476643854
1.000000000000000	0.011837161311373	-0.508296183549068	0.054022320266461
1.000000000000000	0.043627069116590	-0.510509558672432	0.052797004766159
1.000000000000000	0.075478205994099	-0.510725711473290	0.051354464056001
1.000000000000000	0.107262318657354	-0.508943771580603	0.049700506738290
1.000000000000000	0.138851423702666	-0.505170914237396	0.047841792715391
1.000000000000000	0.170118322953193	-0.499422331408583	0.045785806372652
1.000000000000000	0.200937115641112	-0.491721170608289	0.043540826441428
1.000000000000000	0.231183705365570	-0.482098441692979	0.041115892663551
1.000000000000000	0.260736299785090	-0.470592891995714	0.038520769391479
1.000000000000000	0.289475901032351	-0.457250850304313	0.035765906270696
1.000000000000000	0.317286784876592	-0.442126040311676	0.032862396162677
1.000000000000000	0.344056966704250	-0.425279364289436	0.029821930477851
1.000000000000000	0.369678652441475	-0.406778657856005	0.026656752098419
1.000000000000000	0.394048672602818	-0.386698416826483	0.023379606080583
1.000000000000000	0.417068897718334	-0.365119497244298	0.020003688334711
1.000000000000000	0.438646633466329	-0.342128789802463	0.016542592490054
1.000000000000000	0.458694993920674	-0.317818869965419	0.013010255158007
1.000000000000000	0.477133251409762	-0.292287625200316	0.009420899814291
1.000000000000000	0.493887161578353	-0.265637860818728	0.005788979526033
1.000000000000000	0.508889262343386	-0.237976886015952	0.002129118754371
1.000000000000000	0.522079145539979	-0.209416081774751	-0.001543945533094
1.000000000000000	0.533403700163785	-0.180070452373445	-0.005215423202859
1.000000000000000	0.542817326230267	-0.150058162304277	-0.008870530510175
1.000000000000000	0.550282118389734	-0.119500060466704	-0.012494549627963
1.000000000000000	0.555768018558812	-0.088519193551534	-0.016072887910309
1.000000000000000	0.559252936953735	-0.057240310575332	-0.019591136651903
1.000000000000000	0.560722841038107	-0.025789360560155	-0.023035129106807
1.000000000000000	0.560171812026974	0.005707014618702	-0.026390997532940
1.000000000000000	0.557602068719680	0.037121990174843	-0.029645229032583
1.000000000000000	0.553023958565550	0.068329069089424	-0.032784719964048
1.000000000000000	0.546455915998359	0.099202591470000	-0.035796828705418
1.000000000000000	0.537924388207375	0.129618240538561	-0.038669426557896
1.000000000000000	0.527463728643862	0.159453543211323	-0.041390946583796
1.000000000000000	0.515116058691860	0.188588363254606	-0.043950430182516
1.000000000000000	0.500931098060230	0.216905385031048	-0.046337571216960
1.000000000000000	0.484965964578944	0.244290585888274	-0.048542757512707
1.000000000000000	0.467284944205736	0.270633695287865	-0.050557109562851
1.000000000000000	0.447959232169242	0.295828638825908	-0.052372516282640
1.000000000000000	0.427066646290945	0.319773965357172	-0.053981667669949
1.000000000000000	0.404691313640268	0.342373255503071	-0.055378084240081
1.000000000000000	0.380923331784561	0.363535509898463	-0.056556143116366
1.000000000000000	0.355858405997997	0.383175515613987	-0.057511100671496
1.000000000000000	0.329597463890207	0.401214189278442	-0.058239111628445
1.000000000000000	0.302246249006424	0.417578895519619	-0.058737244544034
1.000000000000000	0.273914895035546	0.432203739441307	-0.059003493612826
1.000000000000000	0.244717482340636	0.445029831958780	-0.059036786743792
1.000000000000000	0.214771578597574	0.456005526924360	-0.058836989877244
1.000000000000000	0.184197765391511	0.465086629088223	-0.058404907524647
1.000000000000000	0.153119152677393	0.472236572057075	-0.057742279529133
1.000000000000000	0.121660883059615	0.477426565534106	-0.056851774059770
1.000000000000000	0.089949627886930	0.480635711247362	-0.055736976867786
1.000000000000000	0.058113077191626	0.481851087099703	-0.054402376848010
1.000000000000000	0.026279425526842	0.481067799201530	-0.052853347963685
1.000000000000000	-0.005423144227657	0.478289001576754	-0.051096127607407
1.000000000000000	-0.036866977012694	0.473525883462650	-0.049137791485351
1.000000000000000	-0.067925459611548	0.466797624254750	-0.046986225125898
1.000000000000000	-0.098473530476693	0.458131316278187	-0.044650092127396
1.000000000000000	-0.128388183308504	0.447561855696465	-0.042138799272906
1.000000000000000	-0.157548962358220	0.435131801996919	-0.039462458652407
1.000000000000000	-0.185838447460721	0.420891206618689	-0.036631846944982
1.000000000000000	-0.213142726844098	0.404897411413232	-0.033658362024928
1.000000000000000	-0.239351855812148	0.387214817748932	-0.030553977066546
1.000000000000000	-0.264360299452868	0.367914627189512	-0.027331192332391
1.000000000000000	-0.288067357590289	0.347074554790474	-0.024002984839124
1.000000000000000	-0.310377570268550	0.324778516167994	-0.020582756103651
1.000000000000000	-0.331201102135448	0.301116289600359	-0.017084278179941
1.000000000000000	-0.350454104177689	0.276183154522519	-0.013521638203828
1.000000000000000	-0.368059051351276	0.250079507869439	-0.009909181669083
1.000000000000000	-0.383945054747499	0.222910459813072	-0.006261454663177
1.000000000000000	-0.398048147037546	0.194785410520794	-0.002593145295322
1.000000000000000	-0.410311540046364	0.165817609639544	0.001080975447366
1.000000000000000	-0.420685853418594	0.136123700279467	0.004746113177414
1.000000000000000	-0.429129313455836	0.105823249333275	0.008387509678770


2.000000000000000	nan	nan	nan
2.000000000000000	nan	nan	nan
2.000000000000000	nan	nan	nan
2.000000000000000	nan	nan	nan
2.000000000000000	nan	nan	nan
2.000000000000000	nan	nan	nan
2.000000000000000	nan	nan	nan
2.000000000000000	nan	nan	nan
2.000000000000000	nan	nan	nan
2.000000000000000	nan	nan	nan
2.000000000000000	nan	nan	nan
2.000000000000000	nan	nan	nan
2.000000000000000	nan	nan	nan
2.000000000000000	nan	nan	nan
2.000000000000000	nan	nan	nan
2.000000000000000	nan	nan	nan
2.000000000000000	nan	nan	nan
2.000000000000000	nan	nan	nan
2.000000000000000	nan	nan	nan
2.000000000000000	nan	nan	nan
2.000000000000000	nan	nan	nan
2.000000000000000	nan	nan	nan
2.000000000000000	nan	nan	nan
2.000000000000000	nan	nan	nan
2.000000000000000	nan	nan	nan
2.000000000000000	nan	nan	nan
2.000000000000000	nan	nan	nan
2.000000000000000	nan	nan	nan
2.000000000000000	nan	nan	nan
2.000000000000000	nan	nan	nan
2.000000000000000	nan	nan	nan
2.000000000000000	nan	nan	nan
2.000000000000000	nan	nan	nan
2.000000000000000	nan	nan	nan
2.000000000000000	nan	nan	nan
2.000000000000000	nan	nan	nan
2.000000000000000	nan	nan	nan
2.000000000000000	nan	nan	nan
2.000000000000000	nan	nan	nan
2.000000000000000	nan	nan	nan
2.000000000000000	nan	nan	nan
2.000000000000000	nan	nan	nan
2.000000000000000	nan	nan	nan
2.000000000000000	nan	nan	nan
2.000000000000000	nan	nan	nan
2.000000000000000	nan	nan	nan
2.000000000000000	nan	nan	nan
2.000000000000000	nan	nan	nan
2.000000000000000	nan	nan	nan
2.000000000000000	nan	nan	nan
2.000000000000000	nan	nan	nan
2.000000000000000	nan	nan	nan
2.000000000000000	nan	nan	nan
2.000000000000000	nan	nan	nan
2.000000000000000	nan	nan	nan
2.000000000000000	nan	nan	nan
2.000000000000000	nan	nan	nan
2.000000000000000	nan	nan	nan
2.000000000000000	nan	nan	nan
2.000000000000000	nan	nan	nan
2.000000000000000	nan	nan	nan
2.000000000000000	nan	nan	nan
2.000000000000000	nan	nan	nan
2.000000000000000	nan	nan	nan
2.000000000000000	nan	nan	nan
2.000000000000000	nan	nan	nan
2.000000000000000	nan	nan	nan
2.000000000000000	nan	nan	nan
2.000000000000000	nan	nan	nan
2.000000000000000	nan	nan	nan
2.000000000000000	nan	nan	nan
2.000000000000000	nan	nan	nan
2.000000000000000	nan	nan	nan
2.000000000000000	nan	nan	nan
2.000000000000000	nan	nan	nan
2.000000000000000	nan	nan	nan
2.000000000000000	nan	nan	nan
2.000000000000000	nan	nan	nan
2.000000000000000	nan	nan	nan
2.000000000000000	nan	nan	nan
2.000000000000000	nan	nan	nan
2.000000000000000	nan	nan	nan
2.000000000000000	nan	nan	nan
2.000000000000000	nan	nan	nan
2.000000000000000	nan	nan	nan
2.000000000000000	nan	nan	nan
2.000000000000000	nan	nan	nan
2.000000000000000	nan	nan	nan
2.000000000000000	nan	nan	nan
2.000000000000000	nan	nan	nan
2.000000000000000	nan	nan	nan
2.000000000000000	nan	nan	nan
2.000000000000000	nan	nan	nan
2.000000000000000	nan	nan	nan
2.000000000000000	nan	nan	nan
2.000000000000000	nan	nan	nan
2.000000000000000	nan	nan	nan
2.000000000000000	nan	nan	nan
2.000000000000000	nan	nan	nan
2.000000000000000	nan	nan	nan


3.000000000000000	nan	nan	nan
3.000000000000000	nan	nan	nan
3.000000000000000	nan	nan	nan
3.000000000000000	nan	nan	nan
3.000000000000000	nan	nan	nan
3.000000000000000	nan	nan	nan
3.000000000000000	nan	nan	nan
3.000000000000000	nan	nan	nan
3.000000000000000	nan	nan	nan
3.000000000000000	nan	nan	nan
3.000000000000000	nan	nan	nan
3.000000000000000	nan	nan	nan
3.000000000000000	nan	nan	nan
3.000000000000000	nan	nan	nan
3.000000000000000	nan	nan	nan
3.000000000000000	nan	nan	nan
3.000000000000000	nan	nan	nan
3.000000000000000	nan	nan	nan
3.000000000000000	nan	nan	nan
3.000000000000000	nan	nan	nan
3.000000000000000	nan	nan	nan
3.000000000000000	nan	nan	nan
3.000000000000000	nan	nan	nan
3.000000000000000	nan	nan	nan
3.000000000000000	nan	nan	nan
3.000000000000000	nan	nan	nan
3.000000000000000	nan	nan	nan
3.000000000000000	nan	nan	nan
3.000000000000000	nan	nan	nan
3.000000000000000	nan	nan	nan
3.000000000000000	nan	nan	nan
3.000000000000000	nan	nan	nan
3.000000000000000	nan	nan	nan
3.000000000000000	nan	nan	nan
3.000000000000000	nan	nan	nan
3.000000000000000	nan	nan	nan
3.000000000000000	nan	nan	nan
3.000000000000000	nan	nan	nan
3.000000000000000	nan	nan	nan
3.000000000000000	nan	nan	nan
3.000000000000000	nan	nan	nan
3.000000000000000	nan	nan	nan
3.000000000000000	nan	nan	nan
3.000000000000000	nan	nan	nan
3.000000000000000	nan	nan	nan
3.000000000000000	nan	nan	nan
3.000000000000000	nan	nan	nan
3.000000000000000	nan	nan	nan
3.000000000000000	nan	nan	nan
3.000000000000000	nan	nan	nan
3.000000000000000	nan	nan	nan
3.000000000000000	nan	nan	nan
3.000000000000000	nan	nan	nan
3.000000000000000	nan	nan	nan
3.000000000000000	nan	nan	nan
3.000000000000000	nan	nan	nan
3.000000000000000	nan	nan	nan
3.000000000000000	nan	nan	nan
3.000000000000000	nan	nan	nan
3.000000000000000	nan	nan	nan
3.000000000000000	nan	nan	nan
3.000000000000000	nan	nan	nan
3.000000000000000	nan	nan	nan
3.000000000000000	nan	nan	nan
3.000000000000000	nan	nan	nan
3.000000000000000	nan	nan	nan
3.000000000000000	nan	nan	nan
3.000000000000000	nan	nan	nan
3.000000000000000	nan	nan	nan
3.000000000000000	nan	nan	nan
3.000000000000000	nan	nan	nan
3.000000000000000	nan	nan	nan
3.000000000000000	nan	nan	nan
3.000000000000000	nan	nan	nan
3.000000000000000	nan	nan	nan
3.000000000000000	nan	nan	nan
3.000000000000000	nan	nan	nan
3.000000000000000	nan	nan	nan
3.000000000000000	nan	nan	nan
3.000000000000000	nan	nan	nan
3.000000000000000	nan	nan	nan
3.000000000000000	nan	nan	nan
3.000000000000000	nan	nan	nan
3.000000000000000	nan	nan	nan
3.000000000000000	nan	nan	nan
3.000000000000000	nan	nan	nan
3.000000000000000	nan	nan	nan
3.000000000000000	nan	nan	nan
3.000000000000000	nan	nan	nan
3.000000000000000	nan	nan	nan
3.000000000000000	nan	nan	nan
3.000000000000000	nan	nan	nan
3.000000000000000	nan	nan	nan
3.000000000000000	nan	nan	nan
3.000000000000000	nan	nan	nan
3.000000000000000	nan	nan	nan
3.000000000000000	nan	nan	nan
3.000000000000000	nan	nan	nan
3.000000000000000	nan	nan	nan
3.000000000000000	nan	nan	nan


4.000000000000000	nan	nan	nan
4.000000000000000	nan	nan	nan
4.000000000000000	nan	nan	nan
4.000000000000000	nan	nan	nan
4.000000000000000	nan	nan	nan
4.000000000000000	nan	nan	nan
4.000000000000000	nan	nan	nan
4.000000000000000	nan	nan	nan
4.000000000000000	nan	nan	nan
4.000000000000000	nan	nan	nan
4.000000000000000	nan	nan	nan
4.000000000000000	nan	nan	nan
4.000000000000000	nan	nan	nan
4.000000000000000	nan	nan	nan
4.000000000000000	nan	nan	nan
4.000000000000000	nan	nan	nan
4.000000000000000	nan	nan	nan
4.000000000000000	nan	nan	nan
4.000000000000000	nan	nan	nan
4.000000000000000	nan	nan	nan
4.000000000000000	nan	nan	nan
4.000000000000000	nan	nan	nan
4.000000000000000	nan	nan	nan
4.000000000000000	nan	nan	nan
4.000000000000000	nan	nan	nan
4.000000000000000	nan	nan	nan
4.000000000000000	nan	nan	nan
4.000000000000000	nan	nan	nan
4.000000000000000	nan	nan	nan
4.000000000000000	nan	nan	nan
4.000000000000000	nan	nan	nan
4.000000000000000	nan	nan	nan
4.000000000000000	nan	nan	nan
4.000000000000000	nan	nan	nan
4.000000000000000	nan	nan	nan
4.000000000000000	nan	nan	nan
4.000000000000000	nan	nan	nan
4.000000000000000	nan	nan	nan
4.000000000000000	nan	nan	nan
4.000000000000000	nan	nan	nan
4.000000000000000	nan	nan	nan
4.000000000000000	nan	nan	nan
4.000000000000000	nan	nan	nan
4.000000000000000	nan	nan	nan
4.000000000000000	nan	nan	nan
4.000000000000000	nan	nan	nan
4.000000000000000	nan	nan	nan
4.000000000000000	nan	nan	nan
4.000000000000000	nan	nan	nan
4.000000000000000	nan	nan	nan
4.000000000000000	nan	nan	nan
4.000000000000000	nan	nan	nan
4.000000000000000	nan	nan	nan
4.000000000000000	nan	nan	nan
4.000000000000000	nan	nan	nan
4.000000000000000	nan	nan	nan
4.000000000000000	nan	nan	nan
4.000000000000000	nan	nan	nan
4.000000000000000	nan	nan	nan
4.000000000000000	nan	nan	nan
4.000000000000000	nan	nan	nan
4.000000000000000	nan	nan	nan
4.000000000000000	nan	nan	nan
4.000000000000000	nan	nan	nan
4.000000000000000	nan	nan	nan
4.000000000000000	nan	nan	nan
4.000000000000000	nan	nan	nan
4.000000000000000	nan	nan	nan
4.000000000000000	nan	nan	nan
4.000000000000000	nan	nan	nan
4.000000000000000	nan	nan	nan
4.000000000000000	nan	nan	nan
4.000000000000000	nan	nan	nan
4.000000000000000	nan	nan	nan
4.000000000000000	nan	nan	nan
4.000000000000000	nan	nan	nan
4.000000000000000	nan	nan	nan
4.000000000000000	nan	nan	nan
4.000000000000000	nan	nan	nan
4.000000000000000	nan	nan	nan
4.000000000000000	nan	nan	nan
4.000000000000000	nan	nan	nan
4.000000000000000	nan	nan	nan
4.000000000000000	nan	nan	nan
4.000000000000000	nan	nan	nan
4.000000000000000	nan	nan	nan
4.000000000000000	nan	nan	nan
4.000000000000000	nan	nan	nan
4.000000000000000	nan	nan	nan
4.000000000000000	nan	nan	nan
4.000000000000000	nan	nan	nan
4.000000000000000	nan	nan	nan
4.000000000000000	nan	nan	nan
4.000000000000000	nan	nan	nan
4.000000000000000	nan	nan	nan
4.000000000000000	nan	nan	nan
4.000000000000000	nan	nan	nan
4.000000000000000	nan	nan	nan
4.000000000000000	nan	nan	nan
4.000000000000000	nan	nan	nan


5.000000000000000	nan	nan	nan
5.000000000000000	nan	nan	nan
5.000000000000000	nan	nan	nan
5.000000000000000	nan	nan	nan
5.000000000000000	nan	nan	nan
5.000000000000000	nan	nan	nan
5.000000000000000	nan	nan	nan
5.000000000000000	nan	nan	nan
5.000000000000000	nan	nan	nan
5.000000000000000	nan	nan	nan
5.000000000000000	nan	nan	nan
5.000000000000000	nan	nan	nan
5.000000000000000	nan	nan	nan
5.000000000000000	nan	nan	nan
5.000000000000000	nan	nan	nan
5.000000000000000	nan	nan	nan
5.000000000000000	nan	nan	nan
5.000000000000000	nan	nan	nan
5.000000000000000	nan	nan	nan
5.000000000000000	nan	nan	nan
5.000000000000000	nan	nan	nan
5.000000000000000	nan	nan	nan
5.000000000000000	nan	nan	nan
5.000000000000000	nan	nan	nan
5.000000000000000	nan	nan	nan
5.000000000000000	nan	nan	nan
5.000000000000000	nan	nan	nan
5.000000000000000	nan	nan	nan
5.000000000000000	nan	nan	nan
5.000000000000000	nan	nan	nan
5.000000000000000	nan	nan	nan
5.000000000000000	nan	nan	nan
5.000000000000000	nan	nan	nan
5.000000000000000	nan	nan	nan
5.000000000000000	nan	nan	nan
5.000000000000000	nan	nan	nan
5.000000000000000	nan	nan	nan
5.000000000000000	nan	nan	nan
5.000000000000000	nan	nan	nan
5.000000000000000	nan	nan	nan
5.000000000000000	nan	nan	nan
5.000000000000000	nan	nan	nan
5.000000000000000	nan	nan	nan
5.000000000000000	nan	nan	nan
5.000000000000000	nan	nan	nan
5.000000000000000	nan	nan	nan
5.000000000000000	nan	nan	nan
5.000000000000000	nan	nan	nan
5.000000000000000	nan	nan	nan
5.000000000000000	nan	nan	nan
5.000000000000000	nan	nan	nan
5.000000000000000	nan	nan	nan
5.000000000000000	nan	nan	nan
5.000000000000000	nan	nan	nan
5.000000000000000	nan	nan	nan
5.000000000000000	nan	nan	nan
5.000000000000000	nan	nan	nan
5.000000000000000	nan	nan	nan
5.000000000000000	nan	nan	nan
5.000000000000000	nan	nan	nan
5.000000000000000	nan	nan	nan
5.000000000000000	nan	nan	nan
5.000000000000000	nan	nan	nan
5.000000000000000	nan	nan	nan
5.000000000000000	nan	nan	nan
5.000000000000000	nan	nan	nan
5.000000000000000	nan	nan	nan
5.000000000000000	nan	nan	nan
5.000000000000000	nan	nan	nan
5.000000000000000	nan	nan	nan
5.000000000000000	nan	nan	nan
5.000000000000000	nan	nan	nan
5.000000000000000	nan	nan	nan
5.000000000000000	nan	nan	nan
5.000000000000000	nan	nan	nan
5.000000000000000	nan	nan	nan
5.000000000000000	nan	nan	nan
5.000000000000000	nan	nan	nan
5.000000000000000	nan	nan	nan
5.000000000000000	nan	nan	nan
5.000000000000000	nan	nan	nan
5.000000000000000	nan	nan	nan
5.000000000000000	nan	nan	nan
5.000000000000000	nan	nan	nan
5.000000000000000	nan	nan	nan
5.000000000000000	nan	nan	nan
5.000000000000000	nan	nan	nan
5.000000000000000	nan	nan	nan
5.000000000000000	nan	nan	nan
5.000000000000000	nan	nan	nan
5.000000000000000	nan	nan	nan
5.000000000000000	nan	nan	nan
5.000000000000000	nan	nan	nan
5.000000000000000	nan	nan	nan
5.000000000000000	nan	nan	nan
5.000000000000000	nan	nan	nan
5.000000000000000	nan	nan	nan
5.000000000000000	nan	nan	nan
5.000000000000000	nan	nan	nan
5.000000000000000	nan	nan	nan


6.000000000000000	nan	nan	nan
6.000000000000000	nan	nan	nan
6.000000000000000	nan	nan	nan
6.000000000000000	nan	nan	nan
6.000000000000000	nan	nan	nan
6.000000000000000	nan	nan	nan
6.000000000000000	nan	nan	nan
6.000000000000000	nan	nan	nan
6.000000000000000	nan	nan	nan
6.000000000000000	nan	nan	nan
6.000000000000000	nan	nan	nan
6.000000000000000	nan	nan	nan
6.000000000000000	nan	nan	nan
6.000000000000000	nan	nan	nan
6.000000000000000	nan	nan	nan
6.000000000000000	nan	nan	nan
6.000000000000000	nan	nan	nan
6.000000000000000	nan	nan	nan
6.000000000000000	nan	nan	nan
6.000000000000000	nan	nan	nan
6.000000000000000	nan	nan	nan
6.000000000000000	nan	nan	nan
6.000000000000000	nan	nan	nan
6.000000000000000	nan	nan	nan
6.000000000000000	nan	nan	nan
6.000000000000000	nan	nan	nan
6.000000000000000	nan	nan	nan
6.000000000000000	nan	nan	nan
6.000000000000000	nan	nan	nan
6.000000000000000	nan	nan	nan
6.000000000000000	nan	nan	nan
6.000000000000000	nan	nan	nan
6.000000000000000	nan	nan	nan
6.000000000000000	nan	nan	nan
6.000000000000000	nan	nan	nan
6.000000000000000	nan	nan	nan
6.000000000000000	nan	nan	nan
6.000000000000000	nan	nan	nan
6.000000000000000	nan	nan	nan
6.000000000000000	nan	nan	nan
6.000000000000000	nan	nan	nan
6.000000000000000	nan	nan	nan
6.000000000000000	nan	nan	nan
6.000000000000000	nan	nan	nan
6.000000000000000	nan	nan	nan
6.000000000000000	nan	nan	nan
6.000000000000000	nan	nan	nan
6.000000000000000	nan	nan	nan
6.000000000000000	nan	nan	nan
6.000000000000000	nan	nan	nan
6.000000000000000	nan	nan	nan
6.000000000000000	nan	nan	nan
6.000000000000000	nan	nan	nan
6.000000000000000	nan	nan	nan
6.000000000000000	nan	nan	nan
6.000000000000000	nan	nan	nan
6.000000000000000	nan	nan	nan
6.000000000000000	nan	nan	nan
6.000000000000000	nan	nan	nan
6.000000000000000	nan	nan	nan
6.000000000000000	nan	nan	nan
6.000000000000000	nan	nan	nan
6.000000000000000	nan	nan	nan
6.000000000000000	nan	nan	nan
6.000000000000000	nan	nan	nan
6.000000000000000	nan	nan	nan
6.000000000000000	nan	nan	nan
6.000000000000000	nan	nan	nan
6.000000000000000	nan	nan	nan
6.000000000000000	nan	nan	nan
6.000000000000000	nan	nan	nan
6.000000000000000	nan	nan	nan
6.000000000000000	nan	nan	nan
6.000000000000000	nan	nan	nan
6.000000000000000	nan	nan	nan
6.000000000000000	nan	nan	nan
6.000000000000000	nan	nan	nan
6.000000000000000	nan	nan	nan
6.000000000000000	nan	nan	nan
6.000000000000000	nan	nan	nan
6.000000000000000	nan	nan	nan
6.000000000000000	nan	nan	nan
6.000000000000000	nan	nan	nan
6.000000000000000	nan	nan	nan
6.000000000000000	nan	nan	nan
6.000000000000000	nan	nan	nan
6.000000000000000	nan	nan	nan
6.000000000000000	nan	nan	nan
6.000000000000000	nan	nan	nan
6.000000000000000	nan	nan	nan
6.000000000000000	nan	nan	nan
6.000000000000000	nan	nan	nan
6.000000000000000	nan	nan	nan
6.000000000000000	nan	nan	nan
6.000000000000000	nan	nan	nan
6.000000000000000	nan	nan	nan
6.000000000000000	nan	nan	nan
6.000000000000000	nan	nan	nan
6.000000000000000	nan	nan	nan
6.000000000000000	nan	nan	nan


7.000000000000000	nan	nan	nan
7.000000000000000	nan	nan	nan
7.000000000000000	nan	nan	nan
7.000000000000000	nan	nan	nan
7.000000000000000	nan	nan	nan
7.000000000000000	nan	nan	nan
7.000000000000000	nan	nan	nan
7.000000000000000	nan	nan	nan
7.000000000000000	nan	nan	nan
7.000000000000000	nan	nan	nan
7.000000000000000	nan	nan	nan
7.000000000000000	nan	nan	nan
7.000000000000000	nan	nan	nan
7.000000000000000	nan	nan	nan
7.000000000000000	nan	nan	nan
7.000000000000000	nan	nan	nan
7.000000000000000	nan	nan	nan
7.000000000000000	nan	nan	nan
7.000000000000000	nan	nan	nan
7.000000000000000	nan	nan	nan
7.000000000000000	nan	nan	nan
7.000000000000000	nan	nan	nan
7.000000000000000	nan	nan	nan
7.000000000000000	nan	nan	nan
7.000000000000000	nan	nan	nan
7.000000000000000	nan	nan	nan
7.000000000000000	nan	nan	nan
7.000000000000000	nan	nan	nan
7.000000000000000	nan	nan	nan
7.000000000000000	nan	nan	nan
7.000000000000000	nan	nan	nan
7.000000000000000	nan	nan	nan
7.000000000000000	nan	nan	nan
7.000000000000000	nan	nan	nan
7.000000000000000	nan	nan	nan
7.000000000000000	nan	nan	nan
7.000000000000000	nan	nan	nan
7.000000000000000	nan	nan	nan
7.000000000000000	nan	nan	nan
7.000000000000000	nan	nan	nan
7.000000000000000	nan	nan	nan
7.000000000000000	nan	nan	nan
7.000000000000000	nan	nan	nan
7.000000000000000	nan	nan	nan
7.000000000000000	nan	nan	nan
7.000000000000000	nan	nan	nan
7.000000000000000	nan	nan	nan
7.000000000000000	nan	nan	nan
7.000000000000000	nan	nan	nan
7.000000000000000	nan	nan	nan
7.000000000000000	nan	nan	nan
7.000000000000000	nan	nan	nan
7.000000000000000	nan	nan	nan
7.000000000000000	nan	nan	nan
7.000000000000000	nan	nan	nan
7.000000000000000	nan	nan	nan
7.000000000000000	nan	nan	nan
7.000000000000000	nan	nan	nan
7.000000000000000	nan	nan	nan
7.000000000000000	nan	nan	nan
7.000000000000000	nan	nan	nan
7.000000000000000	nan	nan	nan
7.000000000000000	nan	nan	nan
7.000000000000000	nan	nan	nan
7.000000000000000	nan	nan	nan
7.000000000000000	nan	nan	nan
7.000000000000000	nan	nan	nan
7.000000000000000	nan	nan	nan
7.000000000000000	nan	nan	nan
7.000000000000000	nan	nan	nan
7.000000000000000	nan	nan	nan
7.000000000000000	nan	nan	nan
7.000000000000000	nan	nan	nan
7.000000000000000	nan	nan	nan
7.000000000000000	nan	nan	nan
7.000000000000000	nan	nan	nan
7.000000000000000	nan	nan	nan
7.000000000000000	nan	nan	nan
7.000000000000000	nan	nan	nan
7.000000000000000	nan	nan	nan
7.000000000000000	nan	nan	nan
7.000000000000000	nan	nan	nan
7.000000000000000	nan	nan	nan
7.000000000000000	nan	nan	nan
7.000000000000000	nan	nan	nan
7.000000000000000	nan	nan	nan
7.000000000000000	nan	nan	nan
7.000000000000000	nan	nan	nan
7.000000000000000	nan	nan	nan
7.000000000000000	nan	nan	nan
7.000000000000000	nan	nan	nan
7.000000000000000	nan	nan	nan
7.000000000000000	nan	nan	nan
7.000000000000000	nan	nan	nan
7.000000000000000	nan	nan	nan
7.000000000000000	nan	nan	nan
7.000000000000000	nan	nan	nan
7.000000000000000	nan	nan	nan
7.000000000000000	nan	nan	nan
7.000000000000000	nan	nan	nan


8.000000000000000	nan	nan	nan
8.000000000000000	nan	nan	nan
8.000000000000000	nan	nan	nan
8.000000000000000	nan	nan	nan
8.000000000000000	nan	nan	nan
8.000000000000000	nan	nan	nan
8.000000000000000	nan	nan	nan
8.000000000000000	nan	nan	nan
8.000000000000000	nan	nan	nan
8.000000000000000	nan	nan	nan
8.000000000000000	nan	nan	nan
8.000000000000000	nan	nan	nan
8.000000000000000	nan	nan	nan
8.000000000000000	nan	nan	nan
8.000000000000000	nan	nan	nan
8.000000000000000	nan	nan	nan
8.000000000000000	nan	nan	nan
8.000000000000000	nan	nan	nan
8.000000000000000	nan	nan	nan
8.000000000000000	nan	nan	nan
8.000000000000000	nan	nan	nan
8.000000000000000	nan	nan	nan
8.000000000000000	nan	nan	nan
8.000000000000000	nan	nan	nan
8.000000000000000	nan	nan	nan
8.000000000000000	nan	nan	nan
8.000000000000000	nan	nan	nan
8.000000000000000	nan	nan	nan
8.000000000000000	nan	nan	nan
8.000000000000000	nan	nan	nan
8.000000000000000	nan	nan	nan
8.000000000000000	nan	nan	nan
8.000000000000000	nan	nan	nan
8.000000000000000	nan	nan	nan
8.000000000000000	nan	nan	nan
8.000000000000000	nan	nan	nan
8.000000000000000	nan	nan	nan
8.000000000000000	nan	nan	nan
8.000000000000000	nan	nan	nan
8.000000000000000	nan	nan	nan
8.000000000000000	nan	nan	nan
8.000000000000000	nan	nan	nan
8.000000000000000	nan	nan	nan
8.000000000000000	nan	nan	nan
8.000000000000000	nan	nan	nan
8.000000000000000	nan	nan	nan
8.000000000000000	nan	nan	nan
8.000000000000000	nan	nan	nan
8.000000000000000	nan	nan	nan
8.000000000000000	nan	nan	nan
8.000000000000000	nan	nan	nan
8.000000000000000	nan	nan	nan
8.000000000000000	nan	nan	nan
8.000000000000000	nan	nan	nan
8.000000000000000	nan	nan	nan
8.000000000000000	nan	nan	nan
8.000000000000000	nan	nan	nan
8.000000000000000	nan	nan	nan
8.000000000000000	nan	nan	nan
8.000000000000000	nan	nan	nan
8.000000000000000	nan	nan	nan
8.000000000000000	nan	nan	nan
8.000000000000000	nan	nan	nan
8.000000000000000	nan	nan	nan
8.000000000000000	nan	nan	nan
8.000000000000000	nan	nan	nan
8.000000000000000	nan	nan	nan
8.000000000000000	nan	nan	nan
8.000000000000000	nan	nan	nan
8.000000000000000	nan	nan	nan
8.000000000000000	nan	nan	nan
8.000000000000000	nan	nan	nan
8.000000000000000	nan	nan	nan
8.000000000000000	nan	nan	nan
8.000000000000000	nan	nan	nan
8.000000000000000	nan	nan	nan
8.000000000000000	nan	nan	nan
8.000000000000000	nan	nan	nan
8.000000000000000	nan	nan	nan
8.000000000000000	nan	nan	nan
8.000000000000000	nan	nan	nan
8.000000000000000	nan	nan	nan
8.000000000000000	nan	nan	nan
8.000000000000000	nan	nan	nan
8.000000000000000	nan	nan	nan
8.000000000000000	nan	nan	nan
8.000000000000000	nan	nan	nan
8.000000000000000	nan	nan	nan
8.000000000000000	nan	nan	nan
8.000000000000000	nan	nan	nan
8.000000000000000	nan	nan	nan
8.000000000000000	nan	nan	nan
8.000000000000000	nan	nan	nan
8.000000000000000	nan	nan	nan
8.000000000000000	nan	nan	nan
8.000000000000000	nan	nan	nan
8.000000000000000	nan	nan	nan
8.000000000000000	nan	nan	nan
8.000000000000000	nan	nan	nan
8.000000000000000	nan	nan	nan


9.000000000000000	nan	nan	nan
9.000000000000000	nan	nan	nan
9.000000000000000	nan	nan	nan
9.000000000000000	nan	nan	nan
9.000000000000000	nan	nan	nan
9.000000000000000	nan	nan	nan
9.000000000000000	nan	nan	nan
9.000000000000000	nan	nan	nan
9.000000000000000	nan	nan	nan
9.000000000000000	nan	nan	nan
9.000000000000000	nan	nan	nan
9.000000000000000	nan	nan	nan
9.000000000000000	nan	nan	nan
9.000000000000000	nan	nan	nan
9.000000000000000	nan	nan	nan
9.000000000000000	nan	nan	nan
9.000000000000000	nan	nan	nan
9.000000000000000	nan	nan	nan
9.000000000000000	nan	nan	nan
9.000000000000000	nan	nan	nan
9.000000000000000	nan	nan	nan
9.000000000000000	nan	nan	nan
9.000000000000000	nan	nan	nan
9.000000000000000	nan	nan	nan
9.000000000000000	nan	nan	nan
9.000000000000000	nan	nan	nan
9.000000000000000	nan	nan	nan
9.000000000000000	nan	nan	nan
9.000000000000000	nan	nan	nan
9.000000000000000	nan	nan	nan
9.000000000000000	nan	nan	nan
9.000000000000000	nan	nan	nan
9.000000000000000	nan	nan	nan
9.000000000000000	nan	nan	nan
9.000000000000000	nan	nan	nan
9.000000000000000	nan	nan	nan
9.000000000000000	nan	nan	nan
9.000000000000000	nan	nan	nan
9.000000000000000	nan	nan	nan
9.000000000000000	nan	nan	nan
9.000000000000000	nan	nan	nan
9.000000000000000	nan	nan	nan
9.000000000000000	nan	nan	nan
9.000000000000000	nan	nan	nan
9.000000000000000	nan	nan	nan
9.000000000000000	nan	nan	nan
9.000000000000000	nan	nan	nan
9.000000000000000	nan	nan	nan
9.000000000000000	nan	nan	nan
9.000000000000000	nan	nan	nan
9.000000000000000	nan	nan	nan
9.000000000000000	nan	nan	nan
9.000000000000000	nan	nan	nan
9.000000000000000	nan	nan	nan
9.000000000000000	nan	nan	nan
9.000000000000000	nan	nan	nan
9.000000000000000	nan	nan	nan
9.000000000000000	nan	nan	nan
9.000000000000000	nan	nan	nan
9.000000000000000	nan	nan	nan
9.000000000000000	nan	nan	nan
9.000000000000000	nan	nan	nan
9.000000000000000	nan	nan	nan
9.000000000000000	nan	nan	nan
9.000000000000000	nan	nan	nan
9.000000000000000	nan	nan	nan
9.000000000000000	nan	nan	nan
9.000000000000000	nan	nan	nan
9.000000000000000	nan	nan	nan
9.000000000000000	nan	nan	nan
9.000000000000000	nan	nan	nan
9.000000000000000	nan	nan	nan
9.000000000000000	nan	nan	nan
9.000000000000000	nan	nan	nan
9.000000000000000	nan	nan	nan
9.000000000000000	nan	nan	nan
9.000000000000000	nan	nan	nan
9.000000000000000	nan	nan	nan
9.000000000000000	nan	nan	nan
9.000000000000000	nan	nan	nan
9.000000000000000	nan	nan	nan
9.000000000000000	nan	nan	nan
9.000000000000000	nan	nan	nan
9.000000000000000	nan	nan	nan
9.000000000000000	nan	nan	nan
9.000000000000000	nan	nan	nan
9.000000000000000	nan	nan	nan
9.000000000000000	nan	nan	nan
9.000000000000000	nan	nan	nan
9.000000000000000	nan	nan	nan
9.000000000000000	nan	nan	nan
9.000000000000000	nan	nan	nan
9.000000000000000	nan	nan	nan
9.000000000000000	nan	nan	nan
9.000000000000000	nan	nan	nan
9.000000000000000	nan	nan	nan
9.000000000000000	nan	nan	nan
9.000000000000000	nan	nan	nan
9.000000000000000	nan	nan	nan
9.000000000000000	nan	nan	nan


10.000000000000000	-0.434199304772633	-1.306850145034192	-0.255820435703107
10.000000000000000	-0.330559625395765	-1.339562529657795	-0.245244813027845
10.000000000000000	-0.225143705321118	-1.365541027596575	-0.233419377930225
10.000000000000000	-0.118376017252941	-1.384681032608280	-0.220391747263672
10.000000000000000	-0.010686476988095	-1.396905474648074	-0.206214378698860
10.000000000000000	0.097491287703127	-1.402165130202404	-0.190944359495183
10.000000000000000	0.205721683142980	-1.400438820494715	-0.174643176630519
10.000000000000000	0.313568903728272	-1.391733496764910	-0.157376469214861
10.000000000000000	0.420598686765710	-1.376084212279158	-0.139213764184796
10.000000000000000	0.526380061094498	-1.353553981182767	-0.120228196343067
10.000000000000000	0.630487082455091	-1.324233524764457	-0.100496213870534
10.000000000000000	0.732500548616394	-1.288240906153752	-0.080097270496333
10.000000000000000	0.832009687355193	-1.245721054922426	-0.059113505565753
10.000000000000000	0.928613810490916	-1.196845183504273	-0.037629413294080
10.000000000000000	1.021923927315520	-1.141810097783058	-0.015731502538216
10.000000000000000	1.111564310921776	-1.080837404624691	0.006492051543957
10.000000000000000	1.197174011122917	-1.014172619544587	0.028951762543815
10.000000000000000	1.278408307871644	-0.942084178103344	0.051557193132175
10.000000000000000	1.354940099326086	-0.864862355011480	0.074217319218506
10.000000000000000	1.426461218973478	-0.782818095295625	0.096840896472808
10.000000000000000	1.492683676507931	-0.696281762232644	0.119336827734327
10.000000000000000	1.553340817465759	-0.605601807093321	0.141614529827673
10.000000000000000	1.608188396948885	-0.511143366052078	0.163584298309292
10.000000000000000	1.657005563112840	-0.413286789912471	0.185157668675601
10.000000000000000	1.699595746459198	-0.312426112568743	0.206247772578322
10.000000000000000	1.735787451351563	-0.208967464370411	0.226769687612659
10.000000000000000	1.765434946567969	-0.103327436778684	0.246640779269852
10.000000000000000	1.788418852109079	0.004068595100314	0.265781033677174
10.000000000000000	1.804646619899306	0.112788185350969	0.284113379785561
10.000000000000000	1.814052906445247	0.222393558555241	0.301563999707521
10.000000000000000	1.816599835950872	0.332443372559772	0.318062625955717
10.000000000000000	1.812277152829985	0.442494495604961	0.333542824385334
10.000000000000000	1.801102263001849	0.552103790660164	0.347942261700937
10.000000000000000	1.783120163803696	0.660829899780110	0.361202956450645
10.000000000000000	1.758403262802325	0.768235021297576	0.373271512496983
10.000000000000000	1.727051086234394	0.873886672696180	0.384099334024273
10.000000000000000	1.689189878249385	0.977359432064831	0.393642821216836
10.000000000000000	1.644972092568978	1.078236651121619	0.401863545820064
10.000000000000000	1.594575778609715	1.176112132909386	0.408728405877431
10.000000000000000	1.538203864540845	1.270591767407516	0.414209759020398
10.000000000000000	1.476083340164208	1.361295118473882	0.418285533774465
10.000000000000000	1.408464342906416	1.447856955726923	0.420939318433219
10.000000000000000	1.335619150603723	1.529928725199481	0.422160427142474
10.000000000000000	1.257841085135275	1.607179952842611	0.421943942928442
10.000000000000000	1.175443331319431	1.679299575227932	0.420290737496646
10.000000000000000	1.088757675829031	1.745997192090272	0.417207467721871
10.000000000000000	0.998133171203576	1.807004235667032	0.412706548843279
10.000000000000000	0.903934730337836	1.862075052125786	0.406806104472622
10.000000000000000	0.806541657106425	1.910987890725556	0.399529893616858
10.000000000000000	0.706346119040969	1.953545796728781	0.390907215009007
10.000000000000000	0.603751568209866	1.989577404468535	0.380972789132504
10.000000000000000	0.499171116659206	2.018937627377581	0.369766618414060
10.000000000000000	0.393025872956363	2.041508242200773	0.357333826148009
10.000000000000000	0.285743246534427	2.057198365038374	0.343724474800731
10.000000000000000	0.177755226665265	2.065944817303449	0.328993364426764
10.000000000000000	0.069496642991192	2.067712380119733	0.313199812008332
10.000000000000000	-0.038596585380530	2.062493936135614	0.296407412606788
10.000000000000000	-0.146089205170080	2.050310498183199	0.278683783287748
10.000000000000000	-0.252548381536415	2.031211124667054	0.260100290851037
10.000000000000000	-0.357545440950410	2.005272722023325	0.240731764461768
10.000000000000000	-0.460657597311865	1.972599735044658	0.220656194339711
10.000000000000000	-0.561469654359902	1.933323726317892	0.199954417720201
10.000000000000000	-0.659575677521780	1.887602846467944	0.178709793351119
10.000000000000000	-0.754580628468133	1.835621197341073	0.157007865836644
10.000000000000000	-0.846101955792906	1.777588090691712	0.134936021179315
10.000000000000000	-0.933771135412844	1.713737205357915	0.112583134907449
10.000000000000000	-1.017235154483910	1.644325646319148	0.090039214204749
10.000000000000000	-1.096157932859407	1.569632909425285	0.067395035483149
10.000000000000000	-1.170221676366122	1.489959755965460	0.044741778858240
10.000000000000000	-1.239128156449290	1.405627001608514	0.022170660999123
10.000000000000000	-1.302599911033730	1.316974224591520	-0.000227432168917
10.000000000000000	-1.360381361765688	1.224358398358083	-0.022362311429961
10.000000000000000	-1.412239843136671	1.128152454152265	-0.044144847437591
10.000000000000000	-1.457966539345325	1.028743779356094	-0.065487329607317
10.000000000000000	-1.497377325124973	0.926532657617301	-0.086303819296135
10.000000000000000	-1.530313507151068	0.821930657048352	-0.106510495847120
10.000000000000000	-1.556642463043213	0.715358972986912	-0.126025994105622
10.000000000000000	-1.576258175388670	0.607246731990885	-0.144771732048026
10.000000000000000	-1.589081658637070	0.498029263897220	-0.162672227203831
10.000000000000000	-1.595061277147337	0.388146348902306	-0.179655400596911
10.000000000000000	-1.594172953106202	0.278040446722338	-0.195652866982119
10.000000000000000	-1.586420263481048	0.168154914964200	-0.210600210208527
10.000000000000000	-1.571834425616733	0.058932223880871	-0.224437242600535
10.000000000000000	-1.550474171534356	-0.049187825300125	-0.237108247312393
10.000000000000000	-1.522425511438138	-0.155769871301035	-0.248562202680279
10.000000000000000	-1.487801387382687	-0.260384745840083	-0.258752987668529
10.000000000000000	-1.446741218495205	-0.362611201740665	-0.267639567582770
10.000000000000000	-1.399410339583871	-0.462037609145062	-0.275186159302150
10.000000000000000	-1.345999335392923	-0.558263613002589	-0.281362375365337
10.000000000000000	-1.286723273185156	-0.650901745158078	-0.286143346330102
10.000000000000000	-1.221820836741965	-0.739578984549391	-0.289509820913783
10.000000000000000	-1.151553365267994	-0.823938259231578	-0.291448243511409
10.000000000000000	-1.076203801070406	-0.903639884179574	-0.291950808779333
10.000000000000000	-0.996075550250061	-0.978362929079907	-0.291015493064598
10.000000000000000	-0.911491260992249	-1.047806510603795	-0.288646062553474
10.000000000000000	-0.822791524376313	-1.111691003958120	-0.284852058106353
10.000000000000000	-0.730333502935585	-1.169759168835780	-0.279648756840074
10.000000000000000	-0.634489492489925	-1.221777185231607	-0.273057110612363
10.000000000000000	-0.535645423041852	-1.267535594953012	-0.265103661656098
10.000000000000000	-0.434199304772633	-1.306850145034192	-0.255820435703107


11.000000000000000	nan	nan	nan
11.000000000000000	nan	nan	nan
11.000000000000000	nan	nan	nan
11.000000000000000	nan	nan	nan
11.000000000000000	nan	nan	nan
11.000000000000000	nan	nan	nan
11.000000000000000	nan	nan	nan
11.000000000000000	nan	nan	nan
11.000000000000000	nan	nan	nan
11.000000000000000	nan	nan	nan
11.000000000000000	nan	nan	nan
11.000000000000000	nan	nan	nan
11.000000000000000	nan	nan	nan
11.000000000000000	nan	nan	nan
11.000000000000000	nan	nan	nan
11.000000000000000	nan	nan	nan
11.000000000000000	nan	nan	nan
11.000000000000000	nan	nan	nan
11.000000000000000	nan	nan	nan
11.000000000000000	nan	nan	nan
11.000000000000000	nan	nan	nan
11.000000000000000	nan	nan	nan
11.000000000000000	nan	nan	nan
11.000000000000000	nan	nan	nan
11.000000000000000	nan	nan	nan
11.000000000000000	nan	nan	nan
11.000000000000000	nan	nan	nan
11.000000000000000	nan	nan	nan
11.000000000000000	nan	nan	nan
11.000000000000000	nan	nan	nan
11.000000000000000	nan	nan	nan
11.000000000000000	nan	nan	nan
11.000000000000000	nan	nan	nan
11.000000000000000	nan	nan	nan
11.000000000000000	nan	nan	nan
11.000000000000000	nan	nan	nan
11.000000000000000	nan	nan	nan
11.000000000000000	nan	nan	nan
11.000000000000000	nan	nan	nan
11.000000000000000	nan	nan	nan
11.000000000000000	nan	nan	nan
11.000000000000000	nan	nan	nan
11.000000000000000	nan	nan	nan
11.000000000000000	nan	nan	nan
11.000000000000000	nan	nan	nan
11.000000000000000	nan	nan	nan
11.000000000000000	nan	nan	nan
11.000000000000000	nan	nan	nan
11.000000000000000	nan	nan	nan
11.000000000000000	nan	nan	nan
11.000000000000000	nan	nan	nan
11.000000000000000	nan	nan	nan
11.000000000000000	nan	nan	nan
11.000000000000000	nan	nan	nan
11.000000000000000	nan	nan	nan
11.000000000000000	nan	nan	nan
11.000000000000000	nan	nan	nan
11.000000000000000	nan	nan	nan
11.000000000000000	nan	nan	nan
11.000000000000000	nan	nan	nan
11.000000000000000	nan	nan	nan
11.000000000000000	nan	nan	nan
11.000000000000000	nan	nan	nan
11.000000000000000	nan	nan	nan
11.000000000000000	nan	nan	nan
11.000000000000000	nan	nan	nan
11.000000000000000	nan	nan	nan
11.000000000000000	nan	nan	nan
11.000000000000000	nan	nan	nan
11.000000000000000	nan	nan	nan
11.000000000000000	nan	nan	nan
11.000000000000000	nan	nan	nan
11.000000000000000	nan	nan	nan
11.000000000000000	nan	nan	nan
11.000000000000000	nan	nan	nan
11.000000000000000	nan	nan	nan
11.000000000000000	nan	nan	nan
11.000000000000000	nan	nan	nan
11.000000000000000	nan	nan	nan
11.000000000000000	nan	nan	nan
11.000000000000000	nan	nan	nan
11.000000000000000	nan	nan	nan
11.000000000000000	nan	nan	nan
11.000000000000000	nan	nan	nan
11.000000000000000	nan	nan	nan
11.000000000000000	nan	nan	nan
11.000000000000000	nan	nan	nan
11.000000000000000	nan	nan	nan
11.000000000000000	nan	nan	nan
11.000000000000000	nan	nan	nan
11.000000000000000	nan	nan	nan
11.000000000000000	nan	nan	nan
11.000000000000000	nan	nan	nan
11.000000000000000	nan	nan	nan
11.000000000000000	nan	nan	nan
11.000000000000000	nan	nan	nan
11.000000000000000	nan	nan	nan
11.000000000000000	nan	nan	nan
11.000000000000000	nan	nan	nan
11.000000000000000	nan	nan	nan


12.000000000000000	nan	nan	nan
12.000000000000000	nan	nan	nan
12.000000000000000	nan	nan	nan
12.000000000000000	nan	nan	nan
12.000000000000000	nan	nan	nan
12.000000000000000	nan	nan	nan
12.000000000000000	nan	nan	nan
12.000000000000000	nan	nan	nan
12.000000000000000	nan	nan	nan
12.000000000000000	nan	nan	nan
12.000000000000000	nan	nan	nan
12.000000000000000	nan	nan	nan
12.000000000000000	nan	nan	nan
12.000000000000000	nan	nan	nan
12.000000000000000	nan	nan	nan
12.000000000000000	nan	nan	nan
12.000000000000000	nan	nan	nan
12.000000000000000	nan	nan	nan
12.000000000000000	nan	nan	nan
12.000000000000000	nan	nan	nan
12.000000000000000	nan	nan	nan
12.000000000000000	nan	nan	nan
12.000000000000000	nan	nan	nan
12.000000000000000	nan	nan	nan
12.000000000000000	nan	nan	nan
12.000000000000000	nan	nan	nan
12.000000000000000	nan	nan	nan
12.000000000000000	nan	nan	nan
12.000000000000000	nan	nan	nan
12.000000000000000	nan	nan	nan
12.000000000000000	nan	nan	nan
12.000000000000000	nan	nan	nan
12.000000000000000	nan	nan	nan
12.000000000000000	nan	nan	nan
12.000000000000000	nan	nan	nan
12.000000000000000	nan	nan	nan
12.000000000000000	nan	nan	nan
12.000000000000000	nan	nan	nan
12.000000000000000	nan	nan	nan
12.000000000000000	nan	nan	nan
12.000000000000000	nan	nan	nan
12.000000000000000	nan	nan	nan
12.000000000000000	nan	nan	nan
12.000000000000000	nan	nan	nan
12.000000000000000	nan	nan	nan
12.000000000000000	nan	nan	nan
12.000000000000000	nan	nan	nan
12.000000000000000	nan	nan	nan
12.000000000000000	nan	nan	nan
12.000000000000000	nan	nan	nan
12.000000000000000	nan	nan	nan
12.000000000000000	nan	nan	nan
12.000000000000000	nan	nan	nan
12.000000000000000	nan	nan	nan
12.000000000000000	nan	nan	nan
12.000000000000000	nan	nan	nan
12.000000000000000	nan	nan	nan
12.000000000000000	nan	nan	nan
12.000000000000000	nan	nan	nan
12.000000000000000	nan	nan	nan
12.000000000000000	nan	nan	nan
12.000000000000000	nan	nan	nan
12.000000000000000	nan	nan	nan
12.000000000000000	nan	nan	nan
12.000000000000000	nan	nan	nan
12.000000000000000	nan	nan	nan
12.000000000000000	nan	nan	nan
12.000000000000000	nan	nan	nan
12.000000000000000	nan	nan	nan
12.000000000000000	nan	nan	nan
12.000000000000000	nan	nan	nan
12.000000000000000	nan	nan	nan
12.000000000000000	nan	nan	nan
12.000000000000000	nan	nan	nan
12.000000000000000	nan	nan	nan
12.000000000000000	nan	nan	nan
12.000000000000000	nan	nan	nan
12.000000000000000	nan	nan	nan
12.000000000000000	nan	nan	nan
12.000000000000000	nan	nan	nan
12.000000000000000	nan	nan	nan
12.000000000000000	nan	nan	nan
12.000000000000000	nan	nan	nan
12.000000000000000	nan	nan	nan
12.000000000000000	nan	nan	nan
12.000000000000000	nan	nan	nan
12.000000000000000	nan	nan	nan
12.000000000000000	nan	nan	nan
12.000000000000000	nan	nan	nan
12.000000000000000	nan	nan	nan
12.000000000000000	nan	nan	nan
12.000000000000000	nan	nan	nan
12.000000000000000	nan	nan	nan
12.000000000000000	nan	nan	nan
12.000000000000000	nan	nan	nan
12.000000000000000	nan	nan	nan
12.000000000000000	nan	nan	nan
12.000000000000000	nan	nan	nan
12.000000000000000	nan	nan	nan
12.000000000000000	nan	nan	nan


13.000000000000000	nan	nan	nan
13.000000000000000	nan	nan	nan
13.000000000000000	nan	nan	nan
13.000000000000000	nan	nan	nan
13.000000000000000	nan	nan	nan
13.000000000000000	nan	nan	nan
13.000000000000000	nan	nan	nan
13.000000000000000	nan	nan	nan
13.000000000000000	nan	nan	nan
13.000000000000000	nan	nan	nan
13.000000000000000	nan	nan	nan
13.000000000000000	nan	nan	nan
13.000000000000000	nan	nan	nan
13.000000000000000	nan	nan	nan
13.000000000000000	nan	nan	nan
13.000000000000000	nan	nan	nan
13.000000000000000	nan	nan	nan
13.000000000000000	nan	nan	nan
13.000000000000000	nan	nan	nan
13.000000000000000	nan	nan	nan
13.000000000000000	nan	nan	nan
13.000000000000000	nan	nan	nan
13.000000000000000	nan	nan	nan
13.000000000000000	nan	nan	nan
13.000000000000000	nan	nan	nan
13.000000000000000	nan	nan	nan
13.000000000000000	nan	nan	nan
13.000000000000000	nan	nan	nan
13.000000000000000	nan	nan	nan
13.000000000000000	nan	nan	nan
13.000000000000000	nan	nan	nan
13.000000000000000	nan	nan	nan
13.000000000000000	nan	nan	nan
13.000000000000000	nan	nan	nan
13.000000000000000	nan	nan	nan
13.000000000000000	nan	nan	nan
13.000000000000000	nan	nan	nan
13.000000000000000	nan	nan	nan
13.000000000000000	nan	nan	nan
13.000000000000000	nan	nan	nan
13.000000000000000	nan	nan	nan
13.000000000000000	nan	nan	nan
13.000000000000000	nan	nan	nan
13.000000000000000	nan	nan	nan
13.000000000000000	nan	nan	nan
13.000000000000000	nan	nan	nan
13.000000000000000	nan	nan	nan
13.000000000000000	nan	nan	nan
13.000000000000000	nan	nan	nan
13.000000000000000	nan	nan	nan
13.000000000000000	nan	nan	nan
13.000000000000000	nan	nan	nan
13.000000000000000	nan	nan	nan
13.000000000000000	nan	nan	nan
13.000000000000000	nan	nan	nan
13.000000000000000	nan	nan	nan
13.000000000000000	nan	nan	nan
13.000000000000000	nan	nan	nan
13.000000000000000	nan	nan	nan
13.000000000000000	nan	nan	nan
13.000000000000000	nan	nan	nan
13.000000000000000	nan	nan	nan
13.000000000000000	nan	nan	nan
13.000000000000000	nan	nan	nan
13.000000000000000	nan	nan	nan
13.000000000000000	nan	nan	nan
13.000000000000000	nan	nan	nan
13.000000000000000	nan	nan	nan
13.000000000000000	nan	nan	nan
13.000000000000000	nan	nan	nan
13.000000000000000	nan	nan	nan
13.000000000000000	nan	nan	nan
13.000000000000000	nan	nan	nan
13.000000000000000	nan	nan	nan
13.000000000000000	nan	nan	nan
13.000000000000000	nan	nan	nan
13.000000000000000	nan	nan	nan
13.000000000000000	nan	nan	nan
13.000000000000000	nan	nan	nan
13.000000000000000	nan	nan	nan
13.000000000000000	nan	nan	nan
13.000000000000000	nan	nan	nan
13.000000000000000	nan	nan	nan
13.000000000000000	nan	nan	nan
13.000000000000000	nan	nan	nan
13.000000000000000	nan	nan	nan
13.000000000000000	nan	nan	nan
13.000000000000000	nan	nan	nan
13.000000000000000	nan	nan	nan
13.000000000000000	nan	nan	nan
13.000000000000000	nan	nan	nan
13.000000000000000	nan	nan	nan
13.000000000000000	nan	nan	nan
13.000000000000000	nan	nan	nan
13.000000000000000	nan	nan	nan
13.000000000000000	nan	nan	nan
13.000000000000000	nan	nan	nan
13.000000000000000	nan	nan	nan
13.000000000000000	nan	nan	nan
13.000000000000000	nan	nan	nan


14.000000000000000	-2.120116196705670	0.140104984989266	0.399215069288573
14.000000000000000	-2.128898560602854	-0.012087644791185	0.379401910618160
14.000000000000000	-2.128017253681743	-0.164303722115181	0.357855535036782
14.000000000000000	-2.117475824654259	-0.315930326563057	0.334662702194249
14.000000000000000	-2.097316720134563	-0.466356911314363	0.309916801442650
14.000000000000000	-2.067621113721525	-0.614977761604434	0.283717475790400
14.000000000000000	-2.028508579141293	-0.761194433723954	0.256170220675013
14.000000000000000	-1.980136608766094	-0.904418164740561	0.227385959170206
14.000000000000000	-1.922699979448045	-1.044072243239375	0.197480595337834
14.000000000000000	-1.856429968221508	-1.179594331536317	0.166574547523137
14.000000000000000	-1.781593421032105	-1.310438730013492	0.134792263472568
14.000000000000000	-1.698491678242276	-1.436078574458949	0.102261719226640
14.000000000000000	-1.607459361239992	-1.556007957562905	0.069113903805578
14.000000000000000	-1.508863025036533	-1.669743966027929	0.035482291762769
14.000000000000000	-1.403099682278827	-1.776828625090348	0.001502305729840
14.000000000000000	-1.290595204619647	-1.876830742622980	-0.032689228882479
14.000000000000000	-1.171802607882773	-1.969347645393647	-0.066954634831992
14.000000000000000	-1.047200227928156	-2.054006800488155	-0.101155937422703
14.000000000000000	-0.917289794562240	-2.130467315368859	-0.135155420080214
14.000000000000000	-0.782594411249113	-2.198421310528598	-0.168816178887771
14.000000000000000	-0.643656448757479	-2.257595159212801	-0.202002673850010
14.000000000000000	-0.501035361225005	-2.307750589217861	-0.234581274664684
14.000000000000000	-0.355305433433959	-2.348685642329190	-0.266420798804728
14.000000000000000	-0.207053468369086	-2.380235487535685	-0.297393039743990
14.000000000000000	-0.056876424369095	-2.402273084746017	-0.327373283199669
14.000000000000000	0.094620988613877	-2.414709696334255	-0.356240809312707
14.000000000000000	0.246828743967817	-2.417495244454956	-0.383879378744062
14.000000000000000	0.399133954782693	-2.410618512688981	-0.410177700729493
14.000000000000000	0.550923341729727	-2.394107191208052	-0.435029881208195
14.000000000000000	0.701585702520804	-2.368027765276204	-0.458335849220802
14.000000000000000	0.850514373004359	-2.332485247537094	-0.480001759859824
14.000000000000000	0.997109669987800	-2.287622755165147	-0.499940372149965
14.000000000000000	1.140781305950072	-2.233620933583208	-0.518071400336741
14.000000000000000	1.280950765921164	-2.170697229067181	-0.534321837168879
14.000000000000000	1.417053636957709	-2.099105013166623	-0.548626247872746
14.000000000000000	1.548541880834705	-2.019132562466937	-0.560927033635089
14.000000000000000	1.674886040802013	-1.931101897801316	-0.571174663533130
14.000000000000000	1.795577373519830	-1.835367487586491	-0.579327873978105
14.000000000000000	1.910129897588555	-1.732314820503535	-0.585353834869179
14.000000000000000	2.018082350424363	-1.622358853270993	-0.589228281788668
14.000000000000000	2.119000045600829	-1.505942339760639	-0.590935613706289
14.000000000000000	2.212476623177751	-1.383534048183894	-0.590468955799002
14.000000000000000	2.298135685969199	-1.255626873527696	-0.587830187133496
14.000000000000000	2.375632315162148	-1.122735852840342	-0.583029933099849
14.000000000000000	2.444654459182788	-0.985396091359087	-0.576087522626836
14.000000000000000	2.504924190218084	-0.844160607830198	-0.567030910351151
14.000000000000000	2.556198823332983	-0.699598107697666	-0.555896564053952
14.000000000000000	2.598271893676994	-0.552290693127088	-0.542729317817982
14.000000000000000	2.630973987845270	-0.402831519085708	-0.527582191496534
14.000000000000000	2.654173426046594	-0.251822404916706	-0.510516177221221
14.000000000000000	2.667776792331427	-0.099871411025113	-0.491599993808187
14.000000000000000	2.671729310744965	0.052409609566824	-0.470909810051686
14.000000000000000	2.666015065890571	0.204407474935820	-0.448528938019235
14.000000000000000	2.650657067015468	0.355510143324732	-0.424547497583319
14.000000000000000	2.625717155360616	0.505109177618704	-0.399062053540473
14.000000000000000	2.591295755147863	0.652602195306681	-0.372175226778930
14.000000000000000	2.547531469207045	0.797395294063176	-0.343995281060520
14.000000000000000	2.494600520871316	0.938905443183317	-0.314635687080714
14.000000000000000	2.432716044387975	1.076562831241724	-0.284214665562185
14.000000000000000	2.362127226702079	1.209813160522002	-0.252854711221676
14.000000000000000	2.283118304068567	1.338119878978014	-0.220682099527017
14.000000000000000	2.196007417533178	1.460966340739592	-0.187826378230380
14.000000000000000	2.101145331890742	1.577857886463117	-0.154419845725203
14.000000000000000	1.998914023279162	1.688323835150104	-0.120597018327258
14.000000000000000	1.889725141096313	1.791919379413457	-0.086494088624920
14.000000000000000	1.774018350433209	1.888227376559831	-0.052248377079683
14.000000000000000	1.652259561697859	1.976860028276024	-0.017997779085130
14.000000000000000	1.524939054558498	2.057460442155916	0.016119790289150
14.000000000000000	1.392569503760393	2.129704068780227	0.049966951632870
14.000000000000000	1.255683914765601	2.193300008562480	0.083407414373444
14.000000000000000	1.114833477528087	2.247992183098962	0.116306525570019
14.000000000000000	0.970585347046325	2.293560366306077	0.148531812113342
14.000000000000000	0.823520359630285	2.329821071193055	0.179953514148218
14.000000000000000	0.674230694078620	2.356628288699307	0.210445107570646
14.000000000000000	0.523317487183647	2.373874075621377	0.239883813495731
14.000000000000000	0.371388413165662	2.381488989262120	0.268151092644922
14.000000000000000	0.219055236783312	2.379442367051943	0.295133122661844
14.000000000000000	0.066931349972843	2.367742450016143	0.320721256434759
14.000000000000000	-0.084370698064739	2.346436349591211	0.344812459580135
14.000000000000000	-0.234241667383097	2.315609857923702	0.367309725325747
14.000000000000000	-0.382078080484813	2.275387102415544	0.388122465122706
14.000000000000000	-0.527284652312269	2.225930045906797	0.407166873413576
14.000000000000000	-0.669276687250467	2.167437834508461	0.424366265087777
14.000000000000000	-0.807482433489917	2.100145995711376	0.439651384265453
14.000000000000000	-0.941345385269370	2.024325490000144	0.452960683166464
14.000000000000000	-1.070326523728105	1.940281619790886	0.464240569941569
14.000000000000000	-1.193906487344636	1.848352800086177	0.473445624467892
14.000000000000000	-1.311587663222257	1.748909195797264	0.480538781239721
14.000000000000000	-1.422896190800549	1.642351231220618	0.485491478618221
14.000000000000000	-1.527383869924606	1.529107977670616	0.488283773839073
14.000000000000000	-1.624629965588867	1.409635425760807	0.488904423314946
14.000000000000000	-1.714242902088497	1.284414649290639	0.487350927909455
14.000000000000000	-1.795861839756542	1.153949868131063	0.483629543000301
14.000000000000000	-1.869158127937906	1.018766417909075	0.477755253291074
14.000000000000000	-1.933836628349550	0.879408634666568	0.469751712473138
14.000000000000000	-1.989636903498192	0.736437663011195	0.459651147980568
14.000000000000000	-2.036334265370167	0.590429196585097	0.447494231221645
14.000000000000000	-2.073740680170759	0.441971159949797	0.433329913809447
14.000000000000000	-2.101705525469928	0.291661341221485	0.417215230450988
14.000000000000000	-2.120116196705670	0.140104984989267	0.399215069288573


15.000000000000000	nan	nan	nan
15.000000000000000	nan	nan	nan
15.000000000000000	nan	nan	nan
15.000000000000000	nan	nan	nan
15.000000000000000	nan	nan	nan
15.000000000000000	nan	nan	nan
15.000000000000000	nan	nan	nan
15.000000000000000	nan	nan	nan
15.000000000000000	nan	nan	nan
15.000000000000000	nan	nan	nan
15.000000000000000	nan	nan	nan
15.000000000000000	nan	nan	nan
15.000000000000000	nan	nan	nan
15.000000000000000	nan	nan	nan
15.000000000000000	nan	nan	nan
15.000000000000000	nan	nan	nan
15.000000000000000	nan	nan	nan
15.000000000000000	nan	nan	nan
15.000000000000000	nan	nan	nan
15.000000000000000	nan	nan	nan
15.000000000000000	nan	nan	nan
15.000000000000000	nan	nan	nan
15.000000000000000	nan	nan	nan
15.000000000000000	nan	nan	nan
15.000000000000000	nan	nan	nan
15.000000000000000	nan	nan	nan
15.000000000000000	nan	nan	nan
15.000000000000000	nan	nan	nan
15.000000000000000	nan	nan	nan
15.000000000000000	nan	nan	nan
15.000000000000000	nan	nan	nan
15.000000000000000	nan	nan	nan
15.000000000000000	nan	nan	nan
15.000000000000000	nan	nan	nan
15.000000000000000	nan	nan	nan
15.000000000000000	nan	nan	nan
15.000000000000000	nan	nan	nan
15.000000000000000	nan	nan	nan
15.000000000000000	nan	nan	nan
15.000000000000000	nan	nan	nan
15.000000000000000	nan	nan	nan
15.000000000000000	nan	nan	nan
15.000000000000000	nan	nan	nan
15.000000000000000	nan	nan	nan
15.000000000000000	nan	nan	nan
15.000000000000000	nan	nan	nan
15.000000000000000	nan	nan	nan
15.000000000000000	nan	nan	nan
15.000000000000000	nan	nan	nan
15.000000000000000	nan	nan	nan
15.000000000000000	nan	nan	nan
15.000000000000000	nan	nan	nan
15.000000000000000	nan	nan	nan
15.000000000000000	nan	nan	nan
15.000000000000000	nan	nan	nan
15.000000000000000	nan	nan	nan
15.000000000000000	nan	nan	nan
15.000000000000000	nan	nan	nan
15.000000000000000	nan	nan	nan
15.000000000000000	nan	nan	nan
15.000000000000000	nan	nan	nan
15.000000000000000	nan	nan	nan
15.000000000000000	nan	nan	nan
15.000000000000000	nan	nan	nan
15.000000000000000	nan	nan	nan
15.000000000000000	nan	nan	nan
15.000000000000000	nan	nan	nan
15.000000000000000	nan	nan	nan
15.000000000000000	nan	nan	nan
15.000000000000000	nan	nan	nan
15.000000000000000	nan	nan	nan
15.000000000000000	nan	nan	nan
15.000000000000000	nan	nan	nan
15.000000000000000	nan	nan	nan
15.000000000000000	nan	nan	nan
15.000000000000000	nan	nan	nan
15.000000000000000	nan	nan	nan
15.000000000000000	nan	nan	nan
15.000000000000000	nan	nan	nan
15.000000000000000	nan	nan	nan
15.000000000000000	nan	nan	nan
15.000000000000000	nan	nan	nan
15.000000000000000	nan	nan	nan
15.000000000000000	nan	nan	nan
15.000000000000000	nan	nan	nan
15.000000000000000	nan	nan	nan
15.000000000000000	nan	nan	nan
15.000000000000000	nan	nan	nan
15.000000000000000	nan	nan	nan
15.000000000000000	nan	nan	nan
15.000000000000000	nan	nan	nan
15.000000000000000	nan	nan	nan
15.000000000000000	nan	nan	nan
15.000000000000000	nan	nan	nan
15.000000000000000	nan	nan	nan
15.000000000000000	nan	nan	nan
15.000000000000000	nan	nan	nan
15.000000000000000	nan	nan	nan
15.000000000000000	nan	nan	nan
15.000000000000000	nan	nan	nan


16.000000000000000	0.346562551338062	0.556332618744193	0.009106708779335
16.000000000000000	0.301879105181414	0.582267027085821	0.003630646671508
16.000000000000000	0.255589403445351	0.605229673768322	-0.001870301156150
16.000000000000000	0.207879838421104	0.625128096318027	-0.007373984328262
16.000000000000000	0.158942519688230	0.641882170810354	-0.012858241455185
16.000000000000000	0.108974500557146	0.655424434500567	-0.018300989369103
16.000000000000000	0.058176984604992	0.665700357472444	-0.023680312045151
16.000000000000000	0.006754515499840	0.672668562211000	-0.028974548849510
16.000000000000000	-0.045085846624464	0.676300990215138	-0.034162381759138
16.000000000000000	-0.097135358926377	0.676583014979327	-0.039222921201921
16.000000000000000	-0.149184436390411	0.673513500889382	-0.044135790171608
16.000000000000000	-0.201023495752016	0.667104807795175	-0.048881206278825
16.000000000000000	-0.252443799415415	0.657382741241890	-0.053440061407774
16.000000000000000	-0.303238295966233	0.644386448560194	-0.057793998657869
16.000000000000000	-0.353202453894459	0.628168261233755	-0.061925486260499
16.000000000000000	-0.402135085170655	0.608793484178829	-0.065817888173272
16.000000000000000	-0.449839155359139	0.586340132784410	-0.069455531067483
16.000000000000000	-0.496122577006117	0.560898618771791	-0.072823767439082
16.000000000000000	-0.540798983108060	0.532571386138478	-0.075909034588997
16.000000000000000	-0.583688477545857	0.501472498652366	-0.078698909235342
16.000000000000000	-0.624618359462985	0.467727180557201	-0.081182157537585
16.000000000000000	-0.663423818670911	0.431471312338754	-0.083348780331260
16.000000000000000	-0.699948599281551	0.392850883582058	-0.085190053391072
16.000000000000000	-0.734045628894577	0.352021405122876	-0.086698562560276
16.000000000000000	-0.765577610806074	0.309147282860453	-0.087868233604866
16.000000000000000	-0.794417576853900	0.264401155752985	-0.088694356672374
16.000000000000000	-0.820449398673667	0.217963200661469	-0.089173605256781
16.000000000000000	-0.843568255306675	0.170020406841069	-0.089304049593187
16.000000000000000	-0.863681055276920	0.120765823001392	-0.089085164428288
16.000000000000000	-0.880706811437609	0.070397779967460	-0.088517831135388
16.000000000000000	-0.894576967077818	0.019119092071485	-0.087604334165422
16.000000000000000	-0.905235671976169	-0.032863759508871	-0.086348351848275
16.000000000000000	-0.912640007289960	-0.085341458177315	-0.084754941581447
16.000000000000000	-0.916760158374195	-0.138102694762988	-0.082830519465698
16.000000000000000	-0.917579534834640	-0.190935018387908	-0.080582834469674
16.000000000000000	-0.915094837331483	-0.243625691931678	-0.078020937227550
16.000000000000000	-0.909316070864611	-0.295962548648780	-0.075155143595313
16.000000000000000	-0.900266504487005	-0.347734846489185	-0.071996993112456
16.000000000000000	-0.887982577608482	-0.398734116682196	-0.068559202536325
16.000000000000000	-0.872513753267044	-0.448755003166623	-0.064855614636222
16.000000000000000	-0.853922318958690	-0.497596089487152	-0.060901142453462
16.000000000000000	-0.832283135827649	-0.545060709827329	-0.056711709251821
16.000000000000000	-0.807683337226974	-0.590957740913383	-0.052304184400166
16.000000000000000	-0.780221977863285	-0.635102371600205	-0.047696315445466
16.000000000000000	-0.750009634938423	-0.677316847040589	-0.042906656649683
16.000000000000000	-0.717167962894090	-0.717431184441275	-0.037954494278308
16.000000000000000	-0.681829203552343	-0.755283857523653	-0.032859768941376
16.000000000000000	-0.644135653624458	-0.790722446933087	-0.027642995299667
16.000000000000000	-0.604239091732289	-0.823604253977855	-0.022325179459407
16.000000000000000	-0.562300167249336	-0.853796875226416	-0.016927734388097
16.000000000000000	-0.518487753422406	-0.881178735649299	-0.011472393692043
16.000000000000000	-0.472978267378665	-0.905639578158839	-0.005981124102800
16.000000000000000	-0.425954959756119	-0.927080907575551	-0.000476037024894
16.000000000000000	-0.377607176817983	-0.945416387233459	0.005020700498998
16.000000000000000	-0.328129598022097	-0.960572186627373	0.010486955046906
16.000000000000000	-0.277721452115472	-0.972487278702278	0.015900715941047
16.000000000000000	-0.226585714910432	-0.981113685587746	0.021240183877053
16.000000000000000	-0.174928291972661	-0.986416671787888	0.026483858702077
16.000000000000000	-0.122957189512164	-0.988374884048929	0.031610625988322
16.000000000000000	-0.070881676815674	-0.986980437341235	0.036599842053387
16.000000000000000	-0.018911443593091	-0.982238946609535	0.041431417085090
16.000000000000000	0.032744244368967	-0.974169504163526	0.046085896036053
16.000000000000000	0.083877387846632	-0.962804602799880	0.050544536962310
16.000000000000000	0.134282091718241	-0.948190004965216	0.054789386490500
16.000000000000000	0.183755394031330	-0.930384558486883	0.058803352109766
16.000000000000000	0.232098083258779	-0.909459959613529	0.062570270997264
16.000000000000000	0.279115500453320	-0.885500464319609	0.066074975100144
16.000000000000000	0.324618323070414	-0.858602549036317	0.069303352211948
16.000000000000000	0.368423327303319	-0.828874522175049	0.072242402797482
16.000000000000000	0.410354125860694	-0.796436088007651	0.074880292337357
16.000000000000000	0.450241878215963	-0.761417864659573	0.077206398981423
16.000000000000000	0.487925970468523	-0.723960858156775	0.079211356319210
16.000000000000000	0.523254662079239	-0.684215894644225	0.080887091095154
16.000000000000000	0.556085696876037	-0.642343013062252	0.082226855716755
16.000000000000000	0.586286875869300	-0.598510820726213	0.083225255424741
16.000000000000000	0.613736589570538	-0.552895814404348	0.083878270015869
16.000000000000000	0.638324307670883	-0.505681669627581	0.084183270030856
16.000000000000000	0.659951024107626	-0.457058501092990	0.084139027342291
16.000000000000000	0.678529655726693	-0.407222097139020	0.083745720099864
16.000000000000000	0.693985392935763	-0.356373131374945	0.083004932013027
16.000000000000000	0.706256000936104	-0.304716354639072	0.081919645973948
16.000000000000000	0.715292070320132	-0.252459770539378	0.080494232046461
16.000000000000000	0.721057216025662	-0.199813797896398	0.078734429869362
16.000000000000000	0.723528223845710	-0.146990423460896	0.076647325544907
16.000000000000000	0.722695143903913	-0.094202348318044	0.074241323105579
16.000000000000000	0.718561330719164	-0.041662131415218	0.071526110674018
16.000000000000000	0.711143429698155	0.010418666337854	0.068512621452369
16.000000000000000	0.700471310110196	0.061830333950214	0.065212989698136
16.000000000000000	0.686587944814210	0.112365854781816	0.061640501863807
16.000000000000000	0.669549237222197	0.161821740126467	0.057809543097005
16.000000000000000	0.649423796195922	0.209998848589031	0.053735539316571
16.000000000000000	0.626292659783252	0.256703187957540	0.049434895097833
16.000000000000000	0.600248968906528	0.301746696341362	0.044924927617176
16.000000000000000	0.571397592316953	0.344947999430062	0.040223796921878
16.000000000000000	0.539854704325140	0.386133140823731	0.035350432806016
16.000000000000000	0.505747317008165	0.425136282494016	0.030324458586860
16.000000000000000	0.469212768776765	0.461800372555328	0.025166112088705
16.000000000000000	0.430398171362026	0.495977777657350	0.019896164152291
16.000000000000000	0.389459817448368	0.527530877452440	0.014535834997965
16.000000000000000	0.346562551338063	0.556332618744193	0.009106708779335


17.000000000000000	1.241345592338615	-0.198598583339647	-0.053018225688985
17.000000000000000	1.252995287919646	-0.109187670440288	-0.046587029842855
17.000000000000000	1.258895391034167	-0.019224431181039	-0.039938166917888
17.000000000000000	1.259022144049339	0.070928884225566	-0.033098409538410
17.000000000000000	1.253375036575509	0.160909260197438	-0.026095298993337
17.000000000000000	1.241976807521360	0.250354377518550	-0.018957034337131
17.000000000000000	1.224873353532361	0.338904072270547	-0.011712358842156
17.000000000000000	1.202133544181168	0.426201786085725	-0.004390444259666
17.000000000000000	1.173848944654164	0.511896001881736	0.002979226644538
17.000000000000000	1.140133447050771	0.595641659296807	0.010366978806805
17.000000000000000	1.101122811780163	0.677101544126037	0.017743064356638
17.000000000000000	1.056974120902014	0.755947646163976	0.025077782400872
17.000000000000000	1.007865145612485	0.831862479985959	0.032341598618685
17.000000000000000	0.953993630422361	0.904540363349852	0.039505264185887
17.000000000000000	0.895576496909696	0.973688648070554	0.046539933549610
17.000000000000000	0.832848970253182	1.039028898410952	0.053417280579169
17.000000000000000	0.766063632063377	1.100298012244358	0.060109612625392
17.000000000000000	0.695489403325700	1.157249280473919	0.066589982029148
17.000000000000000	0.621410461550544	1.209653380443068	0.072832294630052
17.000000000000000	0.544125096490738	1.257299299336930	0.078811414838445
17.000000000000000	0.463944509033988	1.299995183856450	0.084503266847543
17.000000000000000	0.381191558106745	1.337569112743915	0.089884931578209
17.000000000000000	0.296199460635254	1.369869789049178	0.094934738965996
17.000000000000000	0.209310449798602	1.396767149349080	0.099632355218852
17.000000000000000	0.120874396976493	1.418152887466950	0.103958864694121
17.000000000000000	0.031247402940687	1.433940890583350	0.107896846065162
17.000000000000000	-0.059209636037122	1.444067585982008	0.111430442470878
17.000000000000000	-0.150132481387219	1.448492197034706	0.114545425365705
17.000000000000000	-0.241155018902030	1.447196907394376	0.117229251812940
17.000000000000000	-0.331910732948821	1.440186932735233	0.119471114990718
17.000000000000000	-0.422034182298789	1.427490499751104	0.121261987707275
17.000000000000000	-0.511162471629913	1.409158732496489	0.122594658750258
17.000000000000000	-0.598936712778328	1.385265446528039	0.123463761923736
17.000000000000000	-0.685003469854304	1.355906851675363	0.123865797655973
17.000000000000000	-0.769016182403820	1.321201164637998	0.123799147090972
17.000000000000000	-0.850636560885202	1.281288132968490	0.123264078607034
17.000000000000000	-0.929535948841710	1.236328472358314	0.122262746736094
17.000000000000000	-1.005396646285091	1.186503219492516	0.120799183488183
17.000000000000000	-1.077913188961301	1.132013003078875	0.118879282115945
17.000000000000000	-1.146793578347244	1.073077235986905	0.116510773384589
17.000000000000000	-1.211760457425767	1.009933231749674	0.113703194442826
17.000000000000000	-1.272552227504476	0.942835248985963	0.110467850420136
17.000000000000000	-1.328924101581342	0.872053467590546	0.106817768905004
17.000000000000000	-1.380649090015557	0.797872900815114	0.102767647487418
17.000000000000000	-1.427518914534710	0.720592247620503	0.098333794576862
17.000000000000000	-1.469344846897874	0.640522689921401	0.093534063734106
17.000000000000000	-1.505958468837627	0.557986639566614	0.088387781781218
17.000000000000000	-1.537212350220964	0.473316440100333	0.082915670979275
17.000000000000000	-1.562980642698419	0.386853028531991	0.077139765587129
17.000000000000000	-1.583159586450944	0.298944562503251	0.071083323137223
17.000000000000000	-1.597667927994079	0.209945018380066	0.064770730785721
17.000000000000000	-1.606447247357058	0.120212765914785	0.058227407114031
17.000000000000000	-1.609462193319414	0.030109125217646	0.051479699777154
17.000000000000000	-1.606700625757862	-0.060003088151782	0.044554779410974
17.000000000000000	-1.598173664530294	-0.149761024114804	0.037480530225699
17.000000000000000	-1.583915644700036	-0.238803259142801	0.030285437725985
17.000000000000000	-1.563983978280665	-0.326771251582219	0.022998474009866
17.000000000000000	-1.538458923058095	-0.413310785375256	0.015648981108338
17.000000000000000	-1.507443259420798	-0.498073396362920	0.008266552835358
17.000000000000000	-1.471061876499455	-0.580717775427197	0.000880915623999
17.000000000000000	-1.429461269282509	-0.660911142822415	-0.006478191171403
17.000000000000000	-1.382808948732547	-0.738330588161822	-0.013781135025135
17.000000000000000	-1.331292767278779	-0.812664370663747	-0.020998509559825
17.000000000000000	-1.275120162401602	-0.883613174421700	-0.028101252955550
17.000000000000000	-1.214517321355087	-0.950891313643887	-0.035060764971525
17.000000000000000	-1.149728270390734	-1.014227883009059	-0.041849022109177
17.000000000000000	-1.081013892149882	-1.073367848506631	-0.048438690452887
17.000000000000000	-1.008650875181397	-1.128073074368625	-0.054803235734016
17.000000000000000	-0.932930599814536	-1.178123281958365	-0.060917030175044
17.000000000000000	-0.854157964873200	-1.223316936754795	-0.066755455683582
17.000000000000000	-0.772650159955988	-1.263472059860870	-0.072295002980744
17.000000000000000	-0.688735388225630	-1.298426960768340	-0.077513366264713
17.000000000000000	-0.602751544850689	-1.328040888428367	-0.082389533028332
17.000000000000000	-0.515044856420973	-1.352194598006314	-0.086903868669058
17.000000000000000	-0.425968486815258	-1.370790831038614	-0.091038195550572
17.000000000000000	-0.335881115135000	-1.383754707058268	-0.094775866197707
17.000000000000000	-0.245145491430177	-1.391034025112065	-0.098101830329955
17.000000000000000	-0.154126976032875	-1.392599473955393	-0.101002695463632
17.000000000000000	-0.063192068380181	-1.388444750078275	-0.103466780838689
17.000000000000000	0.027293068749695	-1.378586583087380	-0.105484164453003
17.000000000000000	0.116964083645697	-1.363064668341802	-0.107046723014783
17.000000000000000	0.205459902779667	-1.341941507113858	-0.108148164652196
17.000000000000000	0.292424184721997	-1.315302154918525	-0.108784054248514
17.000000000000000	0.377506755002808	-1.283253879024900	-0.108951831300767
17.000000000000000	0.460365016140943	-1.245925726528768	-0.108650820229981
17.000000000000000	0.540665327163106	-1.203468004725491	-0.107882233101497
17.000000000000000	0.618084347058303	-1.156051675875583	-0.106649164744416
17.000000000000000	0.692310336757978	-1.103867668800026	-0.104956580289806
17.000000000000000	0.763044414399211	-1.047126110077292	-0.102811295177879
17.000000000000000	0.830001758816493	-0.986055477937776	-0.100221947714616
17.000000000000000	0.892912756416032	-0.920901682262608	-0.097198964288358
17.000000000000000	0.951524086814540	-0.851927074391345	-0.093754517386419
17.000000000000000	1.005599742871006	-0.779409390725725	-0.089902476580776
17.000000000000000	1.054921981004157	-0.703640634383206	-0.085658352680201
17.000000000000000	1.099292197969006	-0.624925899403469	-0.081039235273703
17.000000000000000	1.138531730562029	-0.543582142242401	-0.076063723916791
17.000000000000000	1.172482575034821	-0.459936905500318	-0.070751853237623
17.000000000000000	1.201008023319429	-0.374326999023517	-0.065125012264632
17.000000000000000	1.223993213503491	-0.287097143689895	-0.059205858300457
17.000000000000000	1.241345592338615	-0.198598583339647	-0.053018225688985


18.000000000000000	nan	nan	nan
18.000000000000000	nan	nan	nan
18.000000000000000	nan	nan	nan
18.000000000000000	nan	nan	nan
18.000000000000000	nan	nan	nan
18.000000000000000	nan	nan	nan
18.000000000000000	nan	nan	nan
18.000000000000000	nan	nan	nan
18.000000000000000	nan	nan	nan
18.000000000000000	nan	nan	nan
18.000000000000000	nan	nan	nan
18.000000000000000	nan	nan	nan
18.000000000000000	nan	nan	nan
18.000000000000000	nan	nan	nan
18.000000000000000	nan	nan	nan
18.000000000000000	nan	nan	nan
18.000000000000000	nan	nan	nan
18.000000000000000	nan	nan	nan
18.000000000000000	nan	nan	nan
18.000000000000000	nan	nan	nan
18.000000000000000	nan	nan	nan
18.000000000000000	nan	nan	nan
18.000000000000000	nan	nan	nan
18.000000000000000	nan	nan	nan
18.000000000000000	nan	nan	nan
18.000000000000000	nan	nan	nan
18.000000000000000	nan	nan	nan
18.000000000000000	nan	nan	nan
18.000000000000000	nan	nan	nan
18.000000000000000	nan	nan	nan
18.000000000000000	nan	nan	nan
18.000000000000000	nan	nan	nan
18.000000000000000	nan	nan	nan
18.000000000000000	nan	nan	nan
18.000000000000000	nan	nan	nan
18.000000000000000	nan	nan	nan
18.000000000000000	nan	nan	nan
18.000000000000000	nan	nan	nan
18.000000000000000	nan	nan	nan
18.000000000000000	nan	nan	nan
18.000000000000000	nan	nan	nan
18.000000000000000	nan	nan	nan
18.000000000000000	nan	nan	nan
18.000000000000000	nan	nan	nan
18.000000000000000	nan	nan	nan
18.000000000000000	nan	nan	nan
18.000000000000000	nan	nan	nan
18.000000000000000	nan	nan	nan
18.000000000000000	nan	nan	nan
18.000000000000000	nan	nan	nan
18.000000000000000	nan	nan	nan
18.000000000000000	nan	nan	nan
18.000000000000000	nan	nan	nan
18.000000000000000	nan	nan	nan
18.000000000000000	nan	nan	nan
18.000000000000000	nan	nan	nan
18.000000000000000	nan	nan	nan
18.000000000000000	nan	nan	nan
18.000000000000000	nan	nan	nan
18.000000000000000	nan	nan	nan
18.000000000000000	nan	nan	nan
18.000000000000000	nan	nan	nan
18.000000000000000	nan	nan	nan
18.000000000000000	nan	nan	nan
18.000000000000000	nan	nan	nan
18.000000000000000	nan	nan	nan
18.000000000000000	nan	nan	nan
18.000000000000000	nan	nan	nan
18.000000000000000	nan	nan	nan
18.000000000000000	nan	nan	nan
18.000000000000000	nan	nan	nan
18.000000000000000	nan	nan	nan
18.000000000000000	nan	nan	nan
18.000000000000000	nan	nan	nan
18.000000000000000	nan	nan	nan
18.000000000000000	nan	nan	nan
18.000000000000000	nan	nan	nan
18.000000000000000	nan	nan	nan
18.000000000000000	nan	nan	nan
18.000000000000000	nan	nan	nan
18.000000000000000	nan	nan	nan
18.000000000000000	nan	nan	nan
18.000000000000000	nan	nan	nan
18.000000000000000	nan	nan	nan
18.000000000000000	nan	nan	nan
18.000000000000000	nan	nan	nan
18.000000000000000	nan	nan	nan
18.000000000000000	nan	nan	nan
18.000000000000000	nan	nan	nan
18.000000000000000	nan	nan	nan
18.000000000000000	nan	nan	nan
18.000000000000000	nan	nan	nan
18.000000000000000	nan	nan	nan
18.000000000000000	nan	nan	nan
18.000000000000000	nan	nan	nan
18.000000000000000	nan	nan	nan
18.000000000000000	nan	nan	nan
18.000000000000000	nan	nan	nan
18.000000000000000	nan	nan	nan
18.000000000000000	nan	nan	nan


