# n	x	y	z
1.000000000000000	0.225285806436006	0.334735571264020	0.013627018200781
1.000000000000000	0.202960217476802	0.348735902439830	0.014031025833471
1.000000000000000	0.179790901681362	0.361292655996867	0.014376933903935
1.000000000000000	0.155871153706929	0.372355270320385	0.014663349562459
1.000000000000000	0.131297289936269	0.381879200166984	0.014889119514274
1.000000000000000	0.106168260645595	0.389826096032584	0.015053334663470
1.000000000000000	0.080585251566726	0.396163958572341	0.015155333773598
1.000000000000000	0.054651276447860	0.400867267450717	0.015194706130243
1.000000000000000	0.028470762253564	0.403917084102861	0.015171293194820
1.000000000000000	0.002149128674251	0.405301127993531	0.015085189242957
1.000000000000000	-0.024207636361713	0.405013826066467	0.014936740984878
1.000000000000000	-0.050493403463984	0.403056335185128	0.014726546169324
1.000000000000000	-0.076602329125839	0.399436537474409	0.014455451176632
1.000000000000000	-0.102429281918619	0.394169008582107	0.014124547610654
1.000000000000000	-0.127870265818891	0.387274958987929	0.013735167903262
1.000000000000000	-0.152822838963725	0.378782148596379	0.013288879949107
1.000000000000000	-0.177186526147922	0.368724774957420	0.012787480792266
1.000000000000000	-0.200863223402202	0.357143335565008	0.012232989390178
1.000000000000000	-0.223757593023266	0.344084464787979	0.011627638484016
1.000000000000000	-0.245777447465074	0.329600746089905	0.010973865608223
1.000000000000000	-0.266834120545560	0.313750500294046	0.010274303275425
1.000000000000000	-0.286842824474051	0.296597550745975	0.009531768376230
1.000000000000000	-0.305722991261772	0.278210966319497	0.008749250836605
1.000000000000000	-0.323398597140709	0.258664783300666	0.007929901578496
1.000000000000000	-0.339798468684480	0.238037707269796	0.007077019832182
1.000000000000000	-0.354856569398612	0.216412796181865	0.006194039851435
1.000000000000000	-0.368512265626192	0.193877125921446	0.005284517084997
1.000000000000000	-0.380710570698204	0.170521439678853	0.004352113860037
1.000000000000000	-0.391402366345439	0.146439782559343	0.003400584635255
1.000000000000000	-0.400544600480428	0.121729122896663	0.002433760883005
1.000000000000000	-0.408100460553005	0.096488961795803	0.001455535661302
1.000000000000000	-0.414039521781450	0.070820932477158	0.000469847937855
1.000000000000000	-0.418337869662351	0.044828391035423	-0.000519333270766
1.000000000000000	-0.420978196265868	0.018616000261079	-0.001508024880960
1.000000000000000	-0.421949869928654	-0.007710691799726	-0.002492245780563
1.000000000000000	-0.421248978063815	-0.034045676849906	-0.003468032859389
1.000000000000000	-0.418878342915517	-0.060282913199432	-0.004431456967268
1.000000000000000	-0.414847510194800	-0.086316752757793	-0.005378638735354
1.000000000000000	-0.409172710642373	-0.112042366441570	-0.006305764196967
1.000000000000000	-0.401876794673149	-0.137356166284153	-0.007209100145098
1.000000000000000	-0.392989140365687	-0.162156222547924	-0.008085009164709
1.000000000000000	-0.382545535167042	-0.186342674159333	-0.008929964279325
1.000000000000000	-0.370588031789344	-0.209818130814200	-0.009740563152922
1.000000000000000	-0.357164778878367	-0.232488065134091	-0.010513541789931
1.000000000000000	-0.342329827135932	-0.254261193294712	-0.011245787678199
1.000000000000000	-0.326142911676800	-0.275049842593651	-0.011934352321976
1.000000000000000	-0.308669211496455	-0.294770304477403	-0.012576463114465
1.000000000000000	-0.289979087018290	-0.313343171606179	-0.013169534502135
1.000000000000000	-0.270147796777015	-0.330693657599227	-0.013711178395827
1.000000000000000	-0.249255194379101	-0.346751898173201	-0.014199213786753
1.000000000000000	-0.227385406960492	-0.361453232460964	-0.014631675528642
1.000000000000000	-0.204626496436316	-0.374738463378083	-0.015006822250693
1.000000000000000	-0.181070104906639	-0.386554095988596	-0.015323143369463
1.000000000000000	-0.156811085646069	-0.396852552910233	-0.015579365171451
1.000000000000000	-0.131947121163099	-0.405592365891748	-0.015774455941891
1.000000000000000	-0.106578329867120	-0.412738342790926	-0.015907630119106
1.000000000000000	-0.080806862926925	-0.418261709280922	-0.015978351457690
1.000000000000000	-0.054736492944003	-0.422140224714319	-0.015986335187770
1.000000000000000	-0.028472196096901	-0.424358271678365	-0.015931549161685
1.000000000000000	-0.002119729439201	-0.424906918880780	-0.015814213983425
1.000000000000000	0.024214794946803	-0.423783957112923	-0.015634802120340
1.000000000000000	0.050425337226017	-0.420993908145491	-0.015394036000680
1.000000000000000	0.076406356795530	-0.416548006520944	-0.015092885104632
1.000000000000000	0.102053237259373	-0.410464154315972	-0.014732562060566
1.000000000000000	0.127262707681826	-0.402766849056146	-0.014314517762206
1.000000000000000	0.151933258423023	-0.393487085073032	-0.013840435526396
1.000000000000000	0.175965549882447	-0.382662228700954	-0.013312224314974
1.000000000000000	0.199262812504437	-0.370335867815959	-0.012732011048060
1.000000000000000	0.221731236435038	-0.356557636322816	-0.012102132039698
1.000000000000000	0.243280349261173	-0.341383014296808	-0.011425123590342
1.000000000000000	0.263823380311116	-0.324873104585046	-0.010703711774072
1.000000000000000	0.283277610049363	-0.307094386766869	-0.009940801461654
1.000000000000000	0.301564703159007	-0.288118449464043	-0.009139464623653
1.000000000000000	0.318611023970412	-0.268021702078648	-0.008302927960686
1.000000000000000	0.334347932966063	-0.246885067119383	-0.007434559910647
1.000000000000000	0.348712063167678	-0.224793654355186	-0.006537857085187
1.000000000000000	0.361645575292666	-0.201836418108230	-0.005616430190099
1.000000000000000	0.373096390652501	-0.178105799066271	-0.004673989486278
1.000000000000000	0.383018400855224	-0.153697352056614	-0.003714329849808
1.000000000000000	0.391371653467659	-0.128709361280559	-0.002741315491341
1.000000000000000	0.398122512889766	-0.103242444557606	-0.001758864396279
1.000000000000000	0.403243795793325	-0.077399148173007	-0.000770932548431
1.000000000000000	0.406714880579608	-0.051283533960074	0.000218501999335
1.000000000000000	0.408521790415279	-0.025000760279899	0.001205455143311
1.000000000000000	0.408657249512167	0.001343341414249	0.002185952771525
1.000000000000000	0.407120712424298	0.027642692722836	0.003156046766088
1.000000000000000	0.403918366244215	0.053791395440332	0.004111830900874
1.000000000000000	0.399063105689735	0.079684157969917	0.005049456570508
1.000000000000000	0.392574481181478	0.105216719295573	0.005965148287349
1.000000000000000	0.384478620120219	0.130286268804401	0.006855218884042
1.000000000000000	0.374808121681068	0.154791860268668	0.007716084360436
1.000000000000000	0.363601925548098	0.178634818320645	0.008544278315098
1.000000000000000	0.350905155117978	0.201719135783479	0.009336465903276
1.000000000000000	0.336768935803986	0.223951860258215	0.010089457265151
1.000000000000000	0.321250189172007	0.245243468410293	0.010800220370272
1.000000000000000	0.304411403737483	0.265508226448426	0.011465893226475
1.000000000000000	0.286320383346216	0.284664535344314	0.012083795404112
1.000000000000000	0.267049974152208	0.302635259403133	0.012651438829199
1.000000000000000	0.246677771291913	0.319348036861753	0.013166537802010
1.000000000000000	0.225285806436006	0.334735571264020	0.013627018200781


2.000000000000000	nan	nan	nan
2.000000000000000	nan	nan	nan
2.000000000000000	nan	nan	nan
2.000000000000000	nan	nan	nan
2.000000000000000	nan	nan	nan
2.000000000000000	nan	nan	nan
2.000000000000000	nan	nan	nan
2.000000000000000	nan	nan	nan
2.000000000000000	nan	nan	nan
2.000000000000000	nan	nan	nan
2.000000000000000	nan	nan	nan
2.000000000000000	nan	nan	nan
2.000000000000000	nan	nan	nan
2.000000000000000	nan	nan	nan
2.000000000000000	nan	nan	nan
2.000000000000000	nan	nan	nan
2.000000000000000	nan	nan	nan
2.000000000000000	nan	nan	nan
2.000000000000000	nan	nan	nan
2.000000000000000	nan	nan	nan
2.000000000000000	nan	nan	nan
2.000000000000000	nan	nan	nan
2.000000000000000	nan	nan	nan
2.000000000000000	nan	nan	nan
2.000000000000000	nan	nan	nan
2.000000000000000	nan	nan	nan
2.000000000000000	nan	nan	nan
2.000000000000000	nan	nan	nan
2.000000000000000	nan	nan	nan
2.000000000000000	nan	nan	nan
2.000000000000000	nan	nan	nan
2.000000000000000	nan	nan	nan
2.000000000000000	nan	nan	nan
2.000000000000000	nan	nan	nan
2.000000000000000	nan	nan	nan
2.000000000000000	nan	nan	nan
2.000000000000000	nan	nan	nan
2.000000000000000	nan	nan	nan
2.000000000000000	nan	nan	nan
2.000000000000000	nan	nan	nan
2.000000000000000	nan	nan	nan
2.000000000000000	nan	nan	nan
2.000000000000000	nan	nan	nan
2.000000000000000	nan	nan	nan
2.000000000000000	nan	nan	nan
2.000000000000000	nan	nan	nan
2.000000000000000	nan	nan	nan
2.000000000000000	nan	nan	nan
2.000000000000000	nan	nan	nan
2.000000000000000	nan	nan	nan
2.000000000000000	nan	nan	nan
2.000000000000000	nan	nan	nan
2.000000000000000	nan	nan	nan
2.000000000000000	nan	nan	nan
2.000000000000000	nan	nan	nan
2.000000000000000	nan	nan	nan
2.000000000000000	nan	nan	nan
2.000000000000000	nan	nan	nan
2.000000000000000	nan	nan	nan
2.000000000000000	nan	nan	nan
2.000000000000000	nan	nan	nan
2.000000000000000	nan	nan	nan
2.000000000000000	nan	nan	nan
2.000000000000000	nan	nan	nan
2.000000000000000	nan	nan	nan
2.000000000000000	nan	nan	nan
2.000000000000000	nan	nan	nan
2.000000000000000	nan	nan	nan
2.000000000000000	nan	nan	nan
2.000000000000000	nan	nan	nan
2.000000000000000	nan	nan	nan
2.000000000000000	nan	nan	nan
2.000000000000000	nan	nan	nan
2.000000000000000	nan	nan	nan
2.000000000000000	nan	nan	nan
2.000000000000000	nan	nan	nan
2.000000000000000	nan	nan	nan
2.000000000000000	nan	nan	nan
2.000000000000000	nan	nan	nan
2.000000000000000	nan	nan	nan
2.000000000000000	nan	nan	nan
2.000000000000000	nan	nan	nan
2.000000000000000	nan	nan	nan
2.000000000000000	nan	nan	nan
2.000000000000000	nan	nan	nan
2.000000000000000	nan	nan	nan
2.000000000000000	nan	nan	nan
2.000000000000000	nan	nan	nan
2.000000000000000	nan	nan	nan
2.000000000000000	nan	nan	nan
2.000000000000000	nan	nan	nan
2.000000000000000	nan	nan	nan
2.000000000000000	nan	nan	nan
2.000000000000000	nan	nan	nan
2.000000000000000	nan	nan	nan
2.000000000000000	nan	nan	nan
2.000000000000000	nan	nan	nan
2.000000000000000	nan	nan	nan
2.000000000000000	nan	nan	nan
2.000000000000000	nan	nan	nan


3.000000000000000	nan	nan	nan
3.000000000000000	nan	nan	nan
3.000000000000000	nan	nan	nan
3.000000000000000	nan	nan	nan
3.000000000000000	nan	nan	nan
3.000000000000000	nan	nan	nan
3.000000000000000	nan	nan	nan
3.000000000000000	nan	nan	nan
3.000000000000000	nan	nan	nan
3.000000000000000	nan	nan	nan
3.000000000000000	nan	nan	nan
3.000000000000000	nan	nan	nan
3.000000000000000	nan	nan	nan
3.000000000000000	nan	nan	nan
3.000000000000000	nan	nan	nan
3.000000000000000	nan	nan	nan
3.000000000000000	nan	nan	nan
3.000000000000000	nan	nan	nan
3.000000000000000	nan	nan	nan
3.000000000000000	nan	nan	nan
3.000000000000000	nan	nan	nan
3.000000000000000	nan	nan	nan
3.000000000000000	nan	nan	nan
3.000000000000000	nan	nan	nan
3.000000000000000	nan	nan	nan
3.000000000000000	nan	nan	nan
3.000000000000000	nan	nan	nan
3.000000000000000	nan	nan	nan
3.000000000000000	nan	nan	nan
3.000000000000000	nan	nan	nan
3.000000000000000	nan	nan	nan
3.000000000000000	nan	nan	nan
3.000000000000000	nan	nan	nan
3.000000000000000	nan	nan	nan
3.000000000000000	nan	nan	nan
3.000000000000000	nan	nan	nan
3.000000000000000	nan	nan	nan
3.000000000000000	nan	nan	nan
3.000000000000000	nan	nan	nan
3.000000000000000	nan	nan	nan
3.000000000000000	nan	nan	nan
3.000000000000000	nan	nan	nan
3.000000000000000	nan	nan	nan
3.000000000000000	nan	nan	nan
3.000000000000000	nan	nan	nan
3.000000000000000	nan	nan	nan
3.000000000000000	nan	nan	nan
3.000000000000000	nan	nan	nan
3.000000000000000	nan	nan	nan
3.000000000000000	nan	nan	nan
3.000000000000000	nan	nan	nan
3.000000000000000	nan	nan	nan
3.000000000000000	nan	nan	nan
3.000000000000000	nan	nan	nan
3.000000000000000	nan	nan	nan
3.000000000000000	nan	nan	nan
3.000000000000000	nan	nan	nan
3.000000000000000	nan	nan	nan
3.000000000000000	nan	nan	nan
3.000000000000000	nan	nan	nan
3.000000000000000	nan	nan	nan
3.000000000000000	nan	nan	nan
3.000000000000000	nan	nan	nan
3.000000000000000	nan	nan	nan
3.000000000000000	nan	nan	nan
3.000000000000000	nan	nan	nan
3.000000000000000	nan	nan	nan
3.000000000000000	nan	nan	nan
3.000000000000000	nan	nan	nan
3.000000000000000	nan	nan	nan
3.000000000000000	nan	nan	nan
3.000000000000000	nan	nan	nan
3.000000000000000	nan	nan	nan
3.000000000000000	nan	nan	nan
3.000000000000000	nan	nan	nan
3.000000000000000	nan	nan	nan
3.000000000000000	nan	nan	nan
3.000000000000000	nan	nan	nan
3.000000000000000	nan	nan	nan
3.000000000000000	nan	nan	nan
3.000000000000000	nan	nan	nan
3.000000000000000	nan	nan	nan
3.000000000000000	nan	nan	nan
3.000000000000000	nan	nan	nan
3.000000000000000	nan	nan	nan
3.000000000000000	nan	nan	nan
3.000000000000000	nan	nan	nan
3.000000000000000	nan	nan	nan
3.000000000000000	nan	nan	nan
3.000000000000000	nan	nan	nan
3.000000000000000	nan	nan	nan
3.000000000000000	nan	nan	nan
3.000000000000000	nan	nan	nan
3.000000000000000	nan	nan	nan
3.000000000000000	nan	nan	nan
3.000000000000000	nan	nan	nan
3.000000000000000	nan	nan	nan
3.000000000000000	nan	nan	nan
3.000000000000000	nan	nan	nan
3.000000000000000	nan	nan	nan


4.000000000000000	0.497133049974474	-0.303617973780761	-0.027088478509417
4.000000000000000	0.517701197621463	-0.267507236552462	-0.025768750706384
4.000000000000000	0.535922001383325	-0.230158874462215	-0.024330944484348
4.000000000000000	0.551722092514230	-0.191723276182286	-0.022780849381501
4.000000000000000	0.565037849623738	-0.152355208301343	-0.021124707083726
4.000000000000000	0.575815654857681	-0.112213192134029	-0.019369186291530
4.000000000000000	0.584012109798342	-0.071458865411575	-0.017521355867544
4.000000000000000	0.589594210214564	-0.030256331423707	-0.015588656372704
4.000000000000000	0.592539478958136	0.011228501767385	-0.013578870105743
4.000000000000000	0.592836056471344	0.052828589380251	-0.011500089766616
4.000000000000000	0.590482748541215	0.094376422544569	-0.009360685870055
4.000000000000000	0.585489031108201	0.135704702800233	-0.007169273040464
4.000000000000000	0.577875012109902	0.176647015749213	-0.004934675323860
4.000000000000000	0.567671350513504	0.217038501147597	-0.002665890656563
4.000000000000000	0.554919132862936	0.256716516739610	-0.000372054633673
4.000000000000000	0.539669707837863	0.295521293160571	0.001937596276741
4.000000000000000	0.521984479490669	0.333296577271736	0.004253761925638
4.000000000000000	0.501934659994018	0.369890261336542	0.006567115931428
4.000000000000000	0.479600982894564	0.405154995504771	0.008868343234012
4.000000000000000	0.455073378027456	0.438948781138397	0.011148177603248
4.000000000000000	0.428450609400626	0.471135542589978	0.013397438950783
4.000000000000000	0.399839877506996	0.501585675131268	0.015607070295034
4.000000000000000	0.369356387665921	0.530176566825705	0.017768174230454
4.000000000000000	0.337122886132033	0.556793092243414	0.019872048754241
4.000000000000000	0.303269165839396	0.581328076030675	0.021910222306239
4.000000000000000	0.267931543771169	0.603682724467245	0.023874487880914
4.000000000000000	0.231252312059227	0.623767023273805	0.025756936074073
4.000000000000000	0.193379165023967	0.641500100067689	0.027549986931239
4.000000000000000	0.154464604461410	0.656810550007426	0.029246420469457
4.000000000000000	0.114665325572290	0.669636723314837	0.030839405749615
4.000000000000000	0.074141586005784	0.679926973516932	0.032322528382223
4.000000000000000	0.033056560558526	0.687639865408026	0.033689816355899
4.000000000000000	-0.008424315872711	0.692744341894690	0.034935764084548
4.000000000000000	-0.050134014438955	0.695219849051707	0.036055354576418
4.000000000000000	-0.091904584905260	0.695056418885470	0.037044079635748
4.000000000000000	-0.133567831927019	0.692254709471576	0.037897958015691
4.000000000000000	-0.174955992313259	0.686826002304989	0.038613551449380
4.000000000000000	-0.215902410549799	0.678792156873441	0.039187978494624
4.000000000000000	-0.256242209862182	0.668185522636989	0.039618926136450
4.000000000000000	-0.295812956116259	0.655048808768157	0.039904659100806
4.000000000000000	-0.334455311883112	0.639434912177175	0.040044026841892
4.000000000000000	-0.372013678034648	0.621406704514787	0.040036468175003
4.000000000000000	-0.408336820286365	0.601036779010305	0.039882013536223
4.000000000000000	-0.443278478164443	0.578407158164297	0.039581284859869
4.000000000000000	-0.476697953945047	0.553608963472928	0.039135493074181
4.000000000000000	-0.508460679194403	0.526742048513850	0.038546433225339
4.000000000000000	-0.538438756628390	0.497914596871094	0.037816477249450
4.000000000000000	-0.566511475109756	0.467242686517955	0.036948564421595
4.000000000000000	-0.592565795709267	0.434849822411967	0.035946189520409
4.000000000000000	-0.616496806873579	0.400866439184024	0.034813388755835
4.000000000000000	-0.638208146867035	0.365429375924163	0.033554723516738
4.000000000000000	-0.657612391786364	0.328681325178839	0.032175262003798
4.000000000000000	-0.674631407585882	0.290770258378408	0.030680558821655
4.000000000000000	-0.689196664695721	0.251848830008402	0.029076632612477
4.000000000000000	-0.701249513966216	0.212073762923791	0.027369941821013
4.000000000000000	-0.710741422827333	0.171605217281362	0.025567358688714
4.000000000000000	-0.717634170712198	0.130606145631296	0.023676141581643
4.000000000000000	-0.721900002957830	0.089241636764762	0.021703905763598
4.000000000000000	-0.723521742563377	0.047678250959618	0.019658592732130
4.000000000000000	-0.722492859355829	0.006083349300965	0.017548438240934
4.000000000000000	-0.718817496284726	-0.035375580222879	0.015381939137383
4.000000000000000	-0.712510452739957	-0.076531597135393	0.013167819148712
4.000000000000000	-0.703597124959846	-0.117218980682230	0.010914993754658
4.000000000000000	-0.692113403769461	-0.157273897130206	0.008632534287961
4.000000000000000	-0.678105530060926	-0.196535059467916	0.006329631407313
4.000000000000000	-0.661629908597674	-0.234844376851611	0.004015558089820
4.000000000000000	-0.642752880892371	-0.272047591181221	0.001699632291993
4.000000000000000	-0.621550458073056	-0.307994898243283	-0.000608820570370
4.000000000000000	-0.598108014813159	-0.342541550919635	-0.002900505172349
4.000000000000000	-0.572519945557824	-0.375548442032977	-0.005166193708885
4.000000000000000	-0.544889284430791	-0.406882664482372	-0.007396763051904
4.000000000000000	-0.515327290352351	-0.436418046413234	-0.009583231485926
4.000000000000000	-0.483952999038936	-0.464035659266857	-0.011716794874268
4.000000000000000	-0.450892743688304	-0.489624296663743	-0.013788862110193
4.000000000000000	-0.416279646280340	-0.513080922192446	-0.015791089710266
4.000000000000000	-0.380253081541830	-0.534311084300831	-0.017715415410614
4.000000000000000	-0.342958115733625	-0.553229296619141	-0.019554090630820
4.000000000000000	-0.304544922520007	-0.569759382183435	-0.021299711674723
4.000000000000000	-0.265168178272351	-0.583834780173337	-0.022945249542485
4.000000000000000	-0.224986439241966	-0.595398813928966	-0.024484078233893
4.000000000000000	-0.184161503110033	-0.604404919167840	-0.025910001428929
4.000000000000000	-0.142857757485448	-0.610816831482813	-0.027217277438156
4.000000000000000	-0.101241517973942	-0.614608732366035	-0.028400642322479
4.000000000000000	-0.059480358483835	-0.615765353170979	-0.029455331089172
4.000000000000000	-0.017742436465053	-0.614282036593884	-0.030377096878817
4.000000000000000	0.023804184201575	-0.610164755427080	-0.031162228065909
4.000000000000000	0.064992209938243	-0.603430088508655	-0.031807563204266
4.000000000000000	0.105655791102368	-0.594105153965333	-0.032310503757053
4.000000000000000	0.145631189804560	-0.582227500017342	-0.032669024560174
4.000000000000000	0.184757439223313	-0.567844953784985	-0.032881681976891
4.000000000000000	0.222876991761582	-0.551015428705711	-0.032947619710843
4.000000000000000	0.259836353435356	-0.531806691337138	-0.032866572254050
4.000000000000000	0.295486701939750	-0.510296088485045	-0.032638865956013
4.000000000000000	0.329684485903906	-0.486570235755084	-0.032265417709628
4.000000000000000	0.362292002921694	-0.460724668782307	-0.031747731259176
4.000000000000000	0.393177954030704	-0.432863458542882	-0.031087891145279
4.000000000000000	0.422217972406825	-0.403098792297001	-0.030288554311190
4.000000000000000	0.449295124145547	-0.371550521850384	-0.029352939404218
4.000000000000000	0.474300379113533	-0.338345680953354	-0.028284813815374
4.000000000000000	0.497133049974474	-0.303617973780761	-0.027088478509417


5.000000000000000	nan	nan	nan
5.000000000000000	nan	nan	nan
5.000000000000000	nan	nan	nan
5.000000000000000	nan	nan	nan
5.000000000000000	nan	nan	nan
5.000000000000000	nan	nan	nan
5.000000000000000	nan	nan	nan
5.000000000000000	nan	nan	nan
5.000000000000000	nan	nan	nan
5.000000000000000	nan	nan	nan
5.000000000000000	nan	nan	nan
5.000000000000000	nan	nan	nan
5.000000000000000	nan	nan	nan
5.000000000000000	nan	nan	nan
5.000000000000000	nan	nan	nan
5.000000000000000	nan	nan	nan
5.000000000000000	nan	nan	nan
5.000000000000000	nan	nan	nan
5.000000000000000	nan	nan	nan
5.000000000000000	nan	nan	nan
5.000000000000000	nan	nan	nan
5.000000000000000	nan	nan	nan
5.000000000000000	nan	nan	nan
5.000000000000000	nan	nan	nan
5.000000000000000	nan	nan	nan
5.000000000000000	nan	nan	nan
5.000000000000000	nan	nan	nan
5.000000000000000	nan	nan	nan
5.000000000000000	nan	nan	nan
5.000000000000000	nan	nan	nan
5.000000000000000	nan	nan	nan
5.000000000000000	nan	nan	nan
5.000000000000000	nan	nan	nan
5.000000000000000	nan	nan	nan
5.000000000000000	nan	nan	nan
5.000000000000000	nan	nan	nan
5.000000000000000	nan	nan	nan
5.000000000000000	nan	nan	nan
5.000000000000000	nan	nan	nan
5.000000000000000	nan	nan	nan
5.000000000000000	nan	nan	nan
5.000000000000000	nan	nan	nan
5.000000000000000	nan	nan	nan
5.000000000000000	nan	nan	nan
5.000000000000000	nan	nan	nan
5.000000000000000	nan	nan	nan
5.000000000000000	nan	nan	nan
5.000000000000000	nan	nan	nan
5.000000000000000	nan	nan	nan
5.000000000000000	nan	nan	nan
5.000000000000000	nan	nan	nan
5.000000000000000	nan	nan	nan
5.000000000000000	nan	nan	nan
5.000000000000000	nan	nan	nan
5.000000000000000	nan	nan	nan
5.000000000000000	nan	nan	nan
5.000000000000000	nan	nan	nan
5.000000000000000	nan	nan	nan
5.000000000000000	nan	nan	nan
5.000000000000000	nan	nan	nan
5.000000000000000	nan	nan	nan
5.000000000000000	nan	nan	nan
5.000000000000000	nan	nan	nan
5.000000000000000	nan	nan	nan
5.000000000000000	nan	nan	nan
5.000000000000000	nan	nan	nan
5.000000000000000	nan	nan	nan
5.000000000000000	nan	nan	nan
5.000000000000000	nan	nan	nan
5.000000000000000	nan	nan	nan
5.000000000000000	nan	nan	nan
5.000000000000000	nan	nan	nan
5.000000000000000	nan	nan	nan
5.000000000000000	nan	nan	nan
5.000000000000000	nan	nan	nan
5.000000000000000	nan	nan	nan
5.000000000000000	nan	nan	nan
5.000000000000000	nan	nan	nan
5.000000000000000	nan	nan	nan
5.000000000000000	nan	nan	nan
5.000000000000000	nan	nan	nan
5.000000000000000	nan	nan	nan
5.000000000000000	nan	nan	nan
5.000000000000000	nan	nan	nan
5.000000000000000	nan	nan	nan
5.000000000000000	nan	nan	nan
5.000000000000000	nan	nan	nan
5.000000000000000	nan	nan	nan
5.000000000000000	nan	nan	nan
5.000000000000000	nan	nan	nan
5.000000000000000	nan	nan	nan
5.000000000000000	nan	nan	nan
5.000000000000000	nan	nan	nan
5.000000000000000	nan	nan	nan
5.000000000000000	nan	nan	nan
5.000000000000000	nan	nan	nan
5.000000000000000	nan	nan	nan
5.000000000000000	nan	nan	nan
5.000000000000000	nan	nan	nan
5.000000000000000	nan	nan	nan


6.000000000000000	nan	nan	nan
6.000000000000000	nan	nan	nan
6.000000000000000	nan	nan	nan
6.000000000000000	nan	nan	nan
6.000000000000000	nan	nan	nan
6.000000000000000	nan	nan	nan
6.000000000000000	nan	nan	nan
6.000000000000000	nan	nan	nan
6.000000000000000	nan	nan	nan
6.000000000000000	nan	nan	nan
6.000000000000000	nan	nan	nan
6.000000000000000	nan	nan	nan
6.000000000000000	nan	nan	nan
6.000000000000000	nan	nan	nan
6.000000000000000	nan	nan	nan
6.000000000000000	nan	nan	nan
6.000000000000000	nan	nan	nan
6.000000000000000	nan	nan	nan
6.000000000000000	nan	nan	nan
6.000000000000000	nan	nan	nan
6.000000000000000	nan	nan	nan
6.000000000000000	nan	nan	nan
6.000000000000000	nan	nan	nan
6.000000000000000	nan	nan	nan
6.000000000000000	nan	nan	nan
6.000000000000000	nan	nan	nan
6.000000000000000	nan	nan	nan
6.000000000000000	nan	nan	nan
6.000000000000000	nan	nan	nan
6.000000000000000	nan	nan	nan
6.000000000000000	nan	nan	nan
6.000000000000000	nan	nan	nan
6.000000000000000	nan	nan	nan
6.000000000000000	nan	nan	nan
6.000000000000000	nan	nan	nan
6.000000000000000	nan	nan	nan
6.000000000000000	nan	nan	nan
6.000000000000000	nan	nan	nan
6.000000000000000	nan	nan	nan
6.000000000000000	nan	nan	nan
6.000000000000000	nan	nan	nan
6.000000000000000	nan	nan	nan
6.000000000000000	nan	nan	nan
6.000000000000000	nan	nan	nan
6.000000000000000	nan	nan	nan
6.000000000000000	nan	nan	nan
6.000000000000000	nan	nan	nan
6.000000000000000	nan	nan	nan
6.000000000000000	nan	nan	nan
6.000000000000000	nan	nan	nan
6.000000000000000	nan	nan	nan
6.000000000000000	nan	nan	nan
6.000000000000000	nan	nan	nan
6.000000000000000	nan	nan	nan
6.000000000000000	nan	nan	nan
6.000000000000000	nan	nan	nan
6.000000000000000	nan	nan	nan
6.000000000000000	nan	nan	nan
6.000000000000000	nan	nan	nan
6.000000000000000	nan	nan	nan
6.000000000000000	nan	nan	nan
6.000000000000000	nan	nan	nan
6.000000000000000	nan	nan	nan
6.000000000000000	nan	nan	nan
6.000000000000000	nan	nan	nan
6.000000000000000	nan	nan	nan
6.000000000000000	nan	nan	nan
6.000000000000000	nan	nan	nan
6.000000000000000	nan	nan	nan
6.000000000000000	nan	nan	nan
6.000000000000000	nan	nan	nan
6.000000000000000	nan	nan	nan
6.000000000000000	nan	nan	nan
6.000000000000000	nan	nan	nan
6.000000000000000	nan	nan	nan
6.000000000000000	nan	nan	nan
6.000000000000000	nan	nan	nan
6.000000000000000	nan	nan	nan
6.000000000000000	nan	nan	nan
6.000000000000000	nan	nan	nan
6.000000000000000	nan	nan	nan
6.000000000000000	nan	nan	nan
6.000000000000000	nan	nan	nan
6.000000000000000	nan	nan	nan
6.000000000000000	nan	nan	nan
6.000000000000000	nan	nan	nan
6.000000000000000	nan	nan	nan
6.000000000000000	nan	nan	nan
6.000000000000000	nan	nan	nan
6.000000000000000	nan	nan	nan
6.000000000000000	nan	nan	nan
6.000000000000000	nan	nan	nan
6.000000000000000	nan	nan	nan
6.000000000000000	nan	nan	nan
6.000000000000000	nan	nan	nan
6.000000000000000	nan	nan	nan
6.000000000000000	nan	nan	nan
6.000000000000000	nan	nan	nan
6.000000000000000	nan	nan	nan
6.000000000000000	nan	nan	nan


7.000000000000000	0.347780998903841	0.286906966006784	-0.024531310498534
7.000000000000000	0.326540633915119	0.310984581068223	-0.025179861209983
7.000000000000000	0.303805958317578	0.333661933808869	-0.025714363934460
7.000000000000000	0.279668516625789	0.354847710533065	-0.026132666418140
7.000000000000000	0.254225501798284	0.374456603595330	-0.026433084304561
7.000000000000000	0.227579363875820	0.392409654904140	-0.026614407916924
7.000000000000000	0.199837397451223	0.408634573858291	-0.026675907129039
7.000000000000000	0.171111309631930	0.423066028435639	-0.026617334305285
7.000000000000000	0.141516770234897	0.435645908262093	-0.026438925297750
7.000000000000000	0.111172946025065	0.446323558601583	-0.026141398496538
7.000000000000000	0.080202020872866	0.455055984324801	-0.025725951937069
7.000000000000000	0.048728703762891	0.461808023035414	-0.025194258476008
7.000000000000000	0.016879726634831	0.466552486656626	-0.024548459055265
7.000000000000000	-0.015216665921316	0.469270270907963	-0.023791154081176
7.000000000000000	-0.047431233060949	0.469950432231470	-0.022925392953585
7.000000000000000	-0.079634258092128	0.468590231857554	-0.021954661786990
7.000000000000000	-0.111696070798909	0.465195146833049	-0.020882869373183
7.000000000000000	-0.143487569577539	0.459778847967074	-0.019714331441933
7.000000000000000	-0.174880741283047	0.452363144783512	-0.018453753283061
7.000000000000000	-0.205749176693000	0.442977897701758	-0.017106210799899
7.000000000000000	-0.235968579512824	0.431660897799346	-0.015677130070421
7.000000000000000	-0.265417266873114	0.418457714640617	-0.014172265498339
7.000000000000000	-0.293976659303600	0.403421512784172	-0.012597676642152
7.000000000000000	-0.321531758210824	0.386612837707952	-0.010959703815442
7.000000000000000	-0.347971608936887	0.368099372013972	-0.009264942556671
7.000000000000000	-0.373189747534697	0.347955662894369	-0.007520217071272
7.000000000000000	-0.397084629460704	0.326262821956172	-0.005732552752985
7.000000000000000	-0.419560038458942	0.303108198613485	-0.003909147895075
7.000000000000000	-0.440525473989931	0.278585028362229	-0.002057344705344
7.000000000000000	-0.459896515644407	0.252792057353707	-0.000184599741657
7.000000000000000	-0.477595163074517	0.225833144778700	0.001701546112993
7.000000000000000	-0.493550150073686	0.197816844663169	0.003593498014952
7.000000000000000	-0.507697231540483	0.168855968759499	0.005483637741664
7.000000000000000	-0.519979442170964	0.139067132293395	0.007364354367561
7.000000000000000	-0.530347325837850	0.108570284395522	0.009228074910579
7.000000000000000	-0.538759134732895	0.077488225108690	0.011067294825880
7.000000000000000	-0.545180997470573	0.045946110915431	0.012874608224005
7.000000000000000	-0.549587055476198	0.014070950777006	0.014642737691781
7.000000000000000	-0.551959567109271	-0.018008905286846	0.016364563595892
7.000000000000000	-0.552288979102807	-0.050164283018140	0.018033152751128
7.000000000000000	-0.550573965030975	-0.082265704059794	0.019641786337880
7.000000000000000	-0.546821430650137	-0.114183907319268	0.021183986956451
7.000000000000000	-0.541046486091811	-0.145790369457369	0.022653544709261
7.000000000000000	-0.533272385019503	-0.176957822406369	0.024044542205910
7.000000000000000	-0.523530430994410	-0.207560765833602	0.025351378390424
7.000000000000000	-0.511859851427031	-0.237475972487004	0.026568791094725
7.000000000000000	-0.498307639622223	-0.266582984387767	0.027691878227534
7.000000000000000	-0.482928365553757	-0.294764597872106	0.028716117513352
7.000000000000000	-0.465783956130287	-0.321907335529045	0.029637384702074
7.000000000000000	-0.446943445837550	-0.347901903133898	0.030451970175888
7.000000000000000	-0.426482698760852	-0.372643629737542	0.031156593886592
7.000000000000000	-0.404484103107180	-0.396032889139382	0.031748418563196
7.000000000000000	-0.381036239456962	-0.417975501046900	0.032225061136609
7.000000000000000	-0.356233524081341	-0.438383110306453	0.032584602335415
7.000000000000000	-0.330175828761171	-0.457173542678292	0.032825594414104
7.000000000000000	-0.302968078638605	-0.474271135723220	0.032947066982633
7.000000000000000	-0.274719829720581	-0.489607043468535	0.032948530913841
7.000000000000000	-0.245544827735448	-0.503119513626459	0.032829980312993
7.000000000000000	-0.215560550119064	-0.514754136248809	0.032591892541518
7.000000000000000	-0.184887732974628	-0.524464062816652	0.032235226294839
7.000000000000000	-0.153649884911001	-0.532210194882757	0.031761417742049
7.000000000000000	-0.121972789717130	-0.537961341507244	0.031172374742962
7.000000000000000	-0.089983999875128	-0.541694344852486	0.030470469165837
7.000000000000000	-0.057812322951444	-0.543394173431553	0.029658527336699
7.000000000000000	-0.025587302934258	-0.543053982634700	0.028739818658724
7.000000000000000	0.006561301394441	-0.540675142290200	0.027718042447507
7.000000000000000	0.038504038951671	-0.536267231148521	0.026597313035219
7.000000000000000	0.070112287607280	-0.529847998312086	0.025382143203651
7.000000000000000	0.101258772099866	-0.521443291765901	0.024077426012827
7.000000000000000	0.131818076529334	-0.511086954296837	0.022688415098382
7.000000000000000	0.161667149362464	-0.498820687220677	0.021220703517027
7.000000000000000	0.190685798918000	-0.484693882465635	0.019680201225280
7.000000000000000	0.218757177336133	-0.468763423688492	0.018073111282159
7.000000000000000	0.245768251083594	-0.451093457224186	0.016405904871652
7.000000000000000	0.271610256099790	-0.431755133791166	0.014685295245546
7.000000000000000	0.296179135751295	-0.410826321992555	0.012918210691524
7.000000000000000	0.319375959831186	-0.388391294766773	0.011111766635406
7.000000000000000	0.341107322916069	-0.364540390050154	0.009273236989832
7.000000000000000	0.361285720476749	-0.339369647017964	0.007410024864787
7.000000000000000	0.379829901228088	-0.312980419368538	0.005529632757889
7.000000000000000	0.396665194299256	-0.285478967207705	0.003639632344480
7.000000000000000	0.411723809906965	-0.256976029176851	0.001747633989162
7.000000000000000	0.424945112321008	-0.227586376547493	-0.000138743898458
7.000000000000000	0.436275864022940	-0.197428351077873	-0.002011905540412
7.000000000000000	0.445670440074776	-0.166623388492471	-0.003864308375888
7.000000000000000	0.453091011834511	-0.135295529503199	-0.005688493432462
7.000000000000000	0.458507699278715	-0.103570920341234	-0.007477115360746
7.000000000000000	0.461898691318834	-0.071577304810667	-0.009222972011518
7.000000000000000	0.463250333626754	-0.039443509909294	-0.010919033436234
7.000000000000000	0.462557183615954	-0.007298927087759	-0.012558470194151
7.000000000000000	0.459822032356884	0.024727008764145	-0.014134680852075
7.000000000000000	0.455055893338310	0.056505340506098	-0.015641318565998
7.000000000000000	0.448277958119881	0.087908108012138	-0.017072316637607
7.000000000000000	0.439515519054492	0.118808863420931	-0.018421912942727
7.000000000000000	0.428803859391610	0.149083180296673	-0.019684673133371
7.000000000000000	0.416186111204084	0.178609154650438	-0.020855512519933
7.000000000000000	0.401713081710510	0.207267895804511	-0.021929716545445
7.000000000000000	0.385443048692494	0.234944005123190	-0.022902959769430
7.000000000000000	0.367441525830591	0.261526040682359	-0.023771323284923
7.000000000000000	0.347780998903842	0.286906966006784	-0.024531310498534


8.000000000000000	nan	nan	nan
8.000000000000000	nan	nan	nan
8.000000000000000	nan	nan	nan
8.000000000000000	nan	nan	nan
8.000000000000000	nan	nan	nan
8.000000000000000	nan	nan	nan
8.000000000000000	nan	nan	nan
8.000000000000000	nan	nan	nan
8.000000000000000	nan	nan	nan
8.000000000000000	nan	nan	nan
8.000000000000000	nan	nan	nan
8.000000000000000	nan	nan	nan
8.000000000000000	nan	nan	nan
8.000000000000000	nan	nan	nan
8.000000000000000	nan	nan	nan
8.000000000000000	nan	nan	nan
8.000000000000000	nan	nan	nan
8.000000000000000	nan	nan	nan
8.000000000000000	nan	nan	nan
8.000000000000000	nan	nan	nan
8.000000000000000	nan	nan	nan
8.000000000000000	nan	nan	nan
8.000000000000000	nan	nan	nan
8.000000000000000	nan	nan	nan
8.000000000000000	nan	nan	nan
8.000000000000000	nan	nan	nan
8.000000000000000	nan	nan	nan
8.000000000000000	nan	nan	nan
8.000000000000000	nan	nan	nan
8.000000000000000	nan	nan	nan
8.000000000000000	nan	nan	nan
8.000000000000000	nan	nan	nan
8.000000000000000	nan	nan	nan
8.000000000000000	nan	nan	nan
8.000000000000000	nan	nan	nan
8.000000000000000	nan	nan	nan
8.000000000000000	nan	nan	nan
8.000000000000000	nan	nan	nan
8.000000000000000	nan	nan	nan
8.000000000000000	nan	nan	nan
8.000000000000000	nan	nan	nan
8.000000000000000	nan	nan	nan
8.000000000000000	nan	nan	nan
8.000000000000000	nan	nan	nan
8.000000000000000	nan	nan	nan
8.000000000000000	nan	nan	nan
8.000000000000000	nan	nan	nan
8.000000000000000	nan	nan	nan
8.000000000000000	nan	nan	nan
8.000000000000000	nan	nan	nan
8.000000000000000	nan	nan	nan
8.000000000000000	nan	nan	nan
8.000000000000000	nan	nan	nan
8.000000000000000	nan	nan	nan
8.000000000000000	nan	nan	nan
8.000000000000000	nan	nan	nan
8.000000000000000	nan	nan	nan
8.000000000000000	nan	nan	nan
8.000000000000000	nan	nan	nan
8.000000000000000	nan	nan	nan
8.000000000000000	nan	nan	nan
8.000000000000000	nan	nan	nan
8.000000000000000	nan	nan	nan
8.000000000000000	nan	nan	nan
8.000000000000000	nan	nan	nan
8.000000000000000	nan	nan	nan
8.000000000000000	nan	nan	nan
8.000000000000000	nan	nan	nan
8.000000000000000	nan	nan	nan
8.000000000000000	nan	nan	nan
8.000000000000000	nan	nan	nan
8.000000000000000	nan	nan	nan
8.000000000000000	nan	nan	nan
8.000000000000000	nan	nan	nan
8.000000000000000	nan	nan	nan
8.000000000000000	nan	nan	nan
8.000000000000000	nan	nan	nan
8.000000000000000	nan	nan	nan
8.000000000000000	nan	nan	nan
8.000000000000000	nan	nan	nan
8.000000000000000	nan	nan	nan
8.000000000000000	nan	nan	nan
8.000000000000000	nan	nan	nan
8.000000000000000	nan	nan	nan
8.000000000000000	nan	nan	nan
8.000000000000000	nan	nan	nan
8.000000000000000	nan	nan	nan
8.000000000000000	nan	nan	nan
8.000000000000000	nan	nan	nan
8.000000000000000	nan	nan	nan
8.000000000000000	nan	nan	nan
8.000000000000000	nan	nan	nan
8.000000000000000	nan	nan	nan
8.000000000000000	nan	nan	nan
8.000000000000000	nan	nan	nan
8.000000000000000	nan	nan	nan
8.000000000000000	nan	nan	nan
8.000000000000000	nan	nan	nan
8.000000000000000	nan	nan	nan
8.000000000000000	nan	nan	nan


9.000000000000000	nan	nan	nan
9.000000000000000	nan	nan	nan
9.000000000000000	nan	nan	nan
9.000000000000000	nan	nan	nan
9.000000000000000	nan	nan	nan
9.000000000000000	nan	nan	nan
9.000000000000000	nan	nan	nan
9.000000000000000	nan	nan	nan
9.000000000000000	nan	nan	nan
9.000000000000000	nan	nan	nan
9.000000000000000	nan	nan	nan
9.000000000000000	nan	nan	nan
9.000000000000000	nan	nan	nan
9.000000000000000	nan	nan	nan
9.000000000000000	nan	nan	nan
9.000000000000000	nan	nan	nan
9.000000000000000	nan	nan	nan
9.000000000000000	nan	nan	nan
9.000000000000000	nan	nan	nan
9.000000000000000	nan	nan	nan
9.000000000000000	nan	nan	nan
9.000000000000000	nan	nan	nan
9.000000000000000	nan	nan	nan
9.000000000000000	nan	nan	nan
9.000000000000000	nan	nan	nan
9.000000000000000	nan	nan	nan
9.000000000000000	nan	nan	nan
9.000000000000000	nan	nan	nan
9.000000000000000	nan	nan	nan
9.000000000000000	nan	nan	nan
9.000000000000000	nan	nan	nan
9.000000000000000	nan	nan	nan
9.000000000000000	nan	nan	nan
9.000000000000000	nan	nan	nan
9.000000000000000	nan	nan	nan
9.000000000000000	nan	nan	nan
9.000000000000000	nan	nan	nan
9.000000000000000	nan	nan	nan
9.000000000000000	nan	nan	nan
9.000000000000000	nan	nan	nan
9.000000000000000	nan	nan	nan
9.000000000000000	nan	nan	nan
9.000000000000000	nan	nan	nan
9.000000000000000	nan	nan	nan
9.000000000000000	nan	nan	nan
9.000000000000000	nan	nan	nan
9.000000000000000	nan	nan	nan
9.000000000000000	nan	nan	nan
9.000000000000000	nan	nan	nan
9.000000000000000	nan	nan	nan
9.000000000000000	nan	nan	nan
9.000000000000000	nan	nan	nan
9.000000000000000	nan	nan	nan
9.000000000000000	nan	nan	nan
9.000000000000000	nan	nan	nan
9.000000000000000	nan	nan	nan
9.000000000000000	nan	nan	nan
9.000000000000000	nan	nan	nan
9.000000000000000	nan	nan	nan
9.000000000000000	nan	nan	nan
9.000000000000000	nan	nan	nan
9.000000000000000	nan	nan	nan
9.000000000000000	nan	nan	nan
9.000000000000000	nan	nan	nan
9.000000000000000	nan	nan	nan
9.000000000000000	nan	nan	nan
9.000000000000000	nan	nan	nan
9.000000000000000	nan	nan	nan
9.000000000000000	nan	nan	nan
9.000000000000000	nan	nan	nan
9.000000000000000	nan	nan	nan
9.000000000000000	nan	nan	nan
9.000000000000000	nan	nan	nan
9.000000000000000	nan	nan	nan
9.000000000000000	nan	nan	nan
9.000000000000000	nan	nan	nan
9.000000000000000	nan	nan	nan
9.000000000000000	nan	nan	nan
9.000000000000000	nan	nan	nan
9.000000000000000	nan	nan	nan
9.000000000000000	nan	nan	nan
9.000000000000000	nan	nan	nan
9.000000000000000	nan	nan	nan
9.000000000000000	nan	nan	nan
9.000000000000000	nan	nan	nan
9.000000000000000	nan	nan	nan
9.000000000000000	nan	nan	nan
9.000000000000000	nan	nan	nan
9.000000000000000	nan	nan	nan
9.000000000000000	nan	nan	nan
9.000000000000000	nan	nan	nan
9.000000000000000	nan	nan	nan
9.000000000000000	nan	nan	nan
9.000000000000000	nan	nan	nan
9.000000000000000	nan	nan	nan
9.000000000000000	nan	nan	nan
9.000000000000000	nan	nan	nan
9.000000000000000	nan	nan	nan
9.000000000000000	nan	nan	nan
9.000000000000000	nan	nan	nan


10.000000000000000	0.019391661796306	-1.155624013136041	-0.067387191388764
10.000000000000000	0.100475369050479	-1.151550643456828	-0.069417531453168
10.000000000000000	0.181145831849137	-1.142323968812714	-0.071138238114956
10.000000000000000	0.261078218710729	-1.127981141765995	-0.072542382695714
10.000000000000000	0.339950670125001	-1.108579915818975	-0.073624311200798
10.000000000000000	0.417445594567647	-1.084198412861001	-0.074379667085979
10.000000000000000	0.493250947329288	-1.054934808599187	-0.074805408799706
10.000000000000000	0.567061487009380	-1.020906937239486	-0.074899822030359
10.000000000000000	0.638580004615601	-0.982251817009940	-0.074662526609182
10.000000000000000	0.707518520319565	-0.939125098436629	-0.074094478041084
10.000000000000000	0.773599443049953	-0.891700437593942	-0.073197963657159
10.000000000000000	0.836556688253779	-0.840168796852852	-0.071976593404412
10.000000000000000	0.896136749324974	-0.784737675942854	-0.070435285309776
10.000000000000000	0.952099718386017	-0.725630276423783	-0.068580245676954
10.000000000000000	1.004220252312280	-0.663084602931913	-0.066418944095821
10.000000000000000	1.052288480109258	-0.597352504819292	-0.063960083365027
10.000000000000000	1.096110847988996	-0.528698662045283	-0.061213564448895
10.000000000000000	1.135510898742874	-0.457399519403793	-0.058190446609735
10.000000000000000	1.170329982272507	-0.383742173377649	-0.054902902876093
10.000000000000000	1.200427894417701	-0.308023216102399	-0.051364171026266
10.000000000000000	1.225683441509117	-0.230547541094455	-0.047588500284442
10.000000000000000	1.245994928372407	-0.151627115552518	-0.043591093944097
10.000000000000000	1.261280567818784	-0.071579724175772	-0.039388048149705
10.000000000000000	1.271478809973169	0.009272310442936	-0.034996287083241
10.000000000000000	1.276548590113813	0.090603425696419	-0.030433494816474
10.000000000000000	1.276469494025436	0.172086129888860	-0.025718044103454
10.000000000000000	1.271241840200070	0.253392320929291	-0.020868922399913
10.000000000000000	1.260886678554601	0.334194607482904	-0.015905655407485
10.000000000000000	1.245445705670187	0.414167627260411	-0.010848228450593
10.000000000000000	1.224981096894838	0.492989357137148	-0.005717006002605
10.000000000000000	1.199575255985235	0.570342409826540	-0.000532649685287
10.000000000000000	1.169330483295889	0.645915311886684	0.004683964928257
10.000000000000000	1.134368563851716	0.719403757913968	0.009911832372152
10.000000000000000	1.094830276962725	0.790511835873531	0.015129901869342
10.000000000000000	1.050874829355426	0.858953218632582	0.020317162095650
10.000000000000000	1.002679214103533	0.924452316898710	0.025452725784953
10.000000000000000	0.950437497939324	0.986745388920694	0.030515913834840
10.000000000000000	0.894360039815402	1.045581602483457	0.035486338574056
10.000000000000000	0.834672643863444	1.100724044920853	0.040343985856456
10.000000000000000	0.771615650160654	1.151950677079370	0.045069295650910
10.000000000000000	0.705442966965100	1.199055227391426	0.049643240802644
10.000000000000000	0.636421048316775	1.241848022458172	0.054047403648879
10.000000000000000	0.564827821121218	1.280156750797323	0.058264050180253
10.000000000000000	0.490951566035963	1.313827156680687	0.062276201449424
10.000000000000000	0.415089756666075	1.342723661267530	0.066067701939295
10.000000000000000	0.337547861742933	1.366729908532721	0.069623284615579
10.000000000000000	0.258638115109464	1.385749233791381	0.072928632401761
10.000000000000000	0.178678258464657	1.399705052933443	0.075970435828907
10.000000000000000	0.097990261929889	1.408541170800843	0.078736446628202
10.000000000000000	0.016899027588879	1.412222007465582	0.081215527050402
10.000000000000000	-0.064268918778329	1.410732741497538	0.083397694713624
10.000000000000000	-0.145186742499432	1.404079369645138	0.085274162798871
10.000000000000000	-0.225528616057750	1.392288682688566	0.086837375431450
10.000000000000000	-0.304971031084625	1.375408157562746	0.088081038105817
10.000000000000000	-0.383194101013451	1.353505766184483	0.089000143031325
10.000000000000000	-0.459882849149968	1.326669701753546	0.089590989296832
10.000000000000000	-0.534728476972247	1.295008023629776	0.089851197772961
10.000000000000000	-0.607429607553345	1.258648222216185	0.089779720692018
10.000000000000000	-0.677693499099823	1.217736705600101	0.089376845866981
10.000000000000000	-0.745237223719627	1.172438210019471	0.088644195532578
10.000000000000000	-0.809788806672849	1.122935136528178	0.087584719813122
10.000000000000000	-0.871088321518016	1.069426816531369	0.086202684843398
10.000000000000000	-0.928888936744127	1.012128709148243	0.084503655590451
10.000000000000000	-0.982957909674035	0.951271533634222	0.082494473445418
10.000000000000000	-1.033077523637057	0.887100340355941	0.080183228675671
10.000000000000000	-1.079045964637170	0.819873524059907	0.077579227848158
10.000000000000000	-1.120678133986742	0.749861783408060	0.074692956355144
10.000000000000000	-1.157806393633615	0.677347030969796	0.071536036193242
10.000000000000000	-1.190281241180381	0.602621258059556	0.068121179165727
10.000000000000000	-1.217971911877763	0.525985358990851	0.064462135696597
10.000000000000000	-1.240766905168114	0.447747919481069	0.060573639462465
10.000000000000000	-1.258574433658802	0.368223974085699	0.056471348065246
10.000000000000000	-1.271322792717653	0.287733737665367	0.052171779984519
10.000000000000000	-1.278960649202191	0.206601315993611	0.047692248063438
10.000000000000000	-1.281457248160086	0.125153400697318	0.043050789796026
10.000000000000000	-1.278802536668493	0.043717953784856	0.038266094696554
10.000000000000000	-1.271007204313626	-0.037377112941195	0.033357429043458
10.000000000000000	-1.258102640147564	-0.117805258269126	0.028344558300841
10.000000000000000	-1.240140806295618	-0.197242626444317	0.023247667529920
10.000000000000000	-1.217194028723191	-0.275369351222047	0.018087280110916
10.000000000000000	-1.189354706004647	-0.351870843855979	0.012884175102637
10.000000000000000	-1.156734937266858	-0.426439059836001	0.007659303572548
10.000000000000000	-1.119466070805585	-0.498773739274748	0.002433704234217
10.000000000000000	-1.077698175192256	-0.568583615948195	-0.002771581268166
10.000000000000000	-1.031599435000786	-0.635587590121938	-0.007935593087055
10.000000000000000	-0.981355473587661	-0.699515860440617	-0.013037537569461
10.000000000000000	-0.927168605652202	-0.760111010322741	-0.018056870985652
10.000000000000000	-0.869257022586667	-0.817129044486415	-0.022973382251505
10.000000000000000	-0.807853913896527	-0.870340371432224	-0.027767274311404
10.000000000000000	-0.743206528228633	-0.919530727927162	-0.032419243853997
10.000000000000000	-0.675575177788179	-0.964502041767053	-0.036910559039821
10.000000000000000	-0.605232190153323	-1.005073229343410	-0.041223134927804
10.000000000000000	-0.532460811708154	-1.041080924803211	-0.045339606296942
10.000000000000000	-0.457554067109462	-1.072380137865531	-0.049243397569914
10.000000000000000	-0.380813579379882	-1.098844837646229	-0.052918789557082
10.000000000000000	-0.302548355378421	-1.120368460139840	-0.056350982752122
10.000000000000000	-0.223073541538910	-1.136864337315211	-0.059526156924408
10.000000000000000	-0.142709154886542	-1.148266046097074	-0.062431526768205
10.000000000000000	-0.061778794442256	-1.154527675828325	-0.065055393384586
10.000000000000000	0.019391661796306	-1.155624013136041	-0.067387191388764


11.000000000000000	nan	nan	nan
11.000000000000000	nan	nan	nan
11.000000000000000	nan	nan	nan
11.000000000000000	nan	nan	nan
11.000000000000000	nan	nan	nan
11.000000000000000	nan	nan	nan
11.000000000000000	nan	nan	nan
11.000000000000000	nan	nan	nan
11.000000000000000	nan	nan	nan
11.000000000000000	nan	nan	nan
11.000000000000000	nan	nan	nan
11.000000000000000	nan	nan	nan
11.000000000000000	nan	nan	nan
11.000000000000000	nan	nan	nan
11.000000000000000	nan	nan	nan
11.000000000000000	nan	nan	nan
11.000000000000000	nan	nan	nan
11.000000000000000	nan	nan	nan
11.000000000000000	nan	nan	nan
11.000000000000000	nan	nan	nan
11.000000000000000	nan	nan	nan
11.000000000000000	nan	nan	nan
11.000000000000000	nan	nan	nan
11.000000000000000	nan	nan	nan
11.000000000000000	nan	nan	nan
11.000000000000000	nan	nan	nan
11.000000000000000	nan	nan	nan
11.000000000000000	nan	nan	nan
11.000000000000000	nan	nan	nan
11.000000000000000	nan	nan	nan
11.000000000000000	nan	nan	nan
11.000000000000000	nan	nan	nan
11.000000000000000	nan	nan	nan
11.000000000000000	nan	nan	nan
11.000000000000000	nan	nan	nan
11.000000000000000	nan	nan	nan
11.000000000000000	nan	nan	nan
11.000000000000000	nan	nan	nan
11.000000000000000	nan	nan	nan
11.000000000000000	nan	nan	nan
11.000000000000000	nan	nan	nan
11.000000000000000	nan	nan	nan
11.000000000000000	nan	nan	nan
11.000000000000000	nan	nan	nan
11.000000000000000	nan	nan	nan
11.000000000000000	nan	nan	nan
11.000000000000000	nan	nan	nan
11.000000000000000	nan	nan	nan
11.000000000000000	nan	nan	nan
11.000000000000000	nan	nan	nan
11.000000000000000	nan	nan	nan
11.000000000000000	nan	nan	nan
11.000000000000000	nan	nan	nan
11.000000000000000	nan	nan	nan
11.000000000000000	nan	nan	nan
11.000000000000000	nan	nan	nan
11.000000000000000	nan	nan	nan
11.000000000000000	nan	nan	nan
11.000000000000000	nan	nan	nan
11.000000000000000	nan	nan	nan
11.000000000000000	nan	nan	nan
11.000000000000000	nan	nan	nan
11.000000000000000	nan	nan	nan
11.000000000000000	nan	nan	nan
11.000000000000000	nan	nan	nan
11.000000000000000	nan	nan	nan
11.000000000000000	nan	nan	nan
11.000000000000000	nan	nan	nan
11.000000000000000	nan	nan	nan
11.000000000000000	nan	nan	nan
11.000000000000000	nan	nan	nan
11.000000000000000	nan	nan	nan
11.000000000000000	nan	nan	nan
11.000000000000000	nan	nan	nan
11.000000000000000	nan	nan	nan
11.000000000000000	nan	nan	nan
11.000000000000000	nan	nan	nan
11.000000000000000	nan	nan	nan
11.000000000000000	nan	nan	nan
11.000000000000000	nan	nan	nan
11.000000000000000	nan	nan	nan
11.000000000000000	nan	nan	nan
11.000000000000000	nan	nan	nan
11.000000000000000	nan	nan	nan
11.000000000000000	nan	nan	nan
11.000000000000000	nan	nan	nan
11.000000000000000	nan	nan	nan
11.000000000000000	nan	nan	nan
11.000000000000000	nan	nan	nan
11.000000000000000	nan	nan	nan
11.000000000000000	nan	nan	nan
11.000000000000000	nan	nan	nan
11.000000000000000	nan	nan	nan
11.000000000000000	nan	nan	nan
11.000000000000000	nan	nan	nan
11.000000000000000	nan	nan	nan
11.000000000000000	nan	nan	nan
11.000000000000000	nan	nan	nan
11.000000000000000	nan	nan	nan
11.000000000000000	nan	nan	nan


12.000000000000000	nan	nan	nan
12.000000000000000	nan	nan	nan
12.000000000000000	nan	nan	nan
12.000000000000000	nan	nan	nan
12.000000000000000	nan	nan	nan
12.000000000000000	nan	nan	nan
12.000000000000000	nan	nan	nan
12.000000000000000	nan	nan	nan
12.000000000000000	nan	nan	nan
12.000000000000000	nan	nan	nan
12.000000000000000	nan	nan	nan
12.000000000000000	nan	nan	nan
12.000000000000000	nan	nan	nan
12.000000000000000	nan	nan	nan
12.000000000000000	nan	nan	nan
12.000000000000000	nan	nan	nan
12.000000000000000	nan	nan	nan
12.000000000000000	nan	nan	nan
12.000000000000000	nan	nan	nan
12.000000000000000	nan	nan	nan
12.000000000000000	nan	nan	nan
12.000000000000000	nan	nan	nan
12.000000000000000	nan	nan	nan
12.000000000000000	nan	nan	nan
12.000000000000000	nan	nan	nan
12.000000000000000	nan	nan	nan
12.000000000000000	nan	nan	nan
12.000000000000000	nan	nan	nan
12.000000000000000	nan	nan	nan
12.000000000000000	nan	nan	nan
12.000000000000000	nan	nan	nan
12.000000000000000	nan	nan	nan
12.000000000000000	nan	nan	nan
12.000000000000000	nan	nan	nan
12.000000000000000	nan	nan	nan
12.000000000000000	nan	nan	nan
12.000000000000000	nan	nan	nan
12.000000000000000	nan	nan	nan
12.000000000000000	nan	nan	nan
12.000000000000000	nan	nan	nan
12.000000000000000	nan	nan	nan
12.000000000000000	nan	nan	nan
12.000000000000000	nan	nan	nan
12.000000000000000	nan	nan	nan
12.000000000000000	nan	nan	nan
12.000000000000000	nan	nan	nan
12.000000000000000	nan	nan	nan
12.000000000000000	nan	nan	nan
12.000000000000000	nan	nan	nan
12.000000000000000	nan	nan	nan
12.000000000000000	nan	nan	nan
12.000000000000000	nan	nan	nan
12.000000000000000	nan	nan	nan
12.000000000000000	nan	nan	nan
12.000000000000000	nan	nan	nan
12.000000000000000	nan	nan	nan
12.000000000000000	nan	nan	nan
12.000000000000000	nan	nan	nan
12.000000000000000	nan	nan	nan
12.000000000000000	nan	nan	nan
12.000000000000000	nan	nan	nan
12.000000000000000	nan	nan	nan
12.000000000000000	nan	nan	nan
12.000000000000000	nan	nan	nan
12.000000000000000	nan	nan	nan
12.000000000000000	nan	nan	nan
12.000000000000000	nan	nan	nan
12.000000000000000	nan	nan	nan
12.000000000000000	nan	nan	nan
12.000000000000000	nan	nan	nan
12.000000000000000	nan	nan	nan
12.000000000000000	nan	nan	nan
12.000000000000000	nan	nan	nan
12.000000000000000	nan	nan	nan
12.000000000000000	nan	nan	nan
12.000000000000000	nan	nan	nan
12.000000000000000	nan	nan	nan
12.000000000000000	nan	nan	nan
12.000000000000000	nan	nan	nan
12.000000000000000	nan	nan	nan
12.000000000000000	nan	nan	nan
12.000000000000000	nan	nan	nan
12.000000000000000	nan	nan	nan
12.000000000000000	nan	nan	nan
12.000000000000000	nan	nan	nan
12.000000000000000	nan	nan	nan
12.000000000000000	nan	nan	nan
12.000000000000000	nan	nan	nan
12.000000000000000	nan	nan	nan
12.000000000000000	nan	nan	nan
12.000000000000000	nan	nan	nan
12.000000000000000	nan	nan	nan
12.000000000000000	nan	nan	nan
12.000000000000000	nan	nan	nan
12.000000000000000	nan	nan	nan
12.000000000000000	nan	nan	nan
12.000000000000000	nan	nan	nan
12.000000000000000	nan	nan	nan
12.000000000000000	nan	nan	nan
12.000000000000000	nan	nan	nan


13.000000000000000	0.039461059677321	0.456441485165516	-0.000677139693958
13.000000000000000	0.003221998363257	0.458391225143750	0.000772669313105
13.000000000000000	-0.033074586544585	0.457979883745278	0.002220131513503
13.000000000000000	-0.069282541509434	0.455209117296732	0.003659418487828
13.000000000000000	-0.105256069876018	0.450090082696674	0.005084734735421
13.000000000000000	-0.140850318942239	0.442643392490709	0.006490341010810
13.000000000000000	-0.175921963229874	0.432899031872031	0.007870577433625
13.000000000000000	-0.210329781605697	0.420896237941643	0.009219886278936
13.000000000000000	-0.243935225929131	0.406683341714389	0.010532834356253
13.000000000000000	-0.276602978936720	0.390317573507025	0.011804134887066
13.000000000000000	-0.308201499116982	0.371864832491924	0.013028668792835
13.000000000000000	-0.338603550381651	0.351399421344375	0.014201505307712
13.000000000000000	-0.367686714400499	0.329003747051930	0.015317921832999
13.000000000000000	-0.395333883536744	0.304767989090550	0.016373422953379
13.000000000000000	-0.421433732398170	0.278789736303687	0.017363758538374
13.000000000000000	-0.445881166105191	0.251173593946451	0.018284940856115
13.000000000000000	-0.468577743470838	0.222030762477169	0.019133260630535
13.000000000000000	-0.489432073388677	0.191478589792386	0.019905301977311
13.000000000000000	-0.508360182832532	0.159640098708307	0.020597956158427
13.000000000000000	-0.525285854986232	0.126643491591328	0.021208434099963
13.000000000000000	-0.540140936141825	0.092621634132364	0.021734277622714
13.000000000000000	-0.552865610130506	0.057711520343598	0.022173369340406
13.000000000000000	-0.563408639181216	0.022053720931952	0.022523941185667
13.000000000000000	-0.571727570237064	-0.014208182729542	0.022784581529408
13.000000000000000	-0.577788905898804	-0.050928176753253	0.022954240864957
13.000000000000000	-0.581568239307036	-0.087958402683339	0.023032236034048
13.000000000000000	-0.583050352420018	-0.125149752869569	0.023018252977665
13.000000000000000	-0.582229277291346	-0.162352470871196	0.022912348000640
13.000000000000000	-0.579108320100770	-0.199416754473297	0.022714947544938
13.000000000000000	-0.573700047841375	-0.236193358887414	0.022426846472521
13.000000000000000	-0.566026237716731	-0.272534197707643	0.022049204864725
13.000000000000000	-0.556117789451789	-0.308292939202330	0.021583543351018
13.000000000000000	-0.544014600870587	-0.343325595540299	0.021031736985965
13.000000000000000	-0.529765407241794	-0.377491102579035	0.020396007699039
13.000000000000000	-0.513427585038991	-0.410651887880197	0.019678915347704
13.000000000000000	-0.495066920905856	-0.442674424665269	0.018883347409764
13.000000000000000	-0.474757346756570	-0.473429769480772	0.018012507356515
13.000000000000000	-0.452580642078096	-0.502794081408041	0.017069901753494
13.000000000000000	-0.428626104633044	-0.530649120726897	0.016059326140777
13.000000000000000	-0.402990190889100	-0.556882725025265	0.014984849749680
13.000000000000000	-0.375776127622875	-0.581389260837623	0.013850799117401
13.000000000000000	-0.347093496262109	-0.604070048993683	0.012661740665579
13.000000000000000	-0.317057791639935	-0.624833761964584	0.011422462312930
13.000000000000000	-0.285789956937951	-0.643596791606615	0.010137954195984
13.000000000000000	-0.253415896690715	-0.660283585821701	0.008813388575569
13.000000000000000	-0.220065969812621	-0.674826952779040	0.007454099009940
13.000000000000000	-0.185874464688557	-0.687168331472884	0.006065558878427
13.000000000000000	-0.150979058441978	-0.697258027527046	0.004653359342061
13.000000000000000	-0.115520262557725	-0.705055413296611	0.003223186829950
13.000000000000000	-0.079640857091861	-0.710529091461124	0.001780800142028
13.000000000000000	-0.043485315746786	-0.713657021450517	0.000332007260406
13.000000000000000	-0.007199224126622	-0.714426608194706	-0.001117358037322
13.000000000000000	0.029071306484625	-0.712834752839493	-0.002561459668650
13.000000000000000	0.065180227461643	-0.708887865224559	-0.003994482745992
13.000000000000000	0.100982140924074	-0.702601838073299	-0.005410656991194
13.000000000000000	0.136332885202469	-0.694001982998436	-0.006804279970400
13.000000000000000	0.171090115326444	-0.683122928581093	-0.008169740055743
13.000000000000000	0.205113876197635	-0.670008480933714	-0.009501539021390
13.000000000000000	0.238267166139491	-0.654711447308311	-0.010794314182957
13.000000000000000	0.270416488554661	-0.637293423460302	-0.012042859991145
13.000000000000000	0.301432389468684	-0.617824545624140	-0.013242148992651
13.000000000000000	0.331189978795447	-0.596383208099452	-0.014387352073947
13.000000000000000	0.359569433225488	-0.573055747584862	-0.015473857906417
13.000000000000000	0.386456478712167	-0.547936095530583	-0.016497291514550
13.000000000000000	0.411742850612926	-0.521125399909611	-0.017453531892420
13.000000000000000	0.435326729632787	-0.492731617930544	-0.018338728597524
13.000000000000000	0.457113151814720	-0.462869081332003	-0.019149317255156
13.000000000000000	0.477014390925982	-0.431658036009075	-0.019882033910883
13.000000000000000	0.494950311700688	-0.399224157825532	-0.020533928173341
13.000000000000000	0.510848692516251	-0.365698046561483	-0.021102375094417
13.000000000000000	0.524645516204362	-0.331214700034155	-0.021585085738989
13.000000000000000	0.536285227825530	-0.295912970509333	-0.021980116401661
13.000000000000000	0.545720958369222	-0.259935005592288	-0.022285876433379
13.000000000000000	0.552914713478819	-0.223425675849542	-0.022501134646411
13.000000000000000	0.557837526441488	-0.186531991466228	-0.022625024271907
13.000000000000000	0.560469574826902	-0.149402510287963	-0.022657046450071
13.000000000000000	0.560800260305180	-0.112186739630831	-0.022597072238893
13.000000000000000	0.558828251322613	-0.075034534268196	-0.022445343133356
13.000000000000000	0.554561488463367	-0.038095493018412	-0.022202470093014
13.000000000000000	0.548017152475547	-0.001518356363189	-0.021869431081880
13.000000000000000	0.539221595090395	0.034549592477836	-0.021447567130510
13.000000000000000	0.528210232913163	0.069963120604638	-0.020938576936139
13.000000000000000	0.515027404812947	0.104579630238433	-0.020344510022637
13.000000000000000	0.499726193385710	0.138259732912608	-0.019667758487792
13.000000000000000	0.482368211209402	0.170867810740877	-0.018911047371179
13.000000000000000	0.463023352751854	0.202272562502644	-0.018077423681388
13.000000000000000	0.441769512930430	0.232347532346674	-0.017170244126796
13.000000000000000	0.418692273456679	0.260971618984178	-0.016193161599287
13.000000000000000	0.393884558228994	0.288029563320962	-0.015150110465342
13.000000000000000	0.367446259160868	0.313412412565114	-0.014045290723740
13.000000000000000	0.339483833951416	0.337017958941445	-0.012883151093641
13.000000000000000	0.310109877417793	0.358751151246128	-0.011668371101166
13.000000000000000	0.279442668115604	0.378524477584349	-0.010405842236595
13.000000000000000	0.247605692072909	0.396258317749814	-0.009100648258064
13.000000000000000	0.214727145555570	0.411881263827227	-0.007758044721065
13.000000000000000	0.180939418866134	0.425330407726754	-0.006383437816178
13.000000000000000	0.146378563254811	0.436551594492704	-0.004982362600249
13.000000000000000	0.111183743089111	0.445499640366418	-0.003560460708673
13.000000000000000	0.075496675488047	0.452138514725320	-0.002123457638515
13.000000000000000	0.039461059677321	0.456441485165516	-0.000677139693958


14.000000000000000	0.618916475266821	-0.912058037465427	0.003462908322470
14.000000000000000	0.678253465965100	-0.868973757284563	0.004391079404344
14.000000000000000	0.734735595375873	-0.822208028623015	0.005300876629798
14.000000000000000	0.788135429899019	-0.771949160564430	0.006188636566511
14.000000000000000	0.838237947248050	-0.718399527831926	0.007050784518547
14.000000000000000	0.884841402268975	-0.661774755896507	0.007883848920393
14.000000000000000	0.927758139296822	-0.602302852729398	0.008684475315728
14.000000000000000	0.966815347778777	-0.540223290694413	0.009449439864634
14.000000000000000	1.001855758121279	-0.475786042277275	0.010175662324862
14.000000000000000	1.032738274959175	-0.409250573534632	0.010860218454881
14.000000000000000	1.059338545296950	-0.340884799315833	0.011500351788764
14.000000000000000	1.081549459234354	-0.270964004464382	0.012093484735507
14.000000000000000	1.099281581260164	-0.199769735343038	0.012637228958077
14.000000000000000	1.112463510377424	-0.127588666145979	0.013129394990399
14.000000000000000	1.121042167610059	-0.054711444563002	0.013568001053570
14.000000000000000	1.124983009733177	0.018568478556138	0.013951281035775
14.000000000000000	1.124270168366444	0.091956030824734	0.014277691603802
14.000000000000000	1.118906513870450	0.165155706471480	0.014545918417500
14.000000000000000	1.108913643788782	0.237872756237914	0.014754881422157
14.000000000000000	1.094331795882338	0.309814374229658	0.014903739197507
14.000000000000000	1.075219686106066	0.380690876942403	0.014991892345826
14.000000000000000	1.051654272180533	0.450216869715147	0.015018985905500
14.000000000000000	1.023730443710352	0.518112395913759	0.014984910780325
14.000000000000000	0.991560640097232	0.584104064217541	0.014889804178805
14.000000000000000	0.955274397786190	0.647926149469580	0.014734049061657
14.000000000000000	0.915017828668010	0.709321662658175	0.014518272599764
14.000000000000000	0.870953031738226	0.768043385720878	0.014243343648782
14.000000000000000	0.823257440381678	0.823854867004383	0.013910369250562
14.000000000000000	0.772123107910898	0.876531373371875	0.013520690175483
14.000000000000000	0.717755934235201	0.925860795124057	0.013075875523647
14.000000000000000	0.660374836774424	0.971644500090045	0.012577716406663
14.000000000000000	0.600210868955740	1.013698133449014	0.012028218735471
14.000000000000000	0.537506289843060	1.051852360061997	0.011429595143252
14.000000000000000	0.472513588645277	1.085953546324718	0.010784256075932
14.000000000000000	0.405494468031348	1.115864378795899	0.010094800086166
14.000000000000000	0.336718790346003	1.141464417110020	0.009364003369886
14.000000000000000	0.266463490969334	1.162650578948165	0.008594808587538
14.000000000000000	0.195011463195761	1.179337555114135	0.007790313015028
14.000000000000000	0.122650419122581	1.191458153044474	0.006953756072085
14.000000000000000	0.049671731134895	1.198963567369207	0.006088506278261
14.000000000000000	-0.023630741348141	1.201823576433835	0.005198047689090
14.000000000000000	-0.096961835141491	1.200026663991280	0.004285965867030
14.000000000000000	-0.170026271812200	1.193580065573737	0.003355933443664
14.000000000000000	-0.242529846661435	1.182509739357748	0.002411695331313
14.000000000000000	-0.314180613382961	1.166860261639781	0.001457053643591
14.000000000000000	-0.384690059627883	1.146694647343221	0.000495852385640
14.000000000000000	-0.453774268742042	1.122094096279514	-0.000468038024323
14.000000000000000	-0.521155062998177	1.093157666185179	-0.001430736339818
14.000000000000000	-0.586561123719449	1.060001873851276	-0.002388366114506
14.000000000000000	-0.649729083783996	1.022760225951403	-0.003337071311274
14.000000000000000	-0.710404588111376	0.981582681457444	-0.004273031829134
14.000000000000000	-0.768343317860702	0.936635047807720	-0.005192478885421
14.000000000000000	-0.823311974216390	0.888098313258949	-0.006091710191355
14.000000000000000	-0.875089217800138	0.836167918110423	-0.006967104859843
14.000000000000000	-0.923466559926491	0.781052967734895	-0.007815137985520
14.000000000000000	-0.968249202113187	0.722975390585049	-0.008632394838298
14.000000000000000	-1.009256820465895	0.662169044565948	-0.009415584613276
14.000000000000000	-1.046324291778892	0.598878775371790	-0.010161553681653
14.000000000000000	-1.079302358427934	0.533359430578714	-0.010867298289275
14.000000000000000	-1.108058229378027	0.465874833463558	-0.011529976651695
14.000000000000000	-1.132476114886062	0.396696720680636	-0.012146920397036
14.000000000000000	-1.152457692745238	0.326103648074141	-0.012715645310582
14.000000000000000	-1.167922504193890	0.254379869032074	-0.013233861337834
14.000000000000000	-1.178808277894522	0.181814189898177	-0.013699481805751
14.000000000000000	-1.185071180678508	0.108698807050717	-0.014110631825048
14.000000000000000	-1.186685994046790	0.035328130330803	-0.014465655839708
14.000000000000000	-1.183646215715872	-0.038002402442138	-0.014763124293329
14.000000000000000	-1.175964085800222	-0.110997515094182	-0.015001839385438
14.000000000000000	-1.163670537525650	-0.183363282069851	-0.015180839894612
14.000000000000000	-1.146815072672127	-0.254808311966581	-0.015299405048976
14.000000000000000	-1.125465562247585	-0.325044920865056	-0.015357057428502
14.000000000000000	-1.099707973195329	-0.393790290730813	-0.015353564887405
14.000000000000000	-1.069646022235492	-0.460767608222655	-0.015288941488916
14.000000000000000	-1.035400758234410	-0.525707179322268	-0.015163447448652
14.000000000000000	-0.997110074783562	-0.588347515296851	-0.014977588086820
14.000000000000000	-0.954928154950749	-0.648436385621951	-0.014732111793472
14.000000000000000	-0.909024850439289	-0.705731833624761	-0.014428007015004
14.000000000000000	-0.859584997655167	-0.760003150758244	-0.014066498274025
14.000000000000000	-0.806807673436055	-0.811031805583029	-0.013649041238644
14.000000000000000	-0.750905393439156	-0.858612323716380	-0.013177316861003
14.000000000000000	-0.692103256415657	-0.902553115205023	-0.012653224608679
14.000000000000000	-0.630638037817502	-0.942677245990261	-0.012078874816196
14.000000000000000	-0.566757236386221	-0.978823150358984	-0.011456580187456
14.000000000000000	-0.500718077562848	-1.010845281511770	-0.010788846483293
14.000000000000000	-0.432786477731854	-1.038614697628480	-0.010078362431663
14.000000000000000	-0.363235973469722	-1.062019581071453	-0.009327988901079
14.000000000000000	-0.292346620109701	-1.080965688635673	-0.008540747380911
14.000000000000000	-0.220403864057816	-1.095376731032889	-0.007719807814907
14.000000000000000	-0.147697393400940	-1.105194680081655	-0.006868475836954
14.000000000000000	-0.074519971435110	-1.110380002366335	-0.005990179460456
14.000000000000000	-0.001166257811072	-1.110911818424216	-0.005088455274931
14.000000000000000	0.072068377956149	-1.106787986819735	-0.004166934205417
14.000000000000000	0.144889045836027	-1.098025112767282	-0.003229326892015
14.000000000000000	0.217002522700610	-1.084658481267865	-0.002279408748453
14.000000000000000	0.288118433030566	-1.066741915028862	-0.001321004759829
14.000000000000000	0.357950418154915	-1.044347557738977	-0.000357974080741
14.000000000000000	0.426217289316325	-1.017565583571067	0.000605805504161
14.000000000000000	0.492644159918994	-0.986503834082577	0.001566453194649
14.000000000000000	0.556963552399957	-0.951287383975646	0.002520100801529
14.000000000000000	0.618916475266821	-0.912058037465427	0.003462908322470


15.000000000000000	nan	nan	nan
15.000000000000000	nan	nan	nan
15.000000000000000	nan	nan	nan
15.000000000000000	nan	nan	nan
15.000000000000000	nan	nan	nan
15.000000000000000	nan	nan	nan
15.000000000000000	nan	nan	nan
15.000000000000000	nan	nan	nan
15.000000000000000	nan	nan	nan
15.000000000000000	nan	nan	nan
15.000000000000000	nan	nan	nan
15.000000000000000	nan	nan	nan
15.000000000000000	nan	nan	nan
15.000000000000000	nan	nan	nan
15.000000000000000	nan	nan	nan
15.000000000000000	nan	nan	nan
15.000000000000000	nan	nan	nan
15.000000000000000	nan	nan	nan
15.000000000000000	nan	nan	nan
15.000000000000000	nan	nan	nan
15.000000000000000	nan	nan	nan
15.000000000000000	nan	nan	nan
15.000000000000000	nan	nan	nan
15.000000000000000	nan	nan	nan
15.000000000000000	nan	nan	nan
15.000000000000000	nan	nan	nan
15.000000000000000	nan	nan	nan
15.000000000000000	nan	nan	nan
15.000000000000000	nan	nan	nan
15.000000000000000	nan	nan	nan
15.000000000000000	nan	nan	nan
15.000000000000000	nan	nan	nan
15.000000000000000	nan	nan	nan
15.000000000000000	nan	nan	nan
15.000000000000000	nan	nan	nan
15.000000000000000	nan	nan	nan
15.000000000000000	nan	nan	nan
15.000000000000000	nan	nan	nan
15.000000000000000	nan	nan	nan
15.000000000000000	nan	nan	nan
15.000000000000000	nan	nan	nan
15.000000000000000	nan	nan	nan
15.000000000000000	nan	nan	nan
15.000000000000000	nan	nan	nan
15.000000000000000	nan	nan	nan
15.000000000000000	nan	nan	nan
15.000000000000000	nan	nan	nan
15.000000000000000	nan	nan	nan
15.000000000000000	nan	nan	nan
15.000000000000000	nan	nan	nan
15.000000000000000	nan	nan	nan
15.000000000000000	nan	nan	nan
15.000000000000000	nan	nan	nan
15.000000000000000	nan	nan	nan
15.000000000000000	nan	nan	nan
15.000000000000000	nan	nan	nan
15.000000000000000	nan	nan	nan
15.000000000000000	nan	nan	nan
15.000000000000000	nan	nan	nan
15.000000000000000	nan	nan	nan
15.000000000000000	nan	nan	nan
15.000000000000000	nan	nan	nan
15.000000000000000	nan	nan	nan
15.000000000000000	nan	nan	nan
15.000000000000000	nan	nan	nan
15.000000000000000	nan	nan	nan
15.000000000000000	nan	nan	nan
15.000000000000000	nan	nan	nan
15.000000000000000	nan	nan	nan
15.000000000000000	nan	nan	nan
15.000000000000000	nan	nan	nan
15.000000000000000	nan	nan	nan
15.000000000000000	nan	nan	nan
15.000000000000000	nan	nan	nan
15.000000000000000	nan	nan	nan
15.000000000000000	nan	nan	nan
15.000000000000000	nan	nan	nan
15.000000000000000	nan	nan	nan
15.000000000000000	nan	nan	nan
15.000000000000000	nan	nan	nan
15.000000000000000	nan	nan	nan
15.000000000000000	nan	nan	nan
15.000000000000000	nan	nan	nan
15.000000000000000	nan	nan	nan
15.000000000000000	nan	nan	nan
15.000000000000000	nan	nan	nan
15.000000000000000	nan	nan	nan
15.000000000000000	nan	nan	nan
15.000000000000000	nan	nan	nan
15.000000000000000	nan	nan	nan
15.000000000000000	nan	nan	nan
15.000000000000000	nan	nan	nan
15.000000000000000	nan	nan	nan
15.000000000000000	nan	nan	nan
15.000000000000000	nan	nan	nan
15.000000000000000	nan	nan	nan
15.000000000000000	nan	nan	nan
15.000000000000000	nan	nan	nan
15.000000000000000	nan	nan	nan
15.000000000000000	nan	nan	nan


16.000000000000000	-0.002072283248128	-0.867409057244869	0.016171092707861
16.000000000000000	0.055897512685462	-0.865690853339177	0.016903447514525
16.000000000000000	0.113642687844908	-0.860294783064128	0.017564158001610
16.000000000000000	0.170930722790644	-0.851242574490211	0.018150563721177
16.000000000000000	0.227530938825397	-0.838570677666433	0.018660303424363
16.000000000000000	0.283215426855890	-0.822330117848836	0.019091324569292
16.000000000000000	0.337759965102317	-0.802586290039800	0.019441891585940
16.000000000000000	0.390944921960314	-0.779418695665453	0.019710592864661
16.000000000000000	0.442556140379914	-0.752920622451481	0.019896346440242
16.000000000000000	0.492385800200397	-0.723198768786387	0.019998404348595
16.000000000000000	0.540233254968737	-0.690372814084738	0.020016355638544
16.000000000000000	0.585905839872040	-0.654574936880400	0.019950128026580
16.000000000000000	0.629219647530756	-0.615949282590239	0.019799988187921
16.000000000000000	0.670000268528783	-0.574651383091396	0.019566540682707
16.000000000000000	0.708083493698625	-0.530847530449317	0.019250725521648
16.000000000000000	0.743315975333763	-0.484714107318295	0.018853814380931
16.000000000000000	0.775555844665736	-0.436436876710774	0.018377405481635
16.000000000000000	0.804673283119605	-0.386210233995264	0.017823417154250
16.000000000000000	0.830551045047534	-0.334236424134798	0.017194080114244
16.000000000000000	0.853084929835636	-0.280724727317853	0.016491928479756
16.000000000000000	0.872184201483062	-0.225890616260890	0.015719789567600
16.000000000000000	0.887771953963857	-0.169954888575778	0.014880772508651
16.000000000000000	0.899785420900381	-0.113142777695739	0.013978255728481
16.000000000000000	0.908176228301359	-0.055683045939806	0.013015873343627
16.000000000000000	0.912910589346871	0.002192936632295	0.011997500528284
16.000000000000000	0.913969440435949	0.060252123865712	0.010927237910352
16.000000000000000	0.911348517948973	0.118260731905086	0.009809395059651
16.000000000000000	0.905058375415759	0.175985180559618	0.008648473134805
16.000000000000000	0.895124341020223	0.233193033848061	0.007449146758664
16.000000000000000	0.881586415612718	0.289653935936378	0.006216245195252
16.000000000000000	0.864499111640736	0.345140538699383	0.004954732904019
16.000000000000000	0.843931233646513	0.399429417171399	0.003669689549719
16.000000000000000	0.819965601215428	0.452301969199742	0.002366289548391
16.000000000000000	0.792698715490761	0.503545295678431	0.001049781231815
16.000000000000000	0.762240370597646	0.552953057817749	-0.000274534285674
16.000000000000000	0.728713211540887	0.600326307997723	-0.001601324452893
16.000000000000000	0.692252240356802	0.645474290859972	-0.002925246754124
16.000000000000000	0.653004272507677	0.688215211412208	-0.004240970221527
16.000000000000000	0.611127345707714	0.728376967052509	-0.005543196901078
16.000000000000000	0.566790083560938	0.765797840565754	-0.006826683185549
16.000000000000000	0.520171016573453	0.800327151301768	-0.008086260928672
16.000000000000000	0.471457863274107	0.831825861913122	-0.009316858255435
16.000000000000000	0.420846774338234	0.860167138209459	-0.010513519984736
16.000000000000000	0.368541542758110	0.885236859874010	-0.011671427582144
16.000000000000000	0.314752783240502	0.906934079985833	-0.012785918562442
16.000000000000000	0.259697084135581	0.925171431497438	-0.013852505263803
16.000000000000000	0.203596135312076	0.939875479031046	-0.014866892918027
16.000000000000000	0.146675835490418	0.950987014576941	-0.015824996944053
16.000000000000000	0.089165382628325	0.958461295903228	-0.016722959395123
16.000000000000000	0.031296351021516	0.962268226717006	-0.017557164493379
16.000000000000000	-0.026698241164242	0.962392477851521	-0.018324253189316
16.000000000000000	-0.084584870175047	0.958833548991308	-0.019021136687495
16.000000000000000	-0.142130446986598	0.951605770686786	-0.019645008884030
16.000000000000000	-0.199103255871426	0.940738246650186	-0.020193357665778
16.000000000000000	-0.255273887436352	0.926274736565180	-0.020663975025730
16.000000000000000	-0.310416162373138	0.908273479882074	-0.021054965953879
16.000000000000000	-0.364308042202734	0.886806961308100	-0.021364756067756
16.000000000000000	-0.416732523345872	0.861961618937081	-0.021592097951910
16.000000000000000	-0.467478510919880	0.833837496193737	-0.021736076180814
16.000000000000000	-0.516341668743279	0.802547838994121	-0.021796111004954
16.000000000000000	-0.563125242125462	0.768218639744286	-0.021771960685284
16.000000000000000	-0.607640850128388	0.730988130013335	-0.021663722466616
16.000000000000000	-0.649709244110137	0.691006223923677	-0.021471832186057
16.000000000000000	-0.689161029495920	0.648433914499771	-0.021197062518038
16.000000000000000	-0.725837347870253	0.603442625406036	-0.020840519863035
16.000000000000000	-0.759590516643719	0.556213520684257	-0.020403639892480
16.000000000000000	-0.790284623718638	0.506936775269931	-0.019888181767820
16.000000000000000	-0.817796074759113	0.455810809224920	-0.019296221056995
16.000000000000000	-0.842014090861800	0.403041488769898	-0.018630141376860
16.000000000000000	-0.862841154623450	0.348841297333733	-0.017892624795198
16.000000000000000	-0.880193402809079	0.293428479957718	-0.017086641030980
16.000000000000000	-0.894000964039609	0.237026164499819	-0.016215435496359
16.000000000000000	-0.904208240139260	0.179861463177539	-0.015282516228535
16.000000000000000	-0.910774130009771	0.122164558067178	-0.014291639764133
16.000000000000000	-0.913672195130025	0.064167774241851	-0.013246796012951
16.000000000000000	-0.912890766014636	0.006104644280421	-0.012152192192003
16.000000000000000	-0.908432989202851	-0.051791032085779	-0.011012235884544
16.000000000000000	-0.900316814588547	-0.109286129401940	-0.009831517292282
16.000000000000000	-0.888574923142342	-0.166149135203706	-0.008614790752262
16.000000000000000	-0.873254595316863	-0.222151082236157	-0.007366955592824
16.000000000000000	-0.854417520665048	-0.277066470424131	-0.006093036405739
16.000000000000000	-0.832139549438093	-0.330674174881440	-0.004798162813952
16.000000000000000	-0.806510387163257	-0.382758336302739	-0.003487548816400
16.000000000000000	-0.777633233431368	-0.433109230152765	-0.002166471793078
16.000000000000000	-0.745624366348493	-0.481524111153017	-0.000840251254893
16.000000000000000	-0.710612674325043	-0.527808029665440	0.000485772576130
16.000000000000000	-0.672739137087640	-0.571774616685803	0.001806260270034
16.000000000000000	-0.632156258003509	-0.613246834285909	0.003115894688935
16.000000000000000	-0.589027450003249	-0.652057688482842	0.004409402397254
16.000000000000000	-0.543526377574630	-0.688050901664802	0.005681574895985
16.000000000000000	-0.495836257477004	-0.721081541865883	0.006927289595482
16.000000000000000	-0.446149120992074	-0.751016606355956	0.008141530442318
16.000000000000000	-0.394665040681699	-0.777735557195714	0.009319408117159
16.000000000000000	-0.341591324766302	-0.801130806600411	0.010456179722335
16.000000000000000	-0.287141682367839	-0.821108150157903	0.011547267879808
16.000000000000000	-0.231535362978587	-0.837587146156562	0.012588279162660
16.000000000000000	-0.174996273620820	-0.850501439495661	0.013575021785875
16.000000000000000	-0.117752077252265	-0.859799028873942	0.014503522485172
16.000000000000000	-0.060033276047714	-0.865442476180507	0.015370042515944
16.000000000000000	-0.002072283248128	-0.867409057244869	0.016171092707861


17.000000000000000	-1.020589381541502	0.985820957691369	-0.027294771035710
17.000000000000000	-1.083489549217902	0.916417197263724	-0.027423025027490
17.000000000000000	-1.141858946153525	0.843161128727448	-0.027436364748037
17.000000000000000	-1.195462539388025	0.766347728415263	-0.027334736483004
17.000000000000000	-1.244084486170502	0.686286296779417	-0.027118549453546
17.000000000000000	-1.287529003082075	0.603299212947922	-0.026788674168528
17.000000000000000	-1.325621154386613	0.517720636617595	-0.026346438919295
17.000000000000000	-1.358207556435200	0.429895162510893	-0.025793624431113
17.000000000000000	-1.385156995287955	0.340176432814589	-0.025132456692812
17.000000000000000	-1.406360955066253	0.248925713187504	-0.024365597993520
17.000000000000000	-1.421734054907874	0.156510438071202	-0.023496136202560
17.000000000000000	-1.431214392765593	0.063302731161183	-0.022527572335694
17.000000000000000	-1.434763794664885	-0.030322093003907	-0.021463806457765
17.000000000000000	-1.432367968417041	-0.123987040301454	-0.020309121978515
17.000000000000000	-1.424036561168768	-0.217314955047148	-0.019068168404801
17.000000000000000	-1.409803120556538	-0.309930038667817	-0.017745942618679
17.000000000000000	-1.389724959622090	-0.401459362909635	-0.016347768756718
17.000000000000000	-1.363882926033047	-0.491534371488586	-0.014879276771584
17.000000000000000	-1.332381076537888	-0.579792364136535	-0.013346379762205
17.000000000000000	-1.295346257966146	-0.665877957067198	-0.011755250163811
17.000000000000000	-1.252927596461003	-0.749444513981216	-0.010112294893717
17.000000000000000	-1.205295897000938	-0.830155541848192	-0.008424129552925
17.000000000000000	-1.152642955628364	-0.907686045845360	-0.006697551787433
17.000000000000000	-1.095180787154661	-0.981723837997032	-0.004939513916519
17.000000000000000	-1.033140771451359	-1.051970794245390	-0.003157094938200
17.000000000000000	-0.966772721765058	-1.118144054890848	-0.001357472024609
17.000000000000000	-0.896343878807655	-1.179977163568227	0.000452108377947
17.000000000000000	-0.822137834672318	-1.237221140172493	0.002264359727868
17.000000000000000	-0.744453390908219	-1.289645483413765	0.004071984728589
17.000000000000000	-0.663603355352157	-1.337039098964657	0.005867704712224
17.000000000000000	-0.579913282561798	-1.379211149462625	0.007644288948185
17.000000000000000	-0.493720162922380	-1.415991822944678	0.009394583758790
17.000000000000000	-0.405371065705367	-1.447233016620213	0.011111541324591
17.000000000000000	-0.315221741542988	-1.472808933228682	0.012788248063461
17.000000000000000	-0.223635189946003	-1.492616587580764	0.014417952469145
17.000000000000000	-0.130980197632790	-1.506576221243372	0.015994092297196
17.000000000000000	-0.037629853555393	-1.514631623698711	0.017510320988814
17.000000000000000	0.056039953398013	-1.516750358684198	0.018960533226203
17.000000000000000	0.149652047974998	-1.512923894801841	0.020338889516525
17.000000000000000	0.242829487310509	-1.503167639871167	0.021639839705482
17.000000000000000	0.335197078742735	-1.487520878887374	0.022858145325825
17.000000000000000	0.426382890581548	-1.466046615834515	0.023988900690814
17.000000000000000	0.516019749746135	-1.438831319990698	0.025027552647687
17.000000000000000	0.603746720241413	-1.405984577746816	0.025969918911601
17.000000000000000	0.689210556519882	-1.367638651340832	0.026812204906211
17.000000000000000	0.772067125876779	-1.323947946284428	0.027551019043099
17.000000000000000	0.851982794151014	-1.275088389626504	0.028183386378494
17.000000000000000	0.928635769152183	-1.221256721557045	0.028706760592327
17.000000000000000	1.001717396404147	-1.162669703203814	0.029119034241360
17.000000000000000	1.070933401987666	-1.099563243811798	0.029418547245118
17.000000000000000	1.136005077477614	-1.032191450819937	0.029604093570446
17.000000000000000	1.196670402203435	-0.960825606660153	0.029674926087780
17.000000000000000	1.252685098313907	-0.885753076398749	0.029630759579572
17.000000000000000	1.303823614397830	-0.807276150618706	0.029471771888763
17.000000000000000	1.349880033699956	-0.725710828202197	0.029198603202669
17.000000000000000	1.390668903275080	-0.641385543914622	0.028812353475176
17.000000000000000	1.426025980741602	-0.554639845913722	0.028314577997613
17.000000000000000	1.455808895627623	-0.465823028508996	0.027707281136141
17.000000000000000	1.479897722646593	-0.375292725676787	0.026992908260879
17.000000000000000	1.498195464594106	-0.283413470994497	0.026174335899262
17.000000000000000	1.510628442921414	-0.190555229792519	0.025254860153282
17.000000000000000	1.517146594412936	-0.097091909434438	0.024238183427243
17.000000000000000	1.517723672773156	-0.003399853724037	0.023128399519492
17.000000000000000	1.512357354311194	0.090143672498364	0.021929977138134
17.000000000000000	1.501069247297486	0.183162002468273	0.020647741907122
17.000000000000000	1.483904804954912	0.275280584201139	0.019286856935176
17.000000000000000	1.460933142434700	0.366128488681007	0.017852802025761
17.000000000000000	1.432246758514115	0.455339903460734	0.016351351611858
17.000000000000000	1.397961163136525	0.542555605659617	0.014788551504354
17.000000000000000	1.358214412293627	0.627424408427141	0.013170694547702
17.000000000000000	1.313166552122698	0.709604575048475	0.011504295280855
17.000000000000000	1.262998974457286	0.788765194997612	0.009796063705515
17.000000000000000	1.207913686426314	0.864587516397265	0.008052878267326
17.000000000000000	1.148132497042674	0.936766229520173	0.006281758158801
17.000000000000000	1.083896124056616	1.005010696163620	0.004489835055511
17.000000000000000	1.015463224670327	1.069046119946887	0.002684324399345
17.000000000000000	0.943109354016671	1.128614652819306	0.000872496344472
17.000000000000000	0.867125855595921	1.183476433323342	-0.000938353517005
17.000000000000000	0.787818688138315	1.233410552432029	-0.002740933531821
17.000000000000000	0.705507193616236	1.278215943071651	-0.004527985346467
17.000000000000000	0.620522811366795	1.317712189747886	-0.006292313134013
17.000000000000000	0.533207743502600	1.351740255015325	-0.008026812569168
17.000000000000000	0.443913576984633	1.380163119865127	-0.009724499434887
17.000000000000000	0.352999867905643	1.402866335452216	-0.011378537745350
17.000000000000000	0.260832693684662	1.419758483940382	-0.012982267272063
17.000000000000000	0.167783179002448	1.430771546609640	-0.014529230362248
17.000000000000000	0.074226001413382	1.435861177743615	-0.016013197941533
17.000000000000000	-0.019462117348809	1.435006883194081	-0.017428194596232
17.000000000000000	-0.112903928296507	1.428212102903675	-0.018768522634231
17.000000000000000	-0.205723174236732	1.415504197054447	-0.020028785027582
17.000000000000000	-0.297546104826055	1.396934335898079	-0.021203907144428
17.000000000000000	-0.388002981531325	1.372577293711329	-0.022289157182757
17.000000000000000	-0.476729566436241	1.342531147706417	-0.023280165223697
17.000000000000000	-0.563368588898888	1.306916883108705	-0.024172940827637
17.000000000000000	-0.647571184154508	1.265877905991896	-0.024963889102320
17.000000000000000	-0.728998298070790	1.219579465832387	-0.025649825178203
17.000000000000000	-0.807322052399187	1.168207990107954	-0.026227987032806
17.000000000000000	-0.882227065024897	1.111970333620099	-0.026696046612400
17.000000000000000	-0.953411719899335	1.051092945562767	-0.027052119206255
17.000000000000000	-1.020589381541502	0.985820957691369	-0.027294771035710


18.000000000000000	nan	nan	nan
18.000000000000000	nan	nan	nan
18.000000000000000	nan	nan	nan
18.000000000000000	nan	nan	nan
18.000000000000000	nan	nan	nan
18.000000000000000	nan	nan	nan
18.000000000000000	nan	nan	nan
18.000000000000000	nan	nan	nan
18.000000000000000	nan	nan	nan
18.000000000000000	nan	nan	nan
18.000000000000000	nan	nan	nan
18.000000000000000	nan	nan	nan
18.000000000000000	nan	nan	nan
18.000000000000000	nan	nan	nan
18.000000000000000	nan	nan	nan
18.000000000000000	nan	nan	nan
18.000000000000000	nan	nan	nan
18.000000000000000	nan	nan	nan
18.000000000000000	nan	nan	nan
18.000000000000000	nan	nan	nan
18.000000000000000	nan	nan	nan
18.000000000000000	nan	nan	nan
18.000000000000000	nan	nan	nan
18.000000000000000	nan	nan	nan
18.000000000000000	nan	nan	nan
18.000000000000000	nan	nan	nan
18.000000000000000	nan	nan	nan
18.000000000000000	nan	nan	nan
18.000000000000000	nan	nan	nan
18.000000000000000	nan	nan	nan
18.000000000000000	nan	nan	nan
18.000000000000000	nan	nan	nan
18.000000000000000	nan	nan	nan
18.000000000000000	nan	nan	nan
18.000000000000000	nan	nan	nan
18.000000000000000	nan	nan	nan
18.000000000000000	nan	nan	nan
18.000000000000000	nan	nan	nan
18.000000000000000	nan	nan	nan
18.000000000000000	nan	nan	nan
18.000000000000000	nan	nan	nan
18.000000000000000	nan	nan	nan
18.000000000000000	nan	nan	nan
18.000000000000000	nan	nan	nan
18.000000000000000	nan	nan	nan
18.000000000000000	nan	nan	nan
18.000000000000000	nan	nan	nan
18.000000000000000	nan	nan	nan
18.000000000000000	nan	nan	nan
18.000000000000000	nan	nan	nan
18.000000000000000	nan	nan	nan
18.000000000000000	nan	nan	nan
18.000000000000000	nan	nan	nan
18.000000000000000	nan	nan	nan
18.000000000000000	nan	nan	nan
18.000000000000000	nan	nan	nan
18.000000000000000	nan	nan	nan
18.000000000000000	nan	nan	nan
18.000000000000000	nan	nan	nan
18.000000000000000	nan	nan	nan
18.000000000000000	nan	nan	nan
18.000000000000000	nan	nan	nan
18.000000000000000	nan	nan	nan
18.000000000000000	nan	nan	nan
18.000000000000000	nan	nan	nan
18.000000000000000	nan	nan	nan
18.000000000000000	nan	nan	nan
18.000000000000000	nan	nan	nan
18.000000000000000	nan	nan	nan
18.000000000000000	nan	nan	nan
18.000000000000000	nan	nan	nan
18.000000000000000	nan	nan	nan
18.000000000000000	nan	nan	nan
18.000000000000000	nan	nan	nan
18.000000000000000	nan	nan	nan
18.000000000000000	nan	nan	nan
18.000000000000000	nan	nan	nan
18.000000000000000	nan	nan	nan
18.000000000000000	nan	nan	nan
18.000000000000000	nan	nan	nan
18.000000000000000	nan	nan	nan
18.000000000000000	nan	nan	nan
18.000000000000000	nan	nan	nan
18.000000000000000	nan	nan	nan
18.000000000000000	nan	nan	nan
18.000000000000000	nan	nan	nan
18.000000000000000	nan	nan	nan
18.000000000000000	nan	nan	nan
18.000000000000000	nan	nan	nan
18.000000000000000	nan	nan	nan
18.000000000000000	nan	nan	nan
18.000000000000000	nan	nan	nan
18.000000000000000	nan	nan	nan
18.000000000000000	nan	nan	nan
18.000000000000000	nan	nan	nan
18.000000000000000	nan	nan	nan
18.000000000000000	nan	nan	nan
18.000000000000000	nan	nan	nan
18.000000000000000	nan	nan	nan
18.000000000000000	nan	nan	nan


