# n	x	y	z
1.000000000000000	-0.464805853995235	-0.033548998460616	-0.003792706174142
1.000000000000000	-0.461512756373155	-0.065180628042738	-0.003234435747867
1.000000000000000	-0.456214511098961	-0.096539202530126	-0.002661943547872
1.000000000000000	-0.448932452336388	-0.127498452011130	-0.002077534798191
1.000000000000000	-0.439695902365916	-0.157933714514967	-0.001483562706593
1.000000000000000	-0.428542053514294	-0.187722437981468	-0.000882418989055
1.000000000000000	-0.415515818394165	-0.216744673734980	-0.000276524239155
1.000000000000000	-0.400669649056830	-0.244883559475338	0.000331681818794
1.000000000000000	-0.384063325786347	-0.272025789841113	0.000939750153661
1.000000000000000	-0.365763716385428	-0.298062072650300	0.001545232288874
1.000000000000000	-0.345844506922398	-0.322887568981373	0.002145690161576
1.000000000000000	-0.324385905023403	-0.346402315322610	0.002738705939841
1.000000000000000	-0.301474316904610	-0.368511626089877	0.003321891758433
1.000000000000000	-0.277201999444873	-0.389126474892059	0.003892899333890
1.000000000000000	-0.251666688699838	-0.408163853008912	0.004449429420241
1.000000000000000	-0.224971206353346	-0.425547103637883	0.004989241067251
1.000000000000000	-0.197223045690802	-0.441206230563998	0.005510160643941
1.000000000000000	-0.168533938761655	-0.455078180009919	0.006010090591031
1.000000000000000	-0.139019406473866	-0.467107094531244	0.006487017867071
1.000000000000000	-0.108798293431989	-0.477244537934727	0.006939022054249
1.000000000000000	-0.077992289391888	-0.485449690313728	0.007364283091236
1.000000000000000	-0.046725439259048	-0.491689512415576	0.007761088601928
1.000000000000000	-0.015123643603511	-0.495938878678972	0.008127840790584
1.000000000000000	0.016685848297272	-0.498180678405761	0.008463062875584
1.000000000000000	0.048574950846381	-0.498405884659673	0.008765405035906
1.000000000000000	0.080415257882910	-0.496613590614608	0.009033649846379
1.000000000000000	0.112078559728260	-0.492811013206106	0.009266717179827
1.000000000000000	0.143437359441265	-0.487013464071296	0.009463668556359
1.000000000000000	0.174365386203375	-0.479244287894335	0.009623710922293
1.000000000000000	0.204738103766672	-0.469534768405605	0.009746199843509
1.000000000000000	0.234433211917391	-0.457924002413172	0.009830642100351
1.000000000000000	0.263331138935712	-0.444458742373742	0.009876697673655
1.000000000000000	0.291315523068874	-0.429193208137012	0.009884181113883
1.000000000000000	0.318273681078890	-0.412188868621479	0.009853062287861
1.000000000000000	0.344097061978164	-0.393514194300796	0.009783466500120
1.000000000000000	0.368681684126019	-0.373244381497344	0.009675673988332
1.000000000000000	0.391928553926053	-0.351461049593176	0.009530118794898
1.000000000000000	0.413744064438420	-0.328251912377581	0.009347387019210
1.000000000000000	0.434040372301934	-0.303710424854604	0.009128214457634
1.000000000000000	0.452735751448286	-0.277935406932736	0.008873483640719
1.000000000000000	0.469754922184069	-0.251030645512017	0.008584220279560
1.000000000000000	0.485029354315542	-0.223104476570819	0.008261589135619
1.000000000000000	0.498497543095526	-0.194269348935102	0.007906889330641
1.000000000000000	0.510105256881318	-0.164641371486675	0.007521549115552
1.000000000000000	0.519805755506372	-0.134339845633714	0.007107120119395
1.000000000000000	0.527559978486457	-0.103486784926094	0.006665271101468
1.000000000000000	0.533336702302436	-0.072206423749889	0.006197781231817
1.000000000000000	0.537112666126360	-0.040624717079346	0.005706532927150
1.000000000000000	0.538872665484614	-0.008868833300662	0.005193504271006
1.000000000000000	0.538609613480963	0.022933357850228	0.004660761048715
1.000000000000000	0.536324569332983	0.054653800173944	0.004110448429204
1.000000000000000	0.532026734106966	0.086164766644782	0.003544782327161
1.000000000000000	0.525733413668472	0.117339373722363	0.002966040480332
1.000000000000000	0.517469948997720	0.148052092266867	0.002376553277870
1.000000000000000	0.507269614150400	0.178179253000581	0.001778694376685
1.000000000000000	0.495173482274798	0.207599544480421	0.001174871143560
1.000000000000000	0.481230260224722	0.236194501576309	0.000567514961539
1.000000000000000	0.465496092434194	0.263848982488430	-0.000040928560394
1.000000000000000	0.448034334843631	0.290451632382628	-0.000648009434924
1.000000000000000	0.428915299787832	0.315895331777018	-0.001251283161635
1.000000000000000	0.408215972873021	0.340077627874335	-0.001848320570149
1.000000000000000	0.386019702982987	0.362901147103185	-0.002436717601545
1.000000000000000	0.362415866662540	0.384273987207053	-0.003014104988647
1.000000000000000	0.337499508229717	0.404110087302251	-0.003578157796233
1.000000000000000	0.311370957065854	0.422329574414724	-0.004126604782726
1.000000000000000	0.284135423624577	0.438859085100324	-0.004657237545683
1.000000000000000	0.255902575786443	0.453632060853509	-0.005167919414249
1.000000000000000	0.226786097265089	0.466589016114949	-0.005656594052783
1.000000000000000	0.196903229843040	0.477677777798883	-0.006121293740990
1.000000000000000	0.166374301280433	0.486853695375720	-0.006560147297238
1.000000000000000	0.135322240797595	0.494079820663962	-0.006971387613147
1.000000000000000	0.103872084082458	0.499327056607486	-0.007353358769109
1.000000000000000	0.072150469815978	0.502574274439130	-0.007704522702094
1.000000000000000	0.040285129742859	0.503808398758769	-0.008023465398884
1.000000000000000	0.008404374340903	0.503024460183346	-0.008308902589810
1.000000000000000	-0.023363423839999	0.500225615356816	-0.008559684920045
1.000000000000000	-0.054890347088821	0.495423134239462	-0.008774802577658
1.000000000000000	-0.086049447612871	0.488636354727738	-0.008953389359767
1.000000000000000	-0.116715258711748	0.479892604787385	-0.009094726160431
1.000000000000000	-0.146764299987464	0.469227092413362	-0.009198243866237
1.000000000000000	-0.176075574556424	0.456682763859672	-0.009263525647920
1.000000000000000	-0.204531056261170	0.442310130709959	-0.009290308638787
1.000000000000000	-0.232016164920063	0.426167066485184	-0.009278484993186
1.000000000000000	-0.258420227701230	0.408318573607389	-0.009228102320764
1.000000000000000	-0.283636924763001	0.388836521657876	-0.009139363494762
1.000000000000000	-0.307564717366385	0.367799357983778	-0.009012625835111
1.000000000000000	-0.330107256735733	0.345291791818275	-0.008848399669636
1.000000000000000	-0.351173772021254	0.321404453186409	-0.008647346279143
1.000000000000000	-0.370679435801188	0.296233527969965	-0.008410275234674
1.000000000000000	-0.388545705651896	0.269880370600866	-0.008138141137653
1.000000000000000	-0.404700640410477	0.242451095942657	-0.007832039776041
1.000000000000000	-0.419079189856443	0.214056152003394	-0.007493203711984
1.000000000000000	-0.431623456645993	0.184809875200502	-0.007122997318723
1.000000000000000	-0.442282929444188	0.154830029968375	-0.006722911286740
1.000000000000000	-0.451014686316263	0.124237334562564	-0.006294556621278
1.000000000000000	-0.457783567559114	0.093154974969966	-0.005839658155392
1.000000000000000	-0.462562317277010	0.061708108882335	-0.005360047604648
1.000000000000000	-0.465331693131467	0.030023361730431	-0.004857656191459
1.000000000000000	-0.466080543823353	-0.001771683191899	-0.004334506868730
1.000000000000000	-0.464805853995235	-0.033548998460616	-0.003792706174142


2.000000000000000	nan	nan	nan
2.000000000000000	nan	nan	nan
2.000000000000000	nan	nan	nan
2.000000000000000	nan	nan	nan
2.000000000000000	nan	nan	nan
2.000000000000000	nan	nan	nan
2.000000000000000	nan	nan	nan
2.000000000000000	nan	nan	nan
2.000000000000000	nan	nan	nan
2.000000000000000	nan	nan	nan
2.000000000000000	nan	nan	nan
2.000000000000000	nan	nan	nan
2.000000000000000	nan	nan	nan
2.000000000000000	nan	nan	nan
2.000000000000000	nan	nan	nan
2.000000000000000	nan	nan	nan
2.000000000000000	nan	nan	nan
2.000000000000000	nan	nan	nan
2.000000000000000	nan	nan	nan
2.000000000000000	nan	nan	nan
2.000000000000000	nan	nan	nan
2.000000000000000	nan	nan	nan
2.000000000000000	nan	nan	nan
2.000000000000000	nan	nan	nan
2.000000000000000	nan	nan	nan
2.000000000000000	nan	nan	nan
2.000000000000000	nan	nan	nan
2.000000000000000	nan	nan	nan
2.000000000000000	nan	nan	nan
2.000000000000000	nan	nan	nan
2.000000000000000	nan	nan	nan
2.000000000000000	nan	nan	nan
2.000000000000000	nan	nan	nan
2.000000000000000	nan	nan	nan
2.000000000000000	nan	nan	nan
2.000000000000000	nan	nan	nan
2.000000000000000	nan	nan	nan
2.000000000000000	nan	nan	nan
2.000000000000000	nan	nan	nan
2.000000000000000	nan	nan	nan
2.000000000000000	nan	nan	nan
2.000000000000000	nan	nan	nan
2.000000000000000	nan	nan	nan
2.000000000000000	nan	nan	nan
2.000000000000000	nan	nan	nan
2.000000000000000	nan	nan	nan
2.000000000000000	nan	nan	nan
2.000000000000000	nan	nan	nan
2.000000000000000	nan	nan	nan
2.000000000000000	nan	nan	nan
2.000000000000000	nan	nan	nan
2.000000000000000	nan	nan	nan
2.000000000000000	nan	nan	nan
2.000000000000000	nan	nan	nan
2.000000000000000	nan	nan	nan
2.000000000000000	nan	nan	nan
2.000000000000000	nan	nan	nan
2.000000000000000	nan	nan	nan
2.000000000000000	nan	nan	nan
2.000000000000000	nan	nan	nan
2.000000000000000	nan	nan	nan
2.000000000000000	nan	nan	nan
2.000000000000000	nan	nan	nan
2.000000000000000	nan	nan	nan
2.000000000000000	nan	nan	nan
2.000000000000000	nan	nan	nan
2.000000000000000	nan	nan	nan
2.000000000000000	nan	nan	nan
2.000000000000000	nan	nan	nan
2.000000000000000	nan	nan	nan
2.000000000000000	nan	nan	nan
2.000000000000000	nan	nan	nan
2.000000000000000	nan	nan	nan
2.000000000000000	nan	nan	nan
2.000000000000000	nan	nan	nan
2.000000000000000	nan	nan	nan
2.000000000000000	nan	nan	nan
2.000000000000000	nan	nan	nan
2.000000000000000	nan	nan	nan
2.000000000000000	nan	nan	nan
2.000000000000000	nan	nan	nan
2.000000000000000	nan	nan	nan
2.000000000000000	nan	nan	nan
2.000000000000000	nan	nan	nan
2.000000000000000	nan	nan	nan
2.000000000000000	nan	nan	nan
2.000000000000000	nan	nan	nan
2.000000000000000	nan	nan	nan
2.000000000000000	nan	nan	nan
2.000000000000000	nan	nan	nan
2.000000000000000	nan	nan	nan
2.000000000000000	nan	nan	nan
2.000000000000000	nan	nan	nan
2.000000000000000	nan	nan	nan
2.000000000000000	nan	nan	nan
2.000000000000000	nan	nan	nan
2.000000000000000	nan	nan	nan
2.000000000000000	nan	nan	nan
2.000000000000000	nan	nan	nan
2.000000000000000	nan	nan	nan


3.000000000000000	nan	nan	nan
3.000000000000000	nan	nan	nan
3.000000000000000	nan	nan	nan
3.000000000000000	nan	nan	nan
3.000000000000000	nan	nan	nan
3.000000000000000	nan	nan	nan
3.000000000000000	nan	nan	nan
3.000000000000000	nan	nan	nan
3.000000000000000	nan	nan	nan
3.000000000000000	nan	nan	nan
3.000000000000000	nan	nan	nan
3.000000000000000	nan	nan	nan
3.000000000000000	nan	nan	nan
3.000000000000000	nan	nan	nan
3.000000000000000	nan	nan	nan
3.000000000000000	nan	nan	nan
3.000000000000000	nan	nan	nan
3.000000000000000	nan	nan	nan
3.000000000000000	nan	nan	nan
3.000000000000000	nan	nan	nan
3.000000000000000	nan	nan	nan
3.000000000000000	nan	nan	nan
3.000000000000000	nan	nan	nan
3.000000000000000	nan	nan	nan
3.000000000000000	nan	nan	nan
3.000000000000000	nan	nan	nan
3.000000000000000	nan	nan	nan
3.000000000000000	nan	nan	nan
3.000000000000000	nan	nan	nan
3.000000000000000	nan	nan	nan
3.000000000000000	nan	nan	nan
3.000000000000000	nan	nan	nan
3.000000000000000	nan	nan	nan
3.000000000000000	nan	nan	nan
3.000000000000000	nan	nan	nan
3.000000000000000	nan	nan	nan
3.000000000000000	nan	nan	nan
3.000000000000000	nan	nan	nan
3.000000000000000	nan	nan	nan
3.000000000000000	nan	nan	nan
3.000000000000000	nan	nan	nan
3.000000000000000	nan	nan	nan
3.000000000000000	nan	nan	nan
3.000000000000000	nan	nan	nan
3.000000000000000	nan	nan	nan
3.000000000000000	nan	nan	nan
3.000000000000000	nan	nan	nan
3.000000000000000	nan	nan	nan
3.000000000000000	nan	nan	nan
3.000000000000000	nan	nan	nan
3.000000000000000	nan	nan	nan
3.000000000000000	nan	nan	nan
3.000000000000000	nan	nan	nan
3.000000000000000	nan	nan	nan
3.000000000000000	nan	nan	nan
3.000000000000000	nan	nan	nan
3.000000000000000	nan	nan	nan
3.000000000000000	nan	nan	nan
3.000000000000000	nan	nan	nan
3.000000000000000	nan	nan	nan
3.000000000000000	nan	nan	nan
3.000000000000000	nan	nan	nan
3.000000000000000	nan	nan	nan
3.000000000000000	nan	nan	nan
3.000000000000000	nan	nan	nan
3.000000000000000	nan	nan	nan
3.000000000000000	nan	nan	nan
3.000000000000000	nan	nan	nan
3.000000000000000	nan	nan	nan
3.000000000000000	nan	nan	nan
3.000000000000000	nan	nan	nan
3.000000000000000	nan	nan	nan
3.000000000000000	nan	nan	nan
3.000000000000000	nan	nan	nan
3.000000000000000	nan	nan	nan
3.000000000000000	nan	nan	nan
3.000000000000000	nan	nan	nan
3.000000000000000	nan	nan	nan
3.000000000000000	nan	nan	nan
3.000000000000000	nan	nan	nan
3.000000000000000	nan	nan	nan
3.000000000000000	nan	nan	nan
3.000000000000000	nan	nan	nan
3.000000000000000	nan	nan	nan
3.000000000000000	nan	nan	nan
3.000000000000000	nan	nan	nan
3.000000000000000	nan	nan	nan
3.000000000000000	nan	nan	nan
3.000000000000000	nan	nan	nan
3.000000000000000	nan	nan	nan
3.000000000000000	nan	nan	nan
3.000000000000000	nan	nan	nan
3.000000000000000	nan	nan	nan
3.000000000000000	nan	nan	nan
3.000000000000000	nan	nan	nan
3.000000000000000	nan	nan	nan
3.000000000000000	nan	nan	nan
3.000000000000000	nan	nan	nan
3.000000000000000	nan	nan	nan
3.000000000000000	nan	nan	nan


4.000000000000000	nan	nan	nan
4.000000000000000	nan	nan	nan
4.000000000000000	nan	nan	nan
4.000000000000000	nan	nan	nan
4.000000000000000	nan	nan	nan
4.000000000000000	nan	nan	nan
4.000000000000000	nan	nan	nan
4.000000000000000	nan	nan	nan
4.000000000000000	nan	nan	nan
4.000000000000000	nan	nan	nan
4.000000000000000	nan	nan	nan
4.000000000000000	nan	nan	nan
4.000000000000000	nan	nan	nan
4.000000000000000	nan	nan	nan
4.000000000000000	nan	nan	nan
4.000000000000000	nan	nan	nan
4.000000000000000	nan	nan	nan
4.000000000000000	nan	nan	nan
4.000000000000000	nan	nan	nan
4.000000000000000	nan	nan	nan
4.000000000000000	nan	nan	nan
4.000000000000000	nan	nan	nan
4.000000000000000	nan	nan	nan
4.000000000000000	nan	nan	nan
4.000000000000000	nan	nan	nan
4.000000000000000	nan	nan	nan
4.000000000000000	nan	nan	nan
4.000000000000000	nan	nan	nan
4.000000000000000	nan	nan	nan
4.000000000000000	nan	nan	nan
4.000000000000000	nan	nan	nan
4.000000000000000	nan	nan	nan
4.000000000000000	nan	nan	nan
4.000000000000000	nan	nan	nan
4.000000000000000	nan	nan	nan
4.000000000000000	nan	nan	nan
4.000000000000000	nan	nan	nan
4.000000000000000	nan	nan	nan
4.000000000000000	nan	nan	nan
4.000000000000000	nan	nan	nan
4.000000000000000	nan	nan	nan
4.000000000000000	nan	nan	nan
4.000000000000000	nan	nan	nan
4.000000000000000	nan	nan	nan
4.000000000000000	nan	nan	nan
4.000000000000000	nan	nan	nan
4.000000000000000	nan	nan	nan
4.000000000000000	nan	nan	nan
4.000000000000000	nan	nan	nan
4.000000000000000	nan	nan	nan
4.000000000000000	nan	nan	nan
4.000000000000000	nan	nan	nan
4.000000000000000	nan	nan	nan
4.000000000000000	nan	nan	nan
4.000000000000000	nan	nan	nan
4.000000000000000	nan	nan	nan
4.000000000000000	nan	nan	nan
4.000000000000000	nan	nan	nan
4.000000000000000	nan	nan	nan
4.000000000000000	nan	nan	nan
4.000000000000000	nan	nan	nan
4.000000000000000	nan	nan	nan
4.000000000000000	nan	nan	nan
4.000000000000000	nan	nan	nan
4.000000000000000	nan	nan	nan
4.000000000000000	nan	nan	nan
4.000000000000000	nan	nan	nan
4.000000000000000	nan	nan	nan
4.000000000000000	nan	nan	nan
4.000000000000000	nan	nan	nan
4.000000000000000	nan	nan	nan
4.000000000000000	nan	nan	nan
4.000000000000000	nan	nan	nan
4.000000000000000	nan	nan	nan
4.000000000000000	nan	nan	nan
4.000000000000000	nan	nan	nan
4.000000000000000	nan	nan	nan
4.000000000000000	nan	nan	nan
4.000000000000000	nan	nan	nan
4.000000000000000	nan	nan	nan
4.000000000000000	nan	nan	nan
4.000000000000000	nan	nan	nan
4.000000000000000	nan	nan	nan
4.000000000000000	nan	nan	nan
4.000000000000000	nan	nan	nan
4.000000000000000	nan	nan	nan
4.000000000000000	nan	nan	nan
4.000000000000000	nan	nan	nan
4.000000000000000	nan	nan	nan
4.000000000000000	nan	nan	nan
4.000000000000000	nan	nan	nan
4.000000000000000	nan	nan	nan
4.000000000000000	nan	nan	nan
4.000000000000000	nan	nan	nan
4.000000000000000	nan	nan	nan
4.000000000000000	nan	nan	nan
4.000000000000000	nan	nan	nan
4.000000000000000	nan	nan	nan
4.000000000000000	nan	nan	nan
4.000000000000000	nan	nan	nan


5.000000000000000	nan	nan	nan
5.000000000000000	nan	nan	nan
5.000000000000000	nan	nan	nan
5.000000000000000	nan	nan	nan
5.000000000000000	nan	nan	nan
5.000000000000000	nan	nan	nan
5.000000000000000	nan	nan	nan
5.000000000000000	nan	nan	nan
5.000000000000000	nan	nan	nan
5.000000000000000	nan	nan	nan
5.000000000000000	nan	nan	nan
5.000000000000000	nan	nan	nan
5.000000000000000	nan	nan	nan
5.000000000000000	nan	nan	nan
5.000000000000000	nan	nan	nan
5.000000000000000	nan	nan	nan
5.000000000000000	nan	nan	nan
5.000000000000000	nan	nan	nan
5.000000000000000	nan	nan	nan
5.000000000000000	nan	nan	nan
5.000000000000000	nan	nan	nan
5.000000000000000	nan	nan	nan
5.000000000000000	nan	nan	nan
5.000000000000000	nan	nan	nan
5.000000000000000	nan	nan	nan
5.000000000000000	nan	nan	nan
5.000000000000000	nan	nan	nan
5.000000000000000	nan	nan	nan
5.000000000000000	nan	nan	nan
5.000000000000000	nan	nan	nan
5.000000000000000	nan	nan	nan
5.000000000000000	nan	nan	nan
5.000000000000000	nan	nan	nan
5.000000000000000	nan	nan	nan
5.000000000000000	nan	nan	nan
5.000000000000000	nan	nan	nan
5.000000000000000	nan	nan	nan
5.000000000000000	nan	nan	nan
5.000000000000000	nan	nan	nan
5.000000000000000	nan	nan	nan
5.000000000000000	nan	nan	nan
5.000000000000000	nan	nan	nan
5.000000000000000	nan	nan	nan
5.000000000000000	nan	nan	nan
5.000000000000000	nan	nan	nan
5.000000000000000	nan	nan	nan
5.000000000000000	nan	nan	nan
5.000000000000000	nan	nan	nan
5.000000000000000	nan	nan	nan
5.000000000000000	nan	nan	nan
5.000000000000000	nan	nan	nan
5.000000000000000	nan	nan	nan
5.000000000000000	nan	nan	nan
5.000000000000000	nan	nan	nan
5.000000000000000	nan	nan	nan
5.000000000000000	nan	nan	nan
5.000000000000000	nan	nan	nan
5.000000000000000	nan	nan	nan
5.000000000000000	nan	nan	nan
5.000000000000000	nan	nan	nan
5.000000000000000	nan	nan	nan
5.000000000000000	nan	nan	nan
5.000000000000000	nan	nan	nan
5.000000000000000	nan	nan	nan
5.000000000000000	nan	nan	nan
5.000000000000000	nan	nan	nan
5.000000000000000	nan	nan	nan
5.000000000000000	nan	nan	nan
5.000000000000000	nan	nan	nan
5.000000000000000	nan	nan	nan
5.000000000000000	nan	nan	nan
5.000000000000000	nan	nan	nan
5.000000000000000	nan	nan	nan
5.000000000000000	nan	nan	nan
5.000000000000000	nan	nan	nan
5.000000000000000	nan	nan	nan
5.000000000000000	nan	nan	nan
5.000000000000000	nan	nan	nan
5.000000000000000	nan	nan	nan
5.000000000000000	nan	nan	nan
5.000000000000000	nan	nan	nan
5.000000000000000	nan	nan	nan
5.000000000000000	nan	nan	nan
5.000000000000000	nan	nan	nan
5.000000000000000	nan	nan	nan
5.000000000000000	nan	nan	nan
5.000000000000000	nan	nan	nan
5.000000000000000	nan	nan	nan
5.000000000000000	nan	nan	nan
5.000000000000000	nan	nan	nan
5.000000000000000	nan	nan	nan
5.000000000000000	nan	nan	nan
5.000000000000000	nan	nan	nan
5.000000000000000	nan	nan	nan
5.000000000000000	nan	nan	nan
5.000000000000000	nan	nan	nan
5.000000000000000	nan	nan	nan
5.000000000000000	nan	nan	nan
5.000000000000000	nan	nan	nan
5.000000000000000	nan	nan	nan


6.000000000000000	nan	nan	nan
6.000000000000000	nan	nan	nan
6.000000000000000	nan	nan	nan
6.000000000000000	nan	nan	nan
6.000000000000000	nan	nan	nan
6.000000000000000	nan	nan	nan
6.000000000000000	nan	nan	nan
6.000000000000000	nan	nan	nan
6.000000000000000	nan	nan	nan
6.000000000000000	nan	nan	nan
6.000000000000000	nan	nan	nan
6.000000000000000	nan	nan	nan
6.000000000000000	nan	nan	nan
6.000000000000000	nan	nan	nan
6.000000000000000	nan	nan	nan
6.000000000000000	nan	nan	nan
6.000000000000000	nan	nan	nan
6.000000000000000	nan	nan	nan
6.000000000000000	nan	nan	nan
6.000000000000000	nan	nan	nan
6.000000000000000	nan	nan	nan
6.000000000000000	nan	nan	nan
6.000000000000000	nan	nan	nan
6.000000000000000	nan	nan	nan
6.000000000000000	nan	nan	nan
6.000000000000000	nan	nan	nan
6.000000000000000	nan	nan	nan
6.000000000000000	nan	nan	nan
6.000000000000000	nan	nan	nan
6.000000000000000	nan	nan	nan
6.000000000000000	nan	nan	nan
6.000000000000000	nan	nan	nan
6.000000000000000	nan	nan	nan
6.000000000000000	nan	nan	nan
6.000000000000000	nan	nan	nan
6.000000000000000	nan	nan	nan
6.000000000000000	nan	nan	nan
6.000000000000000	nan	nan	nan
6.000000000000000	nan	nan	nan
6.000000000000000	nan	nan	nan
6.000000000000000	nan	nan	nan
6.000000000000000	nan	nan	nan
6.000000000000000	nan	nan	nan
6.000000000000000	nan	nan	nan
6.000000000000000	nan	nan	nan
6.000000000000000	nan	nan	nan
6.000000000000000	nan	nan	nan
6.000000000000000	nan	nan	nan
6.000000000000000	nan	nan	nan
6.000000000000000	nan	nan	nan
6.000000000000000	nan	nan	nan
6.000000000000000	nan	nan	nan
6.000000000000000	nan	nan	nan
6.000000000000000	nan	nan	nan
6.000000000000000	nan	nan	nan
6.000000000000000	nan	nan	nan
6.000000000000000	nan	nan	nan
6.000000000000000	nan	nan	nan
6.000000000000000	nan	nan	nan
6.000000000000000	nan	nan	nan
6.000000000000000	nan	nan	nan
6.000000000000000	nan	nan	nan
6.000000000000000	nan	nan	nan
6.000000000000000	nan	nan	nan
6.000000000000000	nan	nan	nan
6.000000000000000	nan	nan	nan
6.000000000000000	nan	nan	nan
6.000000000000000	nan	nan	nan
6.000000000000000	nan	nan	nan
6.000000000000000	nan	nan	nan
6.000000000000000	nan	nan	nan
6.000000000000000	nan	nan	nan
6.000000000000000	nan	nan	nan
6.000000000000000	nan	nan	nan
6.000000000000000	nan	nan	nan
6.000000000000000	nan	nan	nan
6.000000000000000	nan	nan	nan
6.000000000000000	nan	nan	nan
6.000000000000000	nan	nan	nan
6.000000000000000	nan	nan	nan
6.000000000000000	nan	nan	nan
6.000000000000000	nan	nan	nan
6.000000000000000	nan	nan	nan
6.000000000000000	nan	nan	nan
6.000000000000000	nan	nan	nan
6.000000000000000	nan	nan	nan
6.000000000000000	nan	nan	nan
6.000000000000000	nan	nan	nan
6.000000000000000	nan	nan	nan
6.000000000000000	nan	nan	nan
6.000000000000000	nan	nan	nan
6.000000000000000	nan	nan	nan
6.000000000000000	nan	nan	nan
6.000000000000000	nan	nan	nan
6.000000000000000	nan	nan	nan
6.000000000000000	nan	nan	nan
6.000000000000000	nan	nan	nan
6.000000000000000	nan	nan	nan
6.000000000000000	nan	nan	nan
6.000000000000000	nan	nan	nan


7.000000000000000	nan	nan	nan
7.000000000000000	nan	nan	nan
7.000000000000000	nan	nan	nan
7.000000000000000	nan	nan	nan
7.000000000000000	nan	nan	nan
7.000000000000000	nan	nan	nan
7.000000000000000	nan	nan	nan
7.000000000000000	nan	nan	nan
7.000000000000000	nan	nan	nan
7.000000000000000	nan	nan	nan
7.000000000000000	nan	nan	nan
7.000000000000000	nan	nan	nan
7.000000000000000	nan	nan	nan
7.000000000000000	nan	nan	nan
7.000000000000000	nan	nan	nan
7.000000000000000	nan	nan	nan
7.000000000000000	nan	nan	nan
7.000000000000000	nan	nan	nan
7.000000000000000	nan	nan	nan
7.000000000000000	nan	nan	nan
7.000000000000000	nan	nan	nan
7.000000000000000	nan	nan	nan
7.000000000000000	nan	nan	nan
7.000000000000000	nan	nan	nan
7.000000000000000	nan	nan	nan
7.000000000000000	nan	nan	nan
7.000000000000000	nan	nan	nan
7.000000000000000	nan	nan	nan
7.000000000000000	nan	nan	nan
7.000000000000000	nan	nan	nan
7.000000000000000	nan	nan	nan
7.000000000000000	nan	nan	nan
7.000000000000000	nan	nan	nan
7.000000000000000	nan	nan	nan
7.000000000000000	nan	nan	nan
7.000000000000000	nan	nan	nan
7.000000000000000	nan	nan	nan
7.000000000000000	nan	nan	nan
7.000000000000000	nan	nan	nan
7.000000000000000	nan	nan	nan
7.000000000000000	nan	nan	nan
7.000000000000000	nan	nan	nan
7.000000000000000	nan	nan	nan
7.000000000000000	nan	nan	nan
7.000000000000000	nan	nan	nan
7.000000000000000	nan	nan	nan
7.000000000000000	nan	nan	nan
7.000000000000000	nan	nan	nan
7.000000000000000	nan	nan	nan
7.000000000000000	nan	nan	nan
7.000000000000000	nan	nan	nan
7.000000000000000	nan	nan	nan
7.000000000000000	nan	nan	nan
7.000000000000000	nan	nan	nan
7.000000000000000	nan	nan	nan
7.000000000000000	nan	nan	nan
7.000000000000000	nan	nan	nan
7.000000000000000	nan	nan	nan
7.000000000000000	nan	nan	nan
7.000000000000000	nan	nan	nan
7.000000000000000	nan	nan	nan
7.000000000000000	nan	nan	nan
7.000000000000000	nan	nan	nan
7.000000000000000	nan	nan	nan
7.000000000000000	nan	nan	nan
7.000000000000000	nan	nan	nan
7.000000000000000	nan	nan	nan
7.000000000000000	nan	nan	nan
7.000000000000000	nan	nan	nan
7.000000000000000	nan	nan	nan
7.000000000000000	nan	nan	nan
7.000000000000000	nan	nan	nan
7.000000000000000	nan	nan	nan
7.000000000000000	nan	nan	nan
7.000000000000000	nan	nan	nan
7.000000000000000	nan	nan	nan
7.000000000000000	nan	nan	nan
7.000000000000000	nan	nan	nan
7.000000000000000	nan	nan	nan
7.000000000000000	nan	nan	nan
7.000000000000000	nan	nan	nan
7.000000000000000	nan	nan	nan
7.000000000000000	nan	nan	nan
7.000000000000000	nan	nan	nan
7.000000000000000	nan	nan	nan
7.000000000000000	nan	nan	nan
7.000000000000000	nan	nan	nan
7.000000000000000	nan	nan	nan
7.000000000000000	nan	nan	nan
7.000000000000000	nan	nan	nan
7.000000000000000	nan	nan	nan
7.000000000000000	nan	nan	nan
7.000000000000000	nan	nan	nan
7.000000000000000	nan	nan	nan
7.000000000000000	nan	nan	nan
7.000000000000000	nan	nan	nan
7.000000000000000	nan	nan	nan
7.000000000000000	nan	nan	nan
7.000000000000000	nan	nan	nan
7.000000000000000	nan	nan	nan


8.000000000000000	nan	nan	nan
8.000000000000000	nan	nan	nan
8.000000000000000	nan	nan	nan
8.000000000000000	nan	nan	nan
8.000000000000000	nan	nan	nan
8.000000000000000	nan	nan	nan
8.000000000000000	nan	nan	nan
8.000000000000000	nan	nan	nan
8.000000000000000	nan	nan	nan
8.000000000000000	nan	nan	nan
8.000000000000000	nan	nan	nan
8.000000000000000	nan	nan	nan
8.000000000000000	nan	nan	nan
8.000000000000000	nan	nan	nan
8.000000000000000	nan	nan	nan
8.000000000000000	nan	nan	nan
8.000000000000000	nan	nan	nan
8.000000000000000	nan	nan	nan
8.000000000000000	nan	nan	nan
8.000000000000000	nan	nan	nan
8.000000000000000	nan	nan	nan
8.000000000000000	nan	nan	nan
8.000000000000000	nan	nan	nan
8.000000000000000	nan	nan	nan
8.000000000000000	nan	nan	nan
8.000000000000000	nan	nan	nan
8.000000000000000	nan	nan	nan
8.000000000000000	nan	nan	nan
8.000000000000000	nan	nan	nan
8.000000000000000	nan	nan	nan
8.000000000000000	nan	nan	nan
8.000000000000000	nan	nan	nan
8.000000000000000	nan	nan	nan
8.000000000000000	nan	nan	nan
8.000000000000000	nan	nan	nan
8.000000000000000	nan	nan	nan
8.000000000000000	nan	nan	nan
8.000000000000000	nan	nan	nan
8.000000000000000	nan	nan	nan
8.000000000000000	nan	nan	nan
8.000000000000000	nan	nan	nan
8.000000000000000	nan	nan	nan
8.000000000000000	nan	nan	nan
8.000000000000000	nan	nan	nan
8.000000000000000	nan	nan	nan
8.000000000000000	nan	nan	nan
8.000000000000000	nan	nan	nan
8.000000000000000	nan	nan	nan
8.000000000000000	nan	nan	nan
8.000000000000000	nan	nan	nan
8.000000000000000	nan	nan	nan
8.000000000000000	nan	nan	nan
8.000000000000000	nan	nan	nan
8.000000000000000	nan	nan	nan
8.000000000000000	nan	nan	nan
8.000000000000000	nan	nan	nan
8.000000000000000	nan	nan	nan
8.000000000000000	nan	nan	nan
8.000000000000000	nan	nan	nan
8.000000000000000	nan	nan	nan
8.000000000000000	nan	nan	nan
8.000000000000000	nan	nan	nan
8.000000000000000	nan	nan	nan
8.000000000000000	nan	nan	nan
8.000000000000000	nan	nan	nan
8.000000000000000	nan	nan	nan
8.000000000000000	nan	nan	nan
8.000000000000000	nan	nan	nan
8.000000000000000	nan	nan	nan
8.000000000000000	nan	nan	nan
8.000000000000000	nan	nan	nan
8.000000000000000	nan	nan	nan
8.000000000000000	nan	nan	nan
8.000000000000000	nan	nan	nan
8.000000000000000	nan	nan	nan
8.000000000000000	nan	nan	nan
8.000000000000000	nan	nan	nan
8.000000000000000	nan	nan	nan
8.000000000000000	nan	nan	nan
8.000000000000000	nan	nan	nan
8.000000000000000	nan	nan	nan
8.000000000000000	nan	nan	nan
8.000000000000000	nan	nan	nan
8.000000000000000	nan	nan	nan
8.000000000000000	nan	nan	nan
8.000000000000000	nan	nan	nan
8.000000000000000	nan	nan	nan
8.000000000000000	nan	nan	nan
8.000000000000000	nan	nan	nan
8.000000000000000	nan	nan	nan
8.000000000000000	nan	nan	nan
8.000000000000000	nan	nan	nan
8.000000000000000	nan	nan	nan
8.000000000000000	nan	nan	nan
8.000000000000000	nan	nan	nan
8.000000000000000	nan	nan	nan
8.000000000000000	nan	nan	nan
8.000000000000000	nan	nan	nan
8.000000000000000	nan	nan	nan
8.000000000000000	nan	nan	nan


9.000000000000000	nan	nan	nan
9.000000000000000	nan	nan	nan
9.000000000000000	nan	nan	nan
9.000000000000000	nan	nan	nan
9.000000000000000	nan	nan	nan
9.000000000000000	nan	nan	nan
9.000000000000000	nan	nan	nan
9.000000000000000	nan	nan	nan
9.000000000000000	nan	nan	nan
9.000000000000000	nan	nan	nan
9.000000000000000	nan	nan	nan
9.000000000000000	nan	nan	nan
9.000000000000000	nan	nan	nan
9.000000000000000	nan	nan	nan
9.000000000000000	nan	nan	nan
9.000000000000000	nan	nan	nan
9.000000000000000	nan	nan	nan
9.000000000000000	nan	nan	nan
9.000000000000000	nan	nan	nan
9.000000000000000	nan	nan	nan
9.000000000000000	nan	nan	nan
9.000000000000000	nan	nan	nan
9.000000000000000	nan	nan	nan
9.000000000000000	nan	nan	nan
9.000000000000000	nan	nan	nan
9.000000000000000	nan	nan	nan
9.000000000000000	nan	nan	nan
9.000000000000000	nan	nan	nan
9.000000000000000	nan	nan	nan
9.000000000000000	nan	nan	nan
9.000000000000000	nan	nan	nan
9.000000000000000	nan	nan	nan
9.000000000000000	nan	nan	nan
9.000000000000000	nan	nan	nan
9.000000000000000	nan	nan	nan
9.000000000000000	nan	nan	nan
9.000000000000000	nan	nan	nan
9.000000000000000	nan	nan	nan
9.000000000000000	nan	nan	nan
9.000000000000000	nan	nan	nan
9.000000000000000	nan	nan	nan
9.000000000000000	nan	nan	nan
9.000000000000000	nan	nan	nan
9.000000000000000	nan	nan	nan
9.000000000000000	nan	nan	nan
9.000000000000000	nan	nan	nan
9.000000000000000	nan	nan	nan
9.000000000000000	nan	nan	nan
9.000000000000000	nan	nan	nan
9.000000000000000	nan	nan	nan
9.000000000000000	nan	nan	nan
9.000000000000000	nan	nan	nan
9.000000000000000	nan	nan	nan
9.000000000000000	nan	nan	nan
9.000000000000000	nan	nan	nan
9.000000000000000	nan	nan	nan
9.000000000000000	nan	nan	nan
9.000000000000000	nan	nan	nan
9.000000000000000	nan	nan	nan
9.000000000000000	nan	nan	nan
9.000000000000000	nan	nan	nan
9.000000000000000	nan	nan	nan
9.000000000000000	nan	nan	nan
9.000000000000000	nan	nan	nan
9.000000000000000	nan	nan	nan
9.000000000000000	nan	nan	nan
9.000000000000000	nan	nan	nan
9.000000000000000	nan	nan	nan
9.000000000000000	nan	nan	nan
9.000000000000000	nan	nan	nan
9.000000000000000	nan	nan	nan
9.000000000000000	nan	nan	nan
9.000000000000000	nan	nan	nan
9.000000000000000	nan	nan	nan
9.000000000000000	nan	nan	nan
9.000000000000000	nan	nan	nan
9.000000000000000	nan	nan	nan
9.000000000000000	nan	nan	nan
9.000000000000000	nan	nan	nan
9.000000000000000	nan	nan	nan
9.000000000000000	nan	nan	nan
9.000000000000000	nan	nan	nan
9.000000000000000	nan	nan	nan
9.000000000000000	nan	nan	nan
9.000000000000000	nan	nan	nan
9.000000000000000	nan	nan	nan
9.000000000000000	nan	nan	nan
9.000000000000000	nan	nan	nan
9.000000000000000	nan	nan	nan
9.000000000000000	nan	nan	nan
9.000000000000000	nan	nan	nan
9.000000000000000	nan	nan	nan
9.000000000000000	nan	nan	nan
9.000000000000000	nan	nan	nan
9.000000000000000	nan	nan	nan
9.000000000000000	nan	nan	nan
9.000000000000000	nan	nan	nan
9.000000000000000	nan	nan	nan
9.000000000000000	nan	nan	nan
9.000000000000000	nan	nan	nan


10.000000000000000	-0.597289385417257	-1.139734126203938	-0.124329821842689
10.000000000000000	-0.487306939271766	-1.195303703907361	-0.097815383418162
10.000000000000000	-0.373726345421817	-1.242938561885466	-0.070566546115075
10.000000000000000	-0.257004952831281	-1.282446891377603	-0.042693031383937
10.000000000000000	-0.137612757352031	-1.313669606285125	-0.014307076030790
10.000000000000000	-0.016030509216531	-1.336480983754963	0.014477019720807
10.000000000000000	0.107252222773674	-1.350789170421179	0.043543352476428
10.000000000000000	0.231739022568732	-1.356536552266054	0.072774882372848
10.000000000000000	0.356928625762708	-1.353699986611401	0.102053904356261
10.000000000000000	0.482316938008430	-1.342290895305962	0.131262522138987
10.000000000000000	0.607399064827509	-1.322355218733658	0.160283122926216
10.000000000000000	0.731671344642201	-1.293973230827873	0.188998851001216
10.000000000000000	0.854633376842820	-1.257259215836656	0.217294078262068
10.000000000000000	0.975790036724375	-1.212361008140394	0.245054869815216
10.000000000000000	1.094653469179013	-1.159459396974939	0.272169442751074
10.000000000000000	1.210745053116348	-1.098767398457159	0.298528616254349
10.000000000000000	1.323597328701662	-1.030529397844223	0.324026251236649
10.000000000000000	1.432755879651684	-0.955020165480422	0.348559677721132
10.000000000000000	1.537781163008566	-0.872543750393971	0.372030108258265
10.000000000000000	1.638250279024251	-0.783432255998888	0.394343035708017
10.000000000000000	1.733758674028492	-0.688044502831754	0.415408613786757
10.000000000000000	1.823921769423698	-0.586764583708061	0.435142018846525
10.000000000000000	1.908376510247218	-0.480000317116002	0.453463791429930
10.000000000000000	1.986782827065528	-0.368181605075363	0.470300156225332
10.000000000000000	2.058825005313822	-0.251758702073812	0.485583319133991
10.000000000000000	2.124212956567133	-0.131200402051000	0.499251740252970
10.000000000000000	2.182683386624034	-0.006992150730816	0.511250381674608
10.000000000000000	2.234000855699458	0.120365909097201	0.521530929104746
10.000000000000000	2.277958726457621	0.250360951476356	0.530051986407337
10.000000000000000	2.314379996067634	0.382469532251930	0.536779242292078
10.000000000000000	2.343118008931441	0.516159696796040	0.541685608473864
10.000000000000000	2.364057047214140	0.650893122001177	0.544751328747752
10.000000000000000	2.377112796798871	0.786127283917362	0.545964058540227
10.000000000000000	2.382232686790000	0.921317642304616	0.545318914616440
10.000000000000000	2.379396101197567	1.055919833304304	0.542818494743271
10.000000000000000	2.368614461950597	1.189391861400279	0.538472867229044
10.000000000000000	2.349931182905025	1.321196281843515	0.532299530381994
10.000000000000000	2.323421495031422	1.450802364752440	0.524323342050765
10.000000000000000	2.289192143486424	1.577688232174836	0.514576419530621
10.000000000000000	2.247380957787668	1.701342959506172	0.503098010238434
10.000000000000000	2.198156296822965	1.821268632802647	0.489934333677192
10.000000000000000	2.141716370928481	1.936982353704918	0.475138395326368
10.000000000000000	2.078288443765675	2.048018183899347	0.458769773207568
10.000000000000000	2.008127917210739	2.153929021287146	0.440894377984860
10.000000000000000	1.931517302941390	2.254288400306724	0.421584187565797
10.000000000000000	1.848765084862050	2.348692209159986	0.400916957271785
10.000000000000000	1.760204476948046	2.436760317027918	0.378975906744848
10.000000000000000	1.666192081510532	2.518138104723223	0.355849384851500
10.000000000000000	1.567106453284847	2.592497892616638	0.331630513933046
10.000000000000000	1.463346575124200	2.659540260087138	0.306416814834773
10.000000000000000	1.355330251436542	2.718995251183106	0.280309814223932
10.000000000000000	1.243492425833674	2.770623461639667	0.253414635777681
10.000000000000000	1.128283429766836	2.814217002875167	0.225839576887135
10.000000000000000	1.010167169200891	2.849600339085120	0.197695672582004
10.000000000000000	0.889619256628741	2.876630994062936	0.169096248431707
10.000000000000000	0.767125095947678	2.895200124901321	0.140156464223309
10.000000000000000	0.643177927909215	2.905232960264248	0.110992850253701
10.000000000000000	0.518276844012662	2.906689101464738	0.081722838103224
10.000000000000000	0.392924776839811	2.899562685136110	0.052464287780137
10.000000000000000	0.267626474922937	2.883882406841699	0.023335013139970
10.000000000000000	0.142886470300602	2.859711405527936	-0.005547692509298
10.000000000000000	0.019207046945216	2.827147009286110	-0.034067528705988
10.000000000000000	-0.102913781757253	2.786320343446484	-0.062109656135634
10.000000000000000	-0.222984278331405	2.737395802582880	-0.089561159048371
10.000000000000000	-0.340520961265670	2.680570388553740	-0.116311499930808
10.000000000000000	-0.455050551821710	2.616072917245186	-0.142252964601575
10.000000000000000	-0.566111879760864	2.544163097210197	-0.167281095938323
10.000000000000000	-0.673257740313921	2.465130483913930	-0.191295114489681
10.000000000000000	-0.776056694916900	2.379293313796062	-0.214198324278541
10.000000000000000	-0.874094808461864	2.286997222844962	-0.235898502162628
10.000000000000000	-0.966977316067512	2.188613854843559	-0.256308269184547
10.000000000000000	-1.054330212658014	2.084539364891001	-0.275345442416000
10.000000000000000	-1.135801758949463	1.975192824225882	-0.292933365879434
10.000000000000000	-1.211063897779817	1.861014532774282	-0.309001219214612
10.000000000000000	-1.279813575079310	1.742464246217356	-0.323484302847201
10.000000000000000	-1.341773960162226	1.620019324717489	-0.336324298511127
10.000000000000000	-1.396695560426369	1.494172810757387	-0.347469504075647
10.000000000000000	-1.444357225971711	1.365431443832023	-0.356875041731585
10.000000000000000	-1.484567040092990	1.234313619987542	-0.364503038698425
10.000000000000000	-1.517163092060541	1.101347304423350	-0.370322779724636
10.000000000000000	-1.542014129077666	0.967067905562590	-0.374310830767147
10.000000000000000	-1.559020084789315	0.832016119151394	-0.376451133351967
10.000000000000000	-1.568112482213983	0.696735751067958	-0.376735069235994
10.000000000000000	-1.569254709476346	0.561771527608190	-0.375161495109637
10.000000000000000	-1.562442167230361	0.427666902065179	-0.371736747200518
10.000000000000000	-1.547702287179208	0.294961866434594	-0.366474615759725
10.000000000000000	-1.525094421617503	0.164190777057508	-0.359396289533333
10.000000000000000	-1.494709604440560	0.035880202955998	-0.350530270442804
10.000000000000000	-1.456670184583017	-0.089453194474445	-0.339912258817811
10.000000000000000	-1.411129333362863	-0.211304741878013	-0.327585009643605
10.000000000000000	-1.358270427714605	-0.329183786080052	-0.313598160401786
10.000000000000000	-1.298306311795066	-0.442615669774237	-0.298008031197679
10.000000000000000	-1.231478439935092	-0.551143642800008	-0.280877397979150
10.000000000000000	-1.158055904388181	-0.654330701314263	-0.262275239760020
10.000000000000000	-1.078334351790957	-0.751761347451592	-0.242276460865921
10.000000000000000	-0.992634792698503	-0.843043262387541	-0.220961589321016
10.000000000000000	-0.901302308988156	-0.927808886068046	-0.198416452590064
10.000000000000000	-0.804704664336591	-1.005716897244043	-0.174731831981517
10.000000000000000	-0.703230823365281	-1.076453587851675	-0.150003097103224
10.000000000000000	-0.597289385417258	-1.139734126203938	-0.124329821842689


11.000000000000000	nan	nan	nan
11.000000000000000	nan	nan	nan
11.000000000000000	nan	nan	nan
11.000000000000000	nan	nan	nan
11.000000000000000	nan	nan	nan
11.000000000000000	nan	nan	nan
11.000000000000000	nan	nan	nan
11.000000000000000	nan	nan	nan
11.000000000000000	nan	nan	nan
11.000000000000000	nan	nan	nan
11.000000000000000	nan	nan	nan
11.000000000000000	nan	nan	nan
11.000000000000000	nan	nan	nan
11.000000000000000	nan	nan	nan
11.000000000000000	nan	nan	nan
11.000000000000000	nan	nan	nan
11.000000000000000	nan	nan	nan
11.000000000000000	nan	nan	nan
11.000000000000000	nan	nan	nan
11.000000000000000	nan	nan	nan
11.000000000000000	nan	nan	nan
11.000000000000000	nan	nan	nan
11.000000000000000	nan	nan	nan
11.000000000000000	nan	nan	nan
11.000000000000000	nan	nan	nan
11.000000000000000	nan	nan	nan
11.000000000000000	nan	nan	nan
11.000000000000000	nan	nan	nan
11.000000000000000	nan	nan	nan
11.000000000000000	nan	nan	nan
11.000000000000000	nan	nan	nan
11.000000000000000	nan	nan	nan
11.000000000000000	nan	nan	nan
11.000000000000000	nan	nan	nan
11.000000000000000	nan	nan	nan
11.000000000000000	nan	nan	nan
11.000000000000000	nan	nan	nan
11.000000000000000	nan	nan	nan
11.000000000000000	nan	nan	nan
11.000000000000000	nan	nan	nan
11.000000000000000	nan	nan	nan
11.000000000000000	nan	nan	nan
11.000000000000000	nan	nan	nan
11.000000000000000	nan	nan	nan
11.000000000000000	nan	nan	nan
11.000000000000000	nan	nan	nan
11.000000000000000	nan	nan	nan
11.000000000000000	nan	nan	nan
11.000000000000000	nan	nan	nan
11.000000000000000	nan	nan	nan
11.000000000000000	nan	nan	nan
11.000000000000000	nan	nan	nan
11.000000000000000	nan	nan	nan
11.000000000000000	nan	nan	nan
11.000000000000000	nan	nan	nan
11.000000000000000	nan	nan	nan
11.000000000000000	nan	nan	nan
11.000000000000000	nan	nan	nan
11.000000000000000	nan	nan	nan
11.000000000000000	nan	nan	nan
11.000000000000000	nan	nan	nan
11.000000000000000	nan	nan	nan
11.000000000000000	nan	nan	nan
11.000000000000000	nan	nan	nan
11.000000000000000	nan	nan	nan
11.000000000000000	nan	nan	nan
11.000000000000000	nan	nan	nan
11.000000000000000	nan	nan	nan
11.000000000000000	nan	nan	nan
11.000000000000000	nan	nan	nan
11.000000000000000	nan	nan	nan
11.000000000000000	nan	nan	nan
11.000000000000000	nan	nan	nan
11.000000000000000	nan	nan	nan
11.000000000000000	nan	nan	nan
11.000000000000000	nan	nan	nan
11.000000000000000	nan	nan	nan
11.000000000000000	nan	nan	nan
11.000000000000000	nan	nan	nan
11.000000000000000	nan	nan	nan
11.000000000000000	nan	nan	nan
11.000000000000000	nan	nan	nan
11.000000000000000	nan	nan	nan
11.000000000000000	nan	nan	nan
11.000000000000000	nan	nan	nan
11.000000000000000	nan	nan	nan
11.000000000000000	nan	nan	nan
11.000000000000000	nan	nan	nan
11.000000000000000	nan	nan	nan
11.000000000000000	nan	nan	nan
11.000000000000000	nan	nan	nan
11.000000000000000	nan	nan	nan
11.000000000000000	nan	nan	nan
11.000000000000000	nan	nan	nan
11.000000000000000	nan	nan	nan
11.000000000000000	nan	nan	nan
11.000000000000000	nan	nan	nan
11.000000000000000	nan	nan	nan
11.000000000000000	nan	nan	nan
11.000000000000000	nan	nan	nan


12.000000000000000	nan	nan	nan
12.000000000000000	nan	nan	nan
12.000000000000000	nan	nan	nan
12.000000000000000	nan	nan	nan
12.000000000000000	nan	nan	nan
12.000000000000000	nan	nan	nan
12.000000000000000	nan	nan	nan
12.000000000000000	nan	nan	nan
12.000000000000000	nan	nan	nan
12.000000000000000	nan	nan	nan
12.000000000000000	nan	nan	nan
12.000000000000000	nan	nan	nan
12.000000000000000	nan	nan	nan
12.000000000000000	nan	nan	nan
12.000000000000000	nan	nan	nan
12.000000000000000	nan	nan	nan
12.000000000000000	nan	nan	nan
12.000000000000000	nan	nan	nan
12.000000000000000	nan	nan	nan
12.000000000000000	nan	nan	nan
12.000000000000000	nan	nan	nan
12.000000000000000	nan	nan	nan
12.000000000000000	nan	nan	nan
12.000000000000000	nan	nan	nan
12.000000000000000	nan	nan	nan
12.000000000000000	nan	nan	nan
12.000000000000000	nan	nan	nan
12.000000000000000	nan	nan	nan
12.000000000000000	nan	nan	nan
12.000000000000000	nan	nan	nan
12.000000000000000	nan	nan	nan
12.000000000000000	nan	nan	nan
12.000000000000000	nan	nan	nan
12.000000000000000	nan	nan	nan
12.000000000000000	nan	nan	nan
12.000000000000000	nan	nan	nan
12.000000000000000	nan	nan	nan
12.000000000000000	nan	nan	nan
12.000000000000000	nan	nan	nan
12.000000000000000	nan	nan	nan
12.000000000000000	nan	nan	nan
12.000000000000000	nan	nan	nan
12.000000000000000	nan	nan	nan
12.000000000000000	nan	nan	nan
12.000000000000000	nan	nan	nan
12.000000000000000	nan	nan	nan
12.000000000000000	nan	nan	nan
12.000000000000000	nan	nan	nan
12.000000000000000	nan	nan	nan
12.000000000000000	nan	nan	nan
12.000000000000000	nan	nan	nan
12.000000000000000	nan	nan	nan
12.000000000000000	nan	nan	nan
12.000000000000000	nan	nan	nan
12.000000000000000	nan	nan	nan
12.000000000000000	nan	nan	nan
12.000000000000000	nan	nan	nan
12.000000000000000	nan	nan	nan
12.000000000000000	nan	nan	nan
12.000000000000000	nan	nan	nan
12.000000000000000	nan	nan	nan
12.000000000000000	nan	nan	nan
12.000000000000000	nan	nan	nan
12.000000000000000	nan	nan	nan
12.000000000000000	nan	nan	nan
12.000000000000000	nan	nan	nan
12.000000000000000	nan	nan	nan
12.000000000000000	nan	nan	nan
12.000000000000000	nan	nan	nan
12.000000000000000	nan	nan	nan
12.000000000000000	nan	nan	nan
12.000000000000000	nan	nan	nan
12.000000000000000	nan	nan	nan
12.000000000000000	nan	nan	nan
12.000000000000000	nan	nan	nan
12.000000000000000	nan	nan	nan
12.000000000000000	nan	nan	nan
12.000000000000000	nan	nan	nan
12.000000000000000	nan	nan	nan
12.000000000000000	nan	nan	nan
12.000000000000000	nan	nan	nan
12.000000000000000	nan	nan	nan
12.000000000000000	nan	nan	nan
12.000000000000000	nan	nan	nan
12.000000000000000	nan	nan	nan
12.000000000000000	nan	nan	nan
12.000000000000000	nan	nan	nan
12.000000000000000	nan	nan	nan
12.000000000000000	nan	nan	nan
12.000000000000000	nan	nan	nan
12.000000000000000	nan	nan	nan
12.000000000000000	nan	nan	nan
12.000000000000000	nan	nan	nan
12.000000000000000	nan	nan	nan
12.000000000000000	nan	nan	nan
12.000000000000000	nan	nan	nan
12.000000000000000	nan	nan	nan
12.000000000000000	nan	nan	nan
12.000000000000000	nan	nan	nan
12.000000000000000	nan	nan	nan


13.000000000000000	nan	nan	nan
13.000000000000000	nan	nan	nan
13.000000000000000	nan	nan	nan
13.000000000000000	nan	nan	nan
13.000000000000000	nan	nan	nan
13.000000000000000	nan	nan	nan
13.000000000000000	nan	nan	nan
13.000000000000000	nan	nan	nan
13.000000000000000	nan	nan	nan
13.000000000000000	nan	nan	nan
13.000000000000000	nan	nan	nan
13.000000000000000	nan	nan	nan
13.000000000000000	nan	nan	nan
13.000000000000000	nan	nan	nan
13.000000000000000	nan	nan	nan
13.000000000000000	nan	nan	nan
13.000000000000000	nan	nan	nan
13.000000000000000	nan	nan	nan
13.000000000000000	nan	nan	nan
13.000000000000000	nan	nan	nan
13.000000000000000	nan	nan	nan
13.000000000000000	nan	nan	nan
13.000000000000000	nan	nan	nan
13.000000000000000	nan	nan	nan
13.000000000000000	nan	nan	nan
13.000000000000000	nan	nan	nan
13.000000000000000	nan	nan	nan
13.000000000000000	nan	nan	nan
13.000000000000000	nan	nan	nan
13.000000000000000	nan	nan	nan
13.000000000000000	nan	nan	nan
13.000000000000000	nan	nan	nan
13.000000000000000	nan	nan	nan
13.000000000000000	nan	nan	nan
13.000000000000000	nan	nan	nan
13.000000000000000	nan	nan	nan
13.000000000000000	nan	nan	nan
13.000000000000000	nan	nan	nan
13.000000000000000	nan	nan	nan
13.000000000000000	nan	nan	nan
13.000000000000000	nan	nan	nan
13.000000000000000	nan	nan	nan
13.000000000000000	nan	nan	nan
13.000000000000000	nan	nan	nan
13.000000000000000	nan	nan	nan
13.000000000000000	nan	nan	nan
13.000000000000000	nan	nan	nan
13.000000000000000	nan	nan	nan
13.000000000000000	nan	nan	nan
13.000000000000000	nan	nan	nan
13.000000000000000	nan	nan	nan
13.000000000000000	nan	nan	nan
13.000000000000000	nan	nan	nan
13.000000000000000	nan	nan	nan
13.000000000000000	nan	nan	nan
13.000000000000000	nan	nan	nan
13.000000000000000	nan	nan	nan
13.000000000000000	nan	nan	nan
13.000000000000000	nan	nan	nan
13.000000000000000	nan	nan	nan
13.000000000000000	nan	nan	nan
13.000000000000000	nan	nan	nan
13.000000000000000	nan	nan	nan
13.000000000000000	nan	nan	nan
13.000000000000000	nan	nan	nan
13.000000000000000	nan	nan	nan
13.000000000000000	nan	nan	nan
13.000000000000000	nan	nan	nan
13.000000000000000	nan	nan	nan
13.000000000000000	nan	nan	nan
13.000000000000000	nan	nan	nan
13.000000000000000	nan	nan	nan
13.000000000000000	nan	nan	nan
13.000000000000000	nan	nan	nan
13.000000000000000	nan	nan	nan
13.000000000000000	nan	nan	nan
13.000000000000000	nan	nan	nan
13.000000000000000	nan	nan	nan
13.000000000000000	nan	nan	nan
13.000000000000000	nan	nan	nan
13.000000000000000	nan	nan	nan
13.000000000000000	nan	nan	nan
13.000000000000000	nan	nan	nan
13.000000000000000	nan	nan	nan
13.000000000000000	nan	nan	nan
13.000000000000000	nan	nan	nan
13.000000000000000	nan	nan	nan
13.000000000000000	nan	nan	nan
13.000000000000000	nan	nan	nan
13.000000000000000	nan	nan	nan
13.000000000000000	nan	nan	nan
13.000000000000000	nan	nan	nan
13.000000000000000	nan	nan	nan
13.000000000000000	nan	nan	nan
13.000000000000000	nan	nan	nan
13.000000000000000	nan	nan	nan
13.000000000000000	nan	nan	nan
13.000000000000000	nan	nan	nan
13.000000000000000	nan	nan	nan
13.000000000000000	nan	nan	nan


14.000000000000000	0.600788813025376	-1.962991435968020	0.149614702038193
14.000000000000000	0.750887621425919	-1.909251399327578	0.179499986858873
14.000000000000000	0.897307016930695	-1.845680573856063	0.208499161109266
14.000000000000000	1.039457420311821	-1.772534936830722	0.236495455349745
14.000000000000000	1.176766442065979	-1.690109019915559	0.263376138384521
14.000000000000000	1.308681187224928	-1.598734723186278	0.289032971190382
14.000000000000000	1.434670481668403	-1.498779978685819	0.313362642757038
14.000000000000000	1.554227010974814	-1.390647268891881	0.336267186084097
14.000000000000000	1.666869363197377	-1.274772006062039	0.357654372659596
14.000000000000000	1.772143967340108	-1.151620778982255	0.377438083831670
14.000000000000000	1.869626919728140	-1.021689474178522	0.395538657577966
14.000000000000000	1.958925690918206	-0.885501279156841	0.411883209276493
14.000000000000000	2.039680706276170	-0.743604575711788	0.426405925186269
14.000000000000000	2.111566793857164	-0.596570731786581	0.439048327456027
14.000000000000000	2.174294493758246	-0.444991800776025	0.449759509593884
14.000000000000000	2.227611223671266	-0.289478137536463	0.458496341449815
14.000000000000000	2.271302295942670	-0.130655940702181	0.465223642885547
14.000000000000000	2.305191782044915	0.030835268795475	0.469914325432558
14.000000000000000	2.329143220978548	0.194345222853172	0.472549501367778
14.000000000000000	2.343060168752496	0.359215524595740	0.473118559767785
14.000000000000000	2.346886586729974	0.524782299508008	0.471619209235248
14.000000000000000	2.340607067276295	0.690378868623164	0.468057487125573
14.000000000000000	2.324246895799982	0.855338433003661	0.462447735236611
14.000000000000000	2.297871948937351	1.018996758705187	0.454812542059290
14.000000000000000	2.261588429290543	1.180694851412329	0.445182651821742
14.000000000000000	2.215542437787136	1.339781609976090	0.433596840693144
14.000000000000000	2.159919385383266	1.495616448168414	0.420101760645770
14.000000000000000	2.094943246479153	1.647571874096833	0.404751751603968
14.000000000000000	2.020875657053244	1.795036016892857	0.387608622636457
14.000000000000000	1.938014861146460	1.937415090499996	0.368741403073031
14.000000000000000	1.846694509938717	2.074135784640641	0.348226064547803
14.000000000000000	1.747282318253380	2.204647573334204	0.326145215088253
14.000000000000000	1.640178583899451	2.328424931670938	0.302587766481857
14.000000000000000	1.525814575813579	2.444969451915270	0.277648576259698
14.000000000000000	1.404650797492262	2.553811850417837	0.251428065738670
14.000000000000000	1.277175132706797	2.654513857255117	0.224031815660273
14.000000000000000	1.143900880967537	2.746669980987720	0.195570141054239
14.000000000000000	1.005364690647917	2.829909141431306	0.166157647038835
14.000000000000000	0.862124398090869	2.903896163865511	0.135912767346504
14.000000000000000	0.714756781398752	2.968333128664252	0.104957287433027
14.000000000000000	0.563855237951504	3.022960570912907	0.073415854090470
14.000000000000000	0.410027395004825	3.067558525181960	0.041415473538551
14.000000000000000	0.253892662989686	3.101947411250135	0.009085000015420
14.000000000000000	0.096079741365128	3.125988757210584	-0.023445383072887
14.000000000000000	-0.062775912932551	3.139585757048362	-0.056044687355069
14.000000000000000	-0.222034644250610	3.142683660444102	-0.088581646938502
14.000000000000000	-0.381055173887407	3.135269993234215	-0.120925246970660
14.000000000000000	-0.539197182295400	3.117374607639945	-0.152945251189688
14.000000000000000	-0.695823887421967	3.089069562063018	-0.184512726339856
14.000000000000000	-0.850304608805981	3.050468830931881	-0.215500561340276
14.000000000000000	-1.002017307105439	3.001727845766914	-0.245783979116367
14.000000000000000	-1.150351088830339	2.943042869312547	-0.275241039033088
14.000000000000000	-1.294708666195160	2.874650205256466	-0.303753127906839
14.000000000000000	-1.434508762185959	2.796825246718059	-0.331205437618890
14.000000000000000	-1.569188451157757	2.709881367337528	-0.357487427407152
14.000000000000000	-1.698205425537418	2.614168659430836	-0.382493268974813
14.000000000000000	-1.821040179504856	2.510072524291521	-0.406122272623535
14.000000000000000	-1.937198100859602	2.398012120315706	-0.428279292695335
14.000000000000000	-2.046211462649577	2.278438675199180	-0.448875110690566
14.000000000000000	-2.147641306542438	2.151833669002726	-0.467826794519326
14.000000000000000	-2.241079210355862	2.018706895401847	-0.485058032439716
14.000000000000000	-2.326148932629516	1.879594408927571	-0.500499440338288
14.000000000000000	-2.402507927616633	1.735056366464043	-0.514088841115384
14.000000000000000	-2.469848724594832	1.585674771694463	-0.525771515050369
14.000000000000000	-2.527900165942196	1.432051131577664	-0.535500420138633
14.000000000000000	-2.576428498993314	1.274804034291891	-0.543236381513142
14.000000000000000	-2.615238317278762	1.114566658398529	-0.548948249187801
14.000000000000000	-2.644173347357987	0.951984223255520	-0.552613023487451
14.000000000000000	-2.663117078077299	0.787711390946726	-0.554215947659448
14.000000000000000	-2.671993229719164	0.622409630188783	-0.553750567293893
14.000000000000000	-2.670766061153702	0.456744552830032	-0.551218756313265
14.000000000000000	-2.659440513755604	0.291383233666547	-0.546630709426795
14.000000000000000	-2.638062191506961	0.126991524367348	-0.540004901079974
14.000000000000000	-2.606717177366124	-0.035768627675245	-0.531368011064476
14.000000000000000	-2.565531686642009	-0.196241844774141	-0.520754817088056
14.000000000000000	-2.514671558769600	-0.353781957922101	-0.508208054736998
14.000000000000000	-2.454341589533075	-0.507754608686280	-0.493778245394988
14.000000000000000	-2.384784706425462	-0.657539803545740	-0.477523492811334
14.000000000000000	-2.306280990465366	-0.802534410386534	-0.459509249137676
14.000000000000000	-2.219146548409563	-0.942154587101854	-0.439808051375275
14.000000000000000	-2.123732239902652	-1.075838132518139	-0.418499229294104
14.000000000000000	-2.020422264689104	-1.203046750180776	-0.395668585999868
14.000000000000000	-1.909632615576494	-1.323268215883922	-0.371408052435180
14.000000000000000	-1.791809403379282	-1.436018440216609	-0.345815317206100
14.000000000000000	-1.667427060588016	-1.540843417819938	-0.318993433224599
14.000000000000000	-1.536986430997143	-1.637321055506426	-0.291050402750855
14.000000000000000	-1.401012752983820	-1.725062871880287	-0.262098742506266
14.000000000000000	-1.260053544558345	-1.803715561614912	-0.232255030608330
14.000000000000000	-1.114676398702371	-1.872962418088717	-0.201639437151707
14.000000000000000	-0.965466697872301	-1.932524608650928	-0.170375240325664
14.000000000000000	-0.813025256870748	-1.982162297382255	-0.138588330016316
14.000000000000000	-0.657965903577366	-2.021675610829489	-0.106406700892487
14.000000000000000	-0.500913007280634	-2.050905442825358	-0.073959937016353
14.000000000000000	-0.342498964563098	-2.069734095152900	-0.041378690054160
14.000000000000000	-0.183361652863534	-2.078085751474648	-0.008794153188078
14.000000000000000	-0.024141861969634	-2.075926782618259	0.023662467152444
14.000000000000000	0.134519286216310	-2.063265881989323	0.055860479612657
14.000000000000000	0.291982919249011	-2.040154030566087	0.087670234160471
14.000000000000000	0.447614986654056	-2.006684291617049	0.118963644141376
14.000000000000000	0.600788813025375	-1.962991435968020	0.149614702038193


15.000000000000000	nan	nan	nan
15.000000000000000	nan	nan	nan
15.000000000000000	nan	nan	nan
15.000000000000000	nan	nan	nan
15.000000000000000	nan	nan	nan
15.000000000000000	nan	nan	nan
15.000000000000000	nan	nan	nan
15.000000000000000	nan	nan	nan
15.000000000000000	nan	nan	nan
15.000000000000000	nan	nan	nan
15.000000000000000	nan	nan	nan
15.000000000000000	nan	nan	nan
15.000000000000000	nan	nan	nan
15.000000000000000	nan	nan	nan
15.000000000000000	nan	nan	nan
15.000000000000000	nan	nan	nan
15.000000000000000	nan	nan	nan
15.000000000000000	nan	nan	nan
15.000000000000000	nan	nan	nan
15.000000000000000	nan	nan	nan
15.000000000000000	nan	nan	nan
15.000000000000000	nan	nan	nan
15.000000000000000	nan	nan	nan
15.000000000000000	nan	nan	nan
15.000000000000000	nan	nan	nan
15.000000000000000	nan	nan	nan
15.000000000000000	nan	nan	nan
15.000000000000000	nan	nan	nan
15.000000000000000	nan	nan	nan
15.000000000000000	nan	nan	nan
15.000000000000000	nan	nan	nan
15.000000000000000	nan	nan	nan
15.000000000000000	nan	nan	nan
15.000000000000000	nan	nan	nan
15.000000000000000	nan	nan	nan
15.000000000000000	nan	nan	nan
15.000000000000000	nan	nan	nan
15.000000000000000	nan	nan	nan
15.000000000000000	nan	nan	nan
15.000000000000000	nan	nan	nan
15.000000000000000	nan	nan	nan
15.000000000000000	nan	nan	nan
15.000000000000000	nan	nan	nan
15.000000000000000	nan	nan	nan
15.000000000000000	nan	nan	nan
15.000000000000000	nan	nan	nan
15.000000000000000	nan	nan	nan
15.000000000000000	nan	nan	nan
15.000000000000000	nan	nan	nan
15.000000000000000	nan	nan	nan
15.000000000000000	nan	nan	nan
15.000000000000000	nan	nan	nan
15.000000000000000	nan	nan	nan
15.000000000000000	nan	nan	nan
15.000000000000000	nan	nan	nan
15.000000000000000	nan	nan	nan
15.000000000000000	nan	nan	nan
15.000000000000000	nan	nan	nan
15.000000000000000	nan	nan	nan
15.000000000000000	nan	nan	nan
15.000000000000000	nan	nan	nan
15.000000000000000	nan	nan	nan
15.000000000000000	nan	nan	nan
15.000000000000000	nan	nan	nan
15.000000000000000	nan	nan	nan
15.000000000000000	nan	nan	nan
15.000000000000000	nan	nan	nan
15.000000000000000	nan	nan	nan
15.000000000000000	nan	nan	nan
15.000000000000000	nan	nan	nan
15.000000000000000	nan	nan	nan
15.000000000000000	nan	nan	nan
15.000000000000000	nan	nan	nan
15.000000000000000	nan	nan	nan
15.000000000000000	nan	nan	nan
15.000000000000000	nan	nan	nan
15.000000000000000	nan	nan	nan
15.000000000000000	nan	nan	nan
15.000000000000000	nan	nan	nan
15.000000000000000	nan	nan	nan
15.000000000000000	nan	nan	nan
15.000000000000000	nan	nan	nan
15.000000000000000	nan	nan	nan
15.000000000000000	nan	nan	nan
15.000000000000000	nan	nan	nan
15.000000000000000	nan	nan	nan
15.000000000000000	nan	nan	nan
15.000000000000000	nan	nan	nan
15.000000000000000	nan	nan	nan
15.000000000000000	nan	nan	nan
15.000000000000000	nan	nan	nan
15.000000000000000	nan	nan	nan
15.000000000000000	nan	nan	nan
15.000000000000000	nan	nan	nan
15.000000000000000	nan	nan	nan
15.000000000000000	nan	nan	nan
15.000000000000000	nan	nan	nan
15.000000000000000	nan	nan	nan
15.000000000000000	nan	nan	nan
15.000000000000000	nan	nan	nan


16.000000000000000	0.108334285552696	-0.774350145505170	0.000732739156169
16.000000000000000	0.161828836272930	-0.765119599218111	-0.002497868464382
16.000000000000000	0.214627850926311	-0.752494338134349	-0.005718715033293
16.000000000000000	0.266518726515913	-0.736525199724262	-0.008916831338212
16.000000000000000	0.317292516800299	-0.717276486072018	-0.012079339693531
16.000000000000000	0.366744773646286	-0.694825704953782	-0.015193505794293
16.000000000000000	0.414676370269421	-0.669263257741253	-0.018246789992735
16.000000000000000	0.460894303047261	-0.640692075387251	-0.021226897791028
16.000000000000000	0.505212468676841	-0.609227203959094	-0.024121829346878
16.000000000000000	0.547452413546991	-0.574995341388692	-0.026919927792658
16.000000000000000	0.587444052308044	-0.538134327304694	-0.029609926173498
16.000000000000000	0.625026352745510	-0.498792588000952	-0.032180992815337
16.000000000000000	0.660047984199965	-0.457128538776219	-0.034622774940250
16.000000000000000	0.692367926922209	-0.413309946051657	-0.036925440353432
16.000000000000000	0.721856039910022	-0.367513251834669	-0.039079717033975
16.000000000000000	0.748393584940047	-0.319922863249208	-0.041076930470026
16.000000000000000	0.771873704684710	-0.270730409993378	-0.042909038587980
16.000000000000000	0.792201852988962	-0.220133972714269	-0.044568664135080
16.000000000000000	0.809296175574273	-0.168337285407107	-0.046049124385000
16.000000000000000	0.823087839636928	-0.115548915050360	-0.047344458046834
16.000000000000000	0.833521311013429	-0.061981421780128	-0.048449449269105
16.000000000000000	0.840554577796970	-0.007850502985499	-0.049359648642161
16.000000000000000	0.844159319504563	0.046625875228714	-0.050071391114376
16.000000000000000	0.844321021113621	0.101228355714540	-0.050581810750019
16.000000000000000	0.841039031508837	0.155737073554666	-0.050888852269368
16.000000000000000	0.834326566103992	0.209932541380864	-0.050991279324591
16.000000000000000	0.824210653628147	0.263596533172151	-0.050888679478090
16.000000000000000	0.810732027290495	0.316512962973953	-0.050581465863232
16.000000000000000	0.793944960762101	0.368468754999983	-0.050070875520818
16.000000000000000	0.773917049634983	0.419254701613226	-0.049358964417945
16.000000000000000	0.750728939238525	0.468666305731254	-0.048448599169360
16.000000000000000	0.724473999909193	0.516504604263800	-0.047343445494612
16.000000000000000	0.695257951021150	0.562576969266904	-0.046047953457492
16.000000000000000	0.663198435291645	0.606697883587653	-0.044567339547197
16.000000000000000	0.628424545075315	0.648689687876278	-0.042907565673371
16.000000000000000	0.591076302554833	0.688383295957655	-0.041075315159597
16.000000000000000	0.551304095921000	0.725618875681651	-0.039077965832012
16.000000000000000	0.509268073812577	0.760246492510785	-0.036923560311406
16.000000000000000	0.465137500454243	0.792126713253686	-0.034620773628428
16.000000000000000	0.419090074089302	0.821131167513349	-0.032178878292295
16.000000000000000	0.371311211451572	0.847143064589411	-0.029607706953673
16.000000000000000	0.321993301157644	0.870057663753084	-0.026917612812066
16.000000000000000	0.271334929025823	0.889782696001100	-0.024119427927128
16.000000000000000	0.219540078441125	0.906238735590425	-0.021224419601791
16.000000000000000	0.166817308986188	0.919359519857687	-0.018244245012804
16.000000000000000	0.113378916645431	0.929092216035544	-0.015190904271403
16.000000000000000	0.059440078964065	0.935397633991580	-0.012076692103097
16.000000000000000	0.005217988604055	0.938250384033144	-0.008914148341146
16.000000000000000	-0.049069021214068	0.937638979142680	-0.005716007433078
16.000000000000000	-0.103202355862028	0.933565881231890	-0.002495147163567
16.000000000000000	-0.156964039507221	0.926047491228486	0.000735463199864
16.000000000000000	-0.210137592824460	0.915114083035444	0.003962815129506
16.000000000000000	-0.262508904681809	0.900809681628677	0.007173913218212
16.000000000000000	-0.313867094290547	0.883191885784001	0.010355827507316
16.000000000000000	-0.364005360347674	0.862331636147193	0.013495745551012
16.000000000000000	-0.412721813751765	0.838312929581044	0.016581024007553
16.000000000000000	-0.459820290539132	0.811232480939643	0.019599239549524
16.000000000000000	-0.505111141766864	0.781199333631795	0.022538238888199
16.000000000000000	-0.548411997162192	0.748334420541694	0.025386187710541
16.000000000000000	-0.589548499463206	0.712770077074889	0.028131618331808
16.000000000000000	-0.628355006494013	0.674649508290307	0.030763475871873
16.000000000000000	-0.664675258147313	0.634126212264026	0.033271162769318
16.000000000000000	-0.698363005588705	0.591363362006700	0.035644581454080
16.000000000000000	-0.729282600149123	0.546533148423433	0.037874175006799
16.000000000000000	-0.757309539534152	0.499816086961781	0.039950965641159
16.000000000000000	-0.782330969150820	0.451400290739753	0.041866590854266
16.000000000000000	-0.804246136533220	0.401480713080682	0.043613337099495
16.000000000000000	-0.822966797037124	0.350258362504998	0.045184170846220
16.000000000000000	-0.838417569170024	0.297939493339860	0.046572766901357
16.000000000000000	-0.850536238125793	0.244734775205776	0.047773533878690
16.000000000000000	-0.859274006301756	0.190858444724398	0.048781636713405
16.000000000000000	-0.864595689789409	0.136527442863260	0.049593016131188
16.000000000000000	-0.866479860047602	0.081960541391069	0.050204404993497
16.000000000000000	-0.864918930187712	0.027377461961005	0.050613341453168
16.000000000000000	-0.859919185523364	-0.027002008630826	0.050818178867411
16.000000000000000	-0.851500758261693	-0.080958903449243	0.050818092428253
16.000000000000000	-0.839697546438049	-0.134275957122565	0.050613082483756
16.000000000000000	-0.824557077420577	-0.186738480693571	0.050203974536608
16.000000000000000	-0.806140316534276	-0.238135226096160	0.049592415920120
16.000000000000000	-0.784521421575153	-0.288259236776758	0.048780869164996
16.000000000000000	-0.759787444202956	-0.336908681035310	0.047772602083588
16.000000000000000	-0.732037979414858	-0.383887664730308	0.046571674611571
16.000000000000000	-0.701384764511562	-0.429007020075348	0.045182922460015
16.000000000000000	-0.667951229170620	-0.472085067351053	0.043611937643683
16.000000000000000	-0.631871998438693	-0.512948346465172	0.041865045963961
16.000000000000000	-0.593292350643999	-0.551432315415152	0.039949281537088
16.000000000000000	-0.552367632411761	-0.587382012840708	0.037872358470255
16.000000000000000	-0.509262633138176	-0.620652681998530	0.035642639799615
16.000000000000000	-0.464150921441677	-0.651110353646594	0.033269103815289
16.000000000000000	-0.417214146263369	-0.678632385491018	0.030761307908962
16.000000000000000	-0.368641305430852	-0.703107956023296	0.028129350089636
16.000000000000000	-0.318627984630679	-0.724438510759393	0.025383828322518
16.000000000000000	-0.267375569853820	-0.742538159083874	0.022535797854748
16.000000000000000	-0.215090436485362	-0.757334020101095	0.019596726699826
16.000000000000000	-0.161983118303668	-0.768766516100845	0.016578449459967
16.000000000000000	-0.108267459735158	-0.776789612456761	0.013493119672332
16.000000000000000	-0.054159754778280	-0.781371002991522	0.010353160871028
16.000000000000000	0.000122123936080	-0.782492240062416	0.007171216561920
16.000000000000000	0.054359602440791	-0.780148808843492	0.003960099311692
16.000000000000000	0.108334285552695	-0.774350145505170	0.000732739156169


17.000000000000000	-0.857003296785307	-0.400886587814835	0.084827676891383
17.000000000000000	-0.822749157659936	-0.469734598259660	0.077218923125885
17.000000000000000	-0.784072132179758	-0.536171936554334	0.069189369657436
17.000000000000000	-0.741127959075567	-0.599931082986191	0.060771348663871
17.000000000000000	-0.694089559375573	-0.660755301975943	0.051998756544644
17.000000000000000	-0.643146340113460	-0.718399675861247	0.042906917431987
17.000000000000000	-0.588503431653104	-0.772632091093689	0.033532440953099
17.000000000000000	-0.530380861701001	-0.823234172878122	0.023913074816098
17.000000000000000	-0.469012669332349	-0.870002164490889	0.014087552813322
17.000000000000000	-0.404645962598295	-0.912747747736236	0.004095438854018
17.000000000000000	-0.337539923509029	-0.951298801237222	-0.006023032345552
17.000000000000000	-0.267964764399307	-0.985500093507753	-0.016227117273121
17.000000000000000	-0.196200639878742	-1.015213908014988	-0.026475727680152
17.000000000000000	-0.122536518748080	-1.040320597715212	-0.036727596029719
17.000000000000000	-0.047269020423821	-1.060719066830252	-0.046941441666313
17.000000000000000	0.029298779443478	-1.076327177924494	-0.057076137038467
17.000000000000000	0.106858569347879	-1.087082082643347	-0.067090873304896
17.000000000000000	0.185098043389681	-1.092940474781386	-0.076945324657294
17.000000000000000	0.263702158821054	-1.093878764661153	-0.086599810698130
17.000000000000000	0.342354404611987	-1.089893174120466	-0.096015456219611
17.000000000000000	0.420738075928501	-1.080999751725743	-0.105154347740414
17.000000000000000	0.498537549391232	-1.067234308150089	-0.113979686169899
17.000000000000000	0.575439553979386	-1.048652271976356	-0.122455934985060
17.000000000000000	0.651134432462569	-1.025328466505803	-0.130548963323557
17.000000000000000	0.725317388281165	-0.997356808471066	-0.138226183416655
17.000000000000000	0.797689712854505	-0.964849929866630	-0.145456681808666
17.000000000000000	0.867959988374892	-0.927938724419534	-0.152211343834524
17.000000000000000	0.935845261244263	-0.886771820526534	-0.158462970854267
17.000000000000000	1.001072181428455	-0.841514982780004	-0.164186389772360
17.000000000000000	1.063378103141323	-0.792350444492432	-0.169358554400864
17.000000000000000	1.122512142426616	-0.739476173907184	-0.173958638258304
17.000000000000000	1.178236187379122	-0.683105077050261	-0.177968118430557
17.000000000000000	1.230325856937272	-0.623464140432880	-0.181370850156090
17.000000000000000	1.278571404386480	-0.560793517056902	-0.184153131835218
17.000000000000000	1.322778561935133	-0.495345559403456	-0.186303760201607
17.000000000000000	1.362769322962423	-0.427383803298563	-0.187814075433877
17.000000000000000	1.398382658788184	-0.357181906747381	-0.188677996025644
17.000000000000000	1.429475167078549	-0.285022548009997	-0.188892043273600
17.000000000000000	1.455921649276542	-0.211196287355852	-0.188455355285025
17.000000000000000	1.477615614732471	-0.136000397080081	-0.187369690448322
17.000000000000000	1.494469709504196	-0.059737664492904	-0.185639420352609
17.000000000000000	1.506416068100618	0.017284827298007	-0.183271512184875
17.000000000000000	1.513406586752063	0.094756935902818	-0.180275500675573
17.000000000000000	1.515413117107181	0.172366708483476	-0.176663449705626
17.000000000000000	1.512427579576424	0.249801637877684	-0.172449903729439
17.000000000000000	1.504461995865703	0.326749920954948	-0.167651829209515
17.000000000000000	1.491548440569216	0.402901714137731	-0.162288546298494
17.000000000000000	1.473738912016384	0.477950381032189	-0.156381651043722
17.000000000000000	1.451105122892927	0.551593727144697	-0.149954928427588
17.000000000000000	1.423738211479192	0.623535216712419	-0.143034256593795
17.000000000000000	1.391748374668458	0.693485166748167	-0.135647502645209
17.000000000000000	1.355264424242951	0.761161913491545	-0.127824410432874
17.000000000000000	1.314433268194250	0.826292946569505	-0.119596480788017
17.000000000000000	1.269419319176662	0.888616006299434	-0.110996844679320
17.000000000000000	1.220403832475487	0.947880139716335	-0.102060129806206
17.000000000000000	1.167584176155961	1.003846711071843	-0.092822321165311
17.000000000000000	1.111173036331713	1.056290362736165	-0.083320616151605
17.000000000000000	1.051397560752857	1.104999922633707	-0.073593274777610
17.000000000000000	0.988498444162165	1.149779254558497	-0.063679465613835
17.000000000000000	0.922728959102298	1.190448047945461	-0.053619108070765
17.000000000000000	0.854353936076662	1.226842543917427	-0.043452711657486
17.000000000000000	0.783648697170442	1.258816194684326	-0.033221212864187
17.000000000000000	0.710897947425741	1.286240253639420	-0.022965810325366
17.000000000000000	0.636394628434857	1.309004293776449	-0.012727798927466
17.000000000000000	0.560438738767883	1.327016652340205	-0.002548403528944
17.000000000000000	0.483336125984351	1.340204799920104	0.007531387037684
17.000000000000000	0.405397255093052	1.348515632500515	0.017470985013406
17.000000000000000	0.326935958419029	1.351915685291893	0.027230367145293
17.000000000000000	0.248268171911561	1.350391267481675	0.036770235846013
17.000000000000000	0.169710662981609	1.343948517362349	0.046052177431344
17.000000000000000	0.091579754991250	1.332613377614717	0.055038816798528
17.000000000000000	0.014190053531144	1.316431490845876	0.063693967922609
17.000000000000000	-0.062146820385141	1.295468015802547	0.071982779564794
17.000000000000000	-0.137123485108969	1.269807364999803	0.079871875606083
17.000000000000000	-0.210438036074044	1.239552864821659	0.087329489441125
17.000000000000000	-0.281795261459542	1.204826339462195	0.094325591891126
17.000000000000000	-0.350907830903926	1.165767620382524	0.100832012120749
17.000000000000000	-0.417497452482892	1.122533983258847	0.106822551072131
17.000000000000000	-0.481295993292735	1.075299514688817	0.112273086959238
17.000000000000000	-0.542046559126910	1.024254411206258	0.117161672397785
17.000000000000000	-0.599504528898337	0.969604213426840	0.121468622779606
17.000000000000000	-0.653438539642180	0.911568978408574	0.125176595535626
17.000000000000000	-0.703631418132845	0.850382393559706	0.128270659968262
17.000000000000000	-0.749881055363914	0.786290835661997	0.130738357372074
17.000000000000000	-0.792001220369779	0.719552378798385	0.132569751200576
17.000000000000000	-0.829822310112012	0.650435755179737	0.133757467077199
17.000000000000000	-0.863192032410937	0.579219273055086	0.134296722489306
17.000000000000000	-0.891976019172494	0.506189696062532	0.134185346045677
17.000000000000000	-0.916058367441121	0.431641088533291	0.133423786219943
17.000000000000000	-0.935342106100057	0.355873631398415	0.132015109544734
17.000000000000000	-0.949749586339796	0.279192413466137	0.129964988263836
17.000000000000000	-0.959222794322444	0.201906202936910	0.127281677492072
17.000000000000000	-0.963723584782965	0.124326204102850	0.123975981974860
17.000000000000000	-0.963233834626699	0.046764804237884	0.120061212581324
17.000000000000000	-0.957755515904672	-0.030465684275544	0.115553132706118
17.000000000000000	-0.947310687872839	-0.107054281518211	0.110469894795802
17.000000000000000	-0.931941408167247	-0.182692592240488	0.104831967255342
17.000000000000000	-0.911709563452779	-0.257076047661167	0.098662052029073
17.000000000000000	-0.886696620227397	-0.329905131858446	0.091984993187978
17.000000000000000	-0.857003296785307	-0.400886587814835	0.084827676891383


18.000000000000000	nan	nan	nan
18.000000000000000	nan	nan	nan
18.000000000000000	nan	nan	nan
18.000000000000000	nan	nan	nan
18.000000000000000	nan	nan	nan
18.000000000000000	nan	nan	nan
18.000000000000000	nan	nan	nan
18.000000000000000	nan	nan	nan
18.000000000000000	nan	nan	nan
18.000000000000000	nan	nan	nan
18.000000000000000	nan	nan	nan
18.000000000000000	nan	nan	nan
18.000000000000000	nan	nan	nan
18.000000000000000	nan	nan	nan
18.000000000000000	nan	nan	nan
18.000000000000000	nan	nan	nan
18.000000000000000	nan	nan	nan
18.000000000000000	nan	nan	nan
18.000000000000000	nan	nan	nan
18.000000000000000	nan	nan	nan
18.000000000000000	nan	nan	nan
18.000000000000000	nan	nan	nan
18.000000000000000	nan	nan	nan
18.000000000000000	nan	nan	nan
18.000000000000000	nan	nan	nan
18.000000000000000	nan	nan	nan
18.000000000000000	nan	nan	nan
18.000000000000000	nan	nan	nan
18.000000000000000	nan	nan	nan
18.000000000000000	nan	nan	nan
18.000000000000000	nan	nan	nan
18.000000000000000	nan	nan	nan
18.000000000000000	nan	nan	nan
18.000000000000000	nan	nan	nan
18.000000000000000	nan	nan	nan
18.000000000000000	nan	nan	nan
18.000000000000000	nan	nan	nan
18.000000000000000	nan	nan	nan
18.000000000000000	nan	nan	nan
18.000000000000000	nan	nan	nan
18.000000000000000	nan	nan	nan
18.000000000000000	nan	nan	nan
18.000000000000000	nan	nan	nan
18.000000000000000	nan	nan	nan
18.000000000000000	nan	nan	nan
18.000000000000000	nan	nan	nan
18.000000000000000	nan	nan	nan
18.000000000000000	nan	nan	nan
18.000000000000000	nan	nan	nan
18.000000000000000	nan	nan	nan
18.000000000000000	nan	nan	nan
18.000000000000000	nan	nan	nan
18.000000000000000	nan	nan	nan
18.000000000000000	nan	nan	nan
18.000000000000000	nan	nan	nan
18.000000000000000	nan	nan	nan
18.000000000000000	nan	nan	nan
18.000000000000000	nan	nan	nan
18.000000000000000	nan	nan	nan
18.000000000000000	nan	nan	nan
18.000000000000000	nan	nan	nan
18.000000000000000	nan	nan	nan
18.000000000000000	nan	nan	nan
18.000000000000000	nan	nan	nan
18.000000000000000	nan	nan	nan
18.000000000000000	nan	nan	nan
18.000000000000000	nan	nan	nan
18.000000000000000	nan	nan	nan
18.000000000000000	nan	nan	nan
18.000000000000000	nan	nan	nan
18.000000000000000	nan	nan	nan
18.000000000000000	nan	nan	nan
18.000000000000000	nan	nan	nan
18.000000000000000	nan	nan	nan
18.000000000000000	nan	nan	nan
18.000000000000000	nan	nan	nan
18.000000000000000	nan	nan	nan
18.000000000000000	nan	nan	nan
18.000000000000000	nan	nan	nan
18.000000000000000	nan	nan	nan
18.000000000000000	nan	nan	nan
18.000000000000000	nan	nan	nan
18.000000000000000	nan	nan	nan
18.000000000000000	nan	nan	nan
18.000000000000000	nan	nan	nan
18.000000000000000	nan	nan	nan
18.000000000000000	nan	nan	nan
18.000000000000000	nan	nan	nan
18.000000000000000	nan	nan	nan
18.000000000000000	nan	nan	nan
18.000000000000000	nan	nan	nan
18.000000000000000	nan	nan	nan
18.000000000000000	nan	nan	nan
18.000000000000000	nan	nan	nan
18.000000000000000	nan	nan	nan
18.000000000000000	nan	nan	nan
18.000000000000000	nan	nan	nan
18.000000000000000	nan	nan	nan
18.000000000000000	nan	nan	nan
18.000000000000000	nan	nan	nan


